0 50 17549 
0 50 17554 
0 50 17559 
0 50 17564 
0 50 17569 
0 50 17574 
0 50 17579 
0 50 17584 
0 50 17589 
0 50 17594 
0 50 17599 
0 50 17604 
0 50 17609 
0 50 17614 
0 50 17619 
0 50 17624 
0 50 17629 
0 50 17634 
0 50 17639 
0 50 17644 
0 50 17649 
0 50 17654 
0 50 17659 
0 50 17664 
0 50 17669 
0 50 17674 
0 50 17679 
0 50 17684 
0 50 17689 
0 50 17694 
0 50 17699 
0 50 17704 
0 50 17709 
0 50 17714 
0 50 17719 
0 50 17724 
0 50 17729 
0 50 17734 
0 50 17739 
0 50 17744 
0 50 17749 
0 50 17754 
0 50 17759 
0 50 17764 
0 50 17769 
0 50 17774 
0 50 17779 
0 50 17784 
0 50 17789 
0 50 17794 
0 50 17799 
0 50 17804 
0 50 17809 
0 50 17814 
0 50 17819 
0 50 17824 
0 50 17829 
0 50 17834 
0 50 17839 
0 50 17844 
-1 50 17849 
0 50 17854 
0 50 17859 
0 50 17864 
0 50 17869 
0 50 17874 
0 50 17879 
0 50 17884 
0 50 17889 
0 50 17894 
0 50 17899 
0 50 17904 
0 50 17909 
0 50 17914 
0 50 17919 
0 50 17924 
0 50 17929 
0 50 17934 
0 50 17939 
0 50 17944 
0 50 17949 
0 50 17954 
0 50 17959 
0 50 17964 
0 50 17969 
0 50 17974 
0 50 17979 
0 50 17984 
0 50 17989 
0 50 17994 
0 50 17999 
0 50 18004 
0 50 18009 
0 50 18014 
0 50 18019 
0 50 18024 
0 50 18029 
0 50 18034 
0 50 18039 
0 50 18044 
0 50 18049 
0 50 18054 
0 50 18059 
0 50 18064 
0 50 18069 
0 50 18074 
0 50 18079 
0 50 18084 
0 50 18089 
0 50 18094 
0 50 18099 
0 50 18104 
0 50 18109 
0 50 18114 
0 50 18119 
0 50 18124 
0 50 18129 
0 50 18134 
0 50 18139 
0 50 18144 
0 50 18149 
0 50 18154 
0 50 18159 
0 50 18164 
0 50 18169 
0 50 18174 
0 50 18179 
0 50 18184 
0 50 18189 
0 50 18194 
0 50 18199 
0 50 18204 
0 50 18209 
0 50 18214 
0 50 18219 
0 50 18224 
0 50 18229 
0 50 18234 
0 50 18239 
0 50 18244 
0 50 18249 
0 50 18254 
0 50 18259 
0 50 18264 
0 50 18269 
0 50 18274 
0 50 18279 
0 50 18284 
0 50 18289 
0 50 18294 
0 50 18299 
0 50 18304 
0 50 18309 
0 50 18314 
0 50 18319 
0 50 18324 
0 50 18329 
0 50 18334 
0 50 18339 
0 50 18344 
0 50 18349 
0 50 18354 
0 50 18359 
0 50 18364 
0 50 18369 
0 50 18374 
0 50 18379 
0 50 18384 
0 50 18389 
0 50 18394 
0 50 18399 
0 50 18404 
0 50 18409 
0 50 18414 
0 50 18419 
0 50 18424 
0 50 18429 
0 50 18434 
0 50 18439 
0 50 18444 
0 50 18449 
0 50 18454 
0 50 18459 
0 50 18464 
0 50 18469 
0 50 18474 
0 50 18479 
0 50 18484 
0 50 18489 
0 50 18494 
0 50 18499 
0 50 18504 
0 50 18509 
0 50 18514 
0 50 18519 
0 50 18524 
0 50 18529 
0 50 18534 
0 50 18539 
0 50 18544 
0 50 18549 
0 50 18554 
0 50 18559 
0 50 18564 
0 50 18569 
0 50 18574 
0 50 18579 
0 50 18584 
0 50 18589 
0 50 18594 
0 50 18599 
0 50 18604 
0 50 18609 
0 50 18614 
0 50 18619 
0 50 18624 
0 50 18629 
0 50 18634 
0 50 18639 
0 50 18644 
0 50 18649 
0 50 18654 
0 50 18659 
0 50 18664 
0 50 18669 
0 50 18674 
0 50 18679 
0 50 18684 
0 50 18689 
0 50 18694 
0 50 18699 
0 50 18704 
0 50 18709 
0 50 18714 
0 50 18719 
0 50 18724 
0 50 18729 
0 50 18734 
0 50 18739 
0 50 18744 
0 50 18749 
0 50 18754 
0 50 18759 
0 50 18764 
0 50 18769 
0 50 18774 
0 50 18779 
0 50 18784 
0 50 18789 
0 50 18794 
0 50 18799 
0 50 18804 
0 50 18809 
0 50 18814 
0 50 18819 
0 50 18824 
0 50 18829 
0 50 18834 
0 50 18839 
0 50 18844 
0 50 18849 
0 50 18854 
0 50 18859 
0 50 18864 
0 50 18869 
0 50 18874 
0 50 18879 
0 50 18884 
0 50 18889 
0 50 18894 
0 50 18899 
0 50 18904 
0 50 18909 
0 50 18914 
0 50 18919 
0 50 18924 
0 50 18929 
0 50 18934 
0 50 18939 
1 50 18944 
0 50 18948 
0 50 18953 
0 50 18958 
0 50 18963 
0 50 18968 
1 50 18973 
1 50 18977 
1 50 18981 
1 50 18985 
0 50 18989 
0 50 18994 
0 50 18999 
1 50 19004 
0 50 19008 
0 50 19013 
1 50 19018 
0 50 19022 
1 50 19027 
0 50 19031 
0 50 19036 
0 50 19041 
0 50 19046 
0 50 19051 
0 50 19056 
1 50 19061 
1 50 19065 
1 50 19069 
1 50 19073 
1 50 19077 
1 50 19081 
1 50 19085 
1 50 19089 
1 50 19093 
1 50 19097 
1 50 19101 
1 50 19105 
1 50 19109 
1 50 19113 
1 50 19117 
1 50 19121 
1 50 19125 
1 50 19129 
1 50 19133 
1 50 19137 
1 50 19141 
1 50 19145 
1 50 19149 
1 50 19153 
1 50 19157 
1 50 19161 
1 50 19165 
1 50 19169 
1 50 19173 
1 50 19177 
1 50 19181 
1 50 19185 
1 50 19189 
1 50 19193 
1 50 19197 
1 50 19201 
1 50 19205 
1 50 19209 
1 50 19213 
1 50 19217 
1 50 19221 
0 50 19225 
1 50 19230 
1 50 19234 
1 50 19238 
1 50 19242 
1 50 19246 
1 50 19250 
1 50 19254 
1 50 19258 
1 50 19262 
1 50 19266 
1 50 19270 
1 50 19274 
1 50 19278 
1 50 19282 
1 50 19286 
1 50 19290 
1 50 19294 
1 50 19298 
1 50 19302 
1 50 19306 
1 50 19310 
1 50 19314 
1 50 19318 
1 50 19322 
1 50 19326 
1 50 19330 
1 50 19334 
1 50 19338 
1 50 19342 
1 50 19346 
1 50 19350 
1 50 19354 
1 50 19358 
1 50 19362 
1 50 19366 
1 50 19370 
1 50 19374 
1 50 19378 
2 50 19382 
1 50 19386 
1 50 19390 
1 50 19394 
1 50 19398 
1 50 19402 
1 50 19406 
2 50 19410 
2 50 19414 
2 50 19418 
1 50 19422 
1 50 19426 
1 50 19430 
1 50 19434 
1 50 19438 
1 50 19442 
2 50 19446 
2 50 19450 
2 50 19454 
1 50 19458 
1 50 19462 
1 50 19466 
1 50 19470 
1 50 19474 
2 50 19478 
2 50 19482 
2 50 19486 
2 50 19490 
2 50 19494 
2 50 19498 
1 50 19502 
1 50 19506 
2 50 19510 
2 50 19514 
2 50 19518 
2 50 19522 
1 50 19526 
1 50 19530 
2 50 19534 
2 50 19538 
2 50 19542 
2 50 19546 
2 50 19550 
2 50 19554 
2 50 19558 
2 50 19562 
2 50 19566 
2 50 19570 
2 50 19574 
2 50 19578 
2 50 19582 
2 50 19586 
2 50 19590 
2 50 19594 
2 50 19598 
2 50 19602 
2 50 19606 
2 50 19610 
2 50 19614 
2 50 19618 
2 50 19622 
2 50 19626 
2 50 19630 
2 50 19634 
2 50 19638 
2 50 19642 
2 50 19646 
3 50 19650 
2 50 19654 
2 50 19658 
2 50 19662 
2 50 19666 
2 50 19670 
2 50 19674 
2 50 19678 
3 50 19682 
2 50 19686 
2 50 19690 
2 50 19694 
2 50 19698 
2 50 19702 
3 50 19706 
3 50 19710 
3 50 19714 
3 50 19718 
2 50 19722 
2 50 19726 
2 50 19730 
2 50 19734 
3 50 19738 
2 50 19742 
2 50 19746 
3 50 19750 
3 50 19754 
2 50 19758 
3 50 19762 
3 50 19766 
3 50 19770 
2 50 19774 
2 50 19778 
3 50 19782 
3 50 19786 
3 50 19790 
3 50 19794 
3 50 19798 
3 50 19802 
3 50 19806 
3 50 19810 
3 50 19814 
3 50 19818 
3 50 19822 
3 50 19826 
3 50 19830 
3 50 19834 
3 50 19838 
3 50 19842 
3 50 19846 
3 50 19850 
3 50 19854 
3 50 19858 
3 50 19862 
3 50 19866 
3 50 19870 
3 50 19874 
3 50 19878 
3 50 19882 
3 50 19886 
3 50 19890 
3 50 19894 
3 50 19898 
3 50 19902 
3 50 19906 
3 50 19910 
3 50 19914 
3 50 19918 
3 50 19922 
3 50 19926 
3 50 19930 
3 50 19934 
3 50 19938 
4 50 19942 
3 50 19946 
3 50 19950 
3 50 19954 
3 50 19958 
3 50 19962 
4 50 19966 
4 50 19970 
3 50 19974 
4 50 19978 
3 50 19982 
3 50 19986 
4 50 19990 
4 50 19994 
4 50 19998 
4 50 20002 
4 50 20006 
4 50 20010 
4 50 20014 
4 50 20018 
4 50 20022 
4 50 20026 
4 50 20030 
4 50 20034 
4 50 20038 
4 50 20042 
4 50 20046 
4 50 20050 
4 50 20054 
4 50 20058 
4 50 20062 
4 50 20066 
4 50 20070 
4 50 20074 
4 50 20078 
4 50 20082 
4 50 20086 
4 50 20090 
4 50 20094 
4 50 20098 
4 50 20102 
4 50 20106 
4 50 20110 
4 50 20114 
4 50 20118 
4 50 20122 
4 50 20126 
4 50 20130 
4 50 20134 
4 50 20138 
4 50 20142 
4 50 20146 
4 50 20150 
4 50 20154 
4 50 20158 
4 50 20162 
4 50 20166 
4 50 20170 
5 50 20174 
5 50 20178 
5 50 20182 
5 50 20186 
4 50 20190 
4 50 20194 
5 50 20198 
5 50 20202 
4 50 20206 
4 50 20210 
4 50 20214 
4 50 20218 
5 50 20222 
5 50 20226 
5 50 20230 
5 50 20234 
4 50 20238 
5 50 20242 
5 50 20246 
5 50 20250 
5 50 20254 
5 50 20258 
5 50 20262 
5 50 20266 
5 50 20270 
5 50 20274 
5 50 20278 
5 50 20282 
5 50 20286 
5 50 20290 
5 50 20294 
5 50 20298 
5 50 20302 
5 50 20306 
5 50 20310 
5 50 20314 
5 50 20318 
5 50 20322 
5 50 20326 
5 50 20330 
5 50 20334 
5 50 20338 
5 50 20342 
6 50 20346 
6 50 20350 
5 50 20354 
5 50 20358 
5 50 20362 
5 50 20366 
5 50 20370 
5 50 20374 
5 50 20378 
5 50 20382 
5 50 20386 
6 50 20390 
6 50 20394 
6 50 20398 
5 50 20402 
6 50 20406 
5 50 20410 
5 50 20414 
5 50 20418 
5 50 20422 
5 50 20426 
6 50 20430 
6 50 20434 
6 50 20438 
6 50 20442 
6 50 20446 
6 50 20450 
6 50 20454 
6 50 20458 
6 50 20462 
6 50 20466 
6 50 20470 
6 50 20474 
6 50 20478 
6 50 20482 
6 50 20486 
6 50 20490 
6 50 20494 
6 50 20498 
6 50 20502 
6 50 20506 
6 50 20510 
6 50 20514 
6 50 20518 
6 50 20522 
6 50 20526 
6 50 20530 
6 50 20534 
6 50 20538 
6 50 20542 
6 50 20546 
6 50 20550 
6 50 20554 
6 50 20558 
6 50 20562 
6 50 20566 
6 50 20570 
6 50 20574 
6 50 20578 
6 50 20582 
6 50 20586 
6 50 20590 
6 50 20594 
7 50 20598 
7 50 20602 
7 50 20606 
7 50 20610 
7 50 20614 
7 50 20618 
7 50 20622 
7 50 20626 
7 50 20630 
7 50 20634 
7 50 20638 
7 50 20642 
7 50 20646 
7 50 20650 
7 50 20654 
7 50 20658 
7 50 20662 
7 50 20666 
7 50 20670 
7 50 20674 
7 50 20678 
7 50 20682 
7 50 20686 
7 50 20690 
7 50 20694 
7 50 20698 
7 50 20702 
7 50 20706 
7 50 20710 
7 50 20714 
7 50 20718 
7 50 20722 
7 50 20726 
7 50 20730 
8 50 20734 
7 50 20738 
7 50 20742 
7 50 20746 
7 50 20750 
7 50 20754 
7 50 20758 
7 50 20762 
8 50 20766 
8 50 20770 
8 50 20774 
8 50 20778 
8 50 20782 
8 50 20786 
8 50 20790 
8 50 20794 
8 50 20798 
8 50 20802 
8 50 20806 
8 50 20810 
8 50 20814 
8 50 20818 
8 50 20822 
8 50 20826 
8 50 20830 
8 50 20834 
8 50 20838 
8 50 20842 
8 50 20846 
8 50 20850 
8 50 20854 
8 50 20858 
8 50 20862 
8 50 20866 
8 50 20870 
8 50 20874 
8 50 20878 
8 50 20882 
8 50 20886 
8 50 20890 
8 50 20894 
9 50 20898 
9 50 20902 
8 50 20906 
8 50 20910 
8 50 20914 
9 50 20918 
9 50 20922 
8 50 20926 
9 50 20930 
9 50 20934 
9 50 20938 
9 50 20942 
9 50 20946 
9 50 20950 
9 50 20954 
9 50 20958 
9 50 20962 
8 50 20966 
9 50 20970 
9 50 20974 
9 50 20978 
9 50 20982 
9 50 20986 
9 50 20990 
9 50 20994 
9 50 20998 
9 50 21002 
9 50 21006 
9 50 21010 
9 50 21014 
9 50 21018 
9 50 21022 
9 50 21026 
9 50 21030 
9 50 21034 
9 50 21038 
9 50 21042 
9 50 21046 
9 50 21050 
9 50 21054 
9 50 21058 
9 50 21062 
10 50 21066 
10 50 21070 
10 50 21074 
10 50 21078 
9 50 21082 
10 50 21086 
10 50 21090 
10 50 21094 
10 50 21098 
10 50 21102 
10 50 21106 
10 50 21110 
10 50 21114 
10 50 21118 
10 50 21122 
10 50 21126 
10 50 21130 
10 50 21134 
10 50 21138 
10 50 21142 
10 50 21146 
10 50 21150 
10 50 21154 
10 50 21158 
10 50 21162 
10 50 21166 
10 50 21170 
10 50 21174 
10 50 21178 
10 50 21182 
10 50 21186 
10 50 21190 
10 50 21194 
10 50 21198 
10 50 21202 
10 50 21206 
10 50 21210 
11 50 21214 
11 50 21217 
11 50 21220 
11 50 21223 
10 50 21226 
10 50 21230 
11 50 21234 
11 50 21237 
11 50 21240 
11 50 21243 
11 50 21246 
11 50 21249 
11 50 21252 
11 50 21255 
10 50 21258 
11 50 21262 
11 50 21265 
11 50 21268 
11 50 21271 
11 50 21274 
11 50 21277 
11 50 21280 
11 50 21283 
11 50 21286 
11 50 21289 
11 50 21292 
11 50 21295 
11 50 21298 
11 50 21301 
11 50 21304 
11 50 21307 
11 50 21310 
11 50 21313 
11 50 21316 
11 50 21319 
11 50 21322 
11 50 21325 
11 50 21328 
11 50 21331 
11 50 21334 
11 50 21337 
11 50 21340 
11 50 21343 
11 50 21346 
12 50 21349 
12 50 21352 
12 50 21355 
12 50 21358 
11 50 21361 
11 50 21364 
11 50 21367 
11 50 21370 
11 50 21373 
11 50 21376 
11 50 21379 
12 50 21382 
12 50 21385 
11 50 21388 
12 50 21391 
12 50 21394 
12 50 21397 
12 50 21400 
12 50 21403 
12 50 21406 
12 50 21409 
12 50 21412 
12 50 21415 
12 50 21418 
12 50 21421 
12 50 21424 
12 50 21427 
12 50 21430 
12 50 21433 
12 50 21436 
12 50 21439 
12 50 21442 
12 50 21445 
12 50 21448 
12 50 21451 
12 50 21454 
12 50 21457 
12 50 21460 
12 50 21463 
12 50 21466 
12 50 21469 
12 50 21472 
12 50 21475 
12 50 21478 
12 50 21481 
12 50 21484 
12 50 21487 
12 50 21490 
12 50 21493 
12 50 21496 
12 50 21499 
12 50 21502 
13 50 21505 
13 50 21508 
13 50 21511 
12 50 21514 
12 50 21517 
12 50 21520 
12 50 21523 
13 50 21526 
13 50 21529 
12 50 21532 
12 50 21535 
13 50 21538 
12 50 21541 
12 50 21544 
13 50 21547 
13 50 21550 
13 50 21553 
13 50 21556 
13 50 21559 
13 50 21562 
13 50 21565 
13 50 21568 
12 50 21571 
13 50 21574 
13 50 21577 
13 50 21580 
13 50 21583 
13 50 21586 
13 50 21589 
13 50 21592 
13 50 21595 
13 50 21598 
13 50 21601 
13 50 21604 
13 50 21607 
13 50 21610 
13 50 21613 
13 50 21616 
13 50 21619 
13 50 21622 
13 50 21625 
13 50 21628 
13 50 21631 
13 50 21634 
13 50 21637 
13 50 21640 
13 50 21643 
13 50 21646 
13 50 21649 
13 50 21652 
13 50 21655 
13 50 21658 
13 50 21661 
13 50 21664 
13 50 21667 
13 50 21670 
13 50 21673 
13 50 21676 
13 50 21679 
13 50 21682 
14 50 21685 
14 50 21688 
13 50 21691 
13 50 21694 
13 50 21697 
14 50 21700 
14 50 21703 
14 50 21706 
14 50 21709 
13 50 21712 
14 50 21715 
14 50 21718 
14 50 21721 
14 50 21724 
14 50 21727 
14 50 21730 
14 50 21733 
14 50 21736 
14 50 21739 
14 50 21742 
14 50 21745 
14 50 21748 
14 50 21751 
14 50 21754 
14 50 21757 
14 50 21760 
14 50 21763 
14 50 21766 
14 50 21769 
14 50 21772 
14 50 21775 
14 50 21778 
14 50 21781 
14 50 21784 
14 50 21787 
14 50 21790 
14 50 21793 
14 50 21796 
14 50 21799 
14 50 21802 
14 50 21805 
14 50 21808 
14 50 21811 
14 50 21814 
14 50 21817 
14 50 21820 
14 50 21823 
15 50 21826 
15 50 21829 
14 50 21832 
14 50 21835 
14 50 21838 
14 50 21841 
15 50 21844 
15 50 21847 
14 50 21850 
14 50 21853 
15 50 21856 
15 50 21859 
15 50 21862 
15 50 21865 
15 50 21868 
15 50 21871 
15 50 21874 
15 50 21877 
15 50 21880 
15 50 21883 
15 50 21886 
15 50 21889 
15 50 21892 
15 50 21895 
15 50 21898 
15 50 21901 
15 50 21904 
15 50 21907 
15 50 21910 
15 50 21913 
15 50 21916 
15 50 21919 
15 50 21922 
15 50 21925 
15 50 21928 
15 50 21931 
15 50 21934 
15 50 21937 
15 50 21940 
15 50 21943 
15 50 21946 
15 50 21949 
15 50 21952 
15 50 21955 
15 50 21958 
15 50 21961 
15 50 21964 
15 50 21967 
15 50 21970 
15 50 21973 
15 50 21976 
15 50 21979 
15 50 21982 
15 50 21985 
15 50 21988 
16 50 21991 
15 50 21994 
15 50 21997 
15 50 22000 
15 50 22003 
15 50 22006 
15 50 22009 
15 50 22012 
15 50 22015 
15 50 22018 
16 50 22021 
16 50 22024 
16 50 22027 
16 50 22030 
16 50 22033 
16 50 22036 
15 50 22039 
16 50 22042 
16 50 22045 
16 50 22048 
16 50 22051 
16 50 22054 
16 50 22057 
16 50 22060 
16 50 22063 
16 50 22066 
16 50 22069 
16 50 22072 
16 50 22075 
16 50 22078 
16 50 22081 
16 50 22084 
16 50 22087 
16 50 22090 
16 50 22093 
16 50 22096 
16 50 22099 
16 50 22102 
16 50 22105 
16 50 22108 
16 50 22111 
16 50 22114 
16 50 22117 
16 50 22120 
16 50 22123 
16 50 22126 
16 50 22129 
16 50 22132 
16 50 22135 
16 50 22138 
16 50 22141 
16 50 22144 
16 50 22147 
16 50 22150 
16 50 22153 
16 50 22156 
16 50 22159 
17 50 22162 
17 50 22165 
17 50 22168 
17 50 22171 
17 50 22174 
17 50 22177 
17 50 22180 
16 50 22183 
16 50 22186 
17 50 22189 
17 50 22192 
17 50 22195 
17 50 22198 
17 50 22201 
17 50 22204 
17 50 22207 
17 50 22210 
17 50 22213 
17 50 22216 
17 50 22219 
17 50 22222 
17 50 22225 
17 50 22228 
17 50 22231 
17 50 22234 
17 50 22237 
17 50 22240 
17 50 22243 
17 50 22246 
17 50 22249 
17 50 22252 
17 50 22255 
17 50 22258 
17 50 22261 
17 50 22264 
17 50 22267 
17 50 22270 
17 50 22273 
17 50 22276 
17 50 22279 
17 50 22282 
17 50 22285 
17 50 22288 
17 50 22291 
17 50 22294 
17 50 22297 
18 50 22300 
18 50 22303 
18 50 22306 
18 50 22309 
18 50 22312 
18 50 22315 
18 50 22318 
17 50 22321 
18 50 22324 
18 50 22327 
18 50 22330 
18 50 22333 
17 50 22336 
18 50 22339 
18 50 22342 
18 50 22345 
18 50 22348 
17 50 22351 
18 50 22354 
18 50 22357 
18 50 22360 
18 50 22363 
18 50 22366 
18 50 22369 
18 50 22372 
18 50 22375 
18 50 22378 
18 50 22381 
18 50 22384 
18 50 22387 
18 50 22390 
18 50 22393 
18 50 22396 
18 50 22399 
18 50 22402 
18 50 22405 
18 50 22408 
18 50 22411 
18 50 22414 
18 50 22417 
18 50 22420 
18 50 22423 
18 50 22426 
18 50 22429 
18 50 22432 
18 50 22435 
18 50 22438 
18 50 22441 
18 50 22444 
18 50 22447 
19 50 22450 
18 50 22453 
18 50 22456 
19 50 22459 
18 50 22462 
18 50 22465 
19 50 22468 
19 50 22471 
19 50 22474 
18 50 22477 
18 50 22480 
19 50 22483 
19 50 22486 
19 50 22489 
19 50 22492 
19 50 22495 
19 50 22498 
19 50 22501 
19 50 22504 
19 50 22507 
19 50 22510 
19 50 22513 
19 50 22516 
19 50 22519 
19 50 22522 
19 50 22525 
19 50 22528 
19 50 22531 
19 50 22534 
19 50 22537 
19 50 22540 
19 50 22543 
19 50 22546 
19 50 22549 
19 50 22552 
19 50 22555 
19 50 22558 
19 50 22561 
19 50 22564 
19 50 22567 
19 50 22570 
19 50 22573 
19 50 22576 
19 50 22579 
20 50 22582 
20 50 22585 
20 50 22588 
20 50 22591 
20 50 22594 
20 50 22597 
20 50 22600 
19 50 22603 
20 50 22606 
20 50 22609 
20 50 22612 
20 50 22615 
20 50 22618 
19 50 22621 
19 50 22624 
20 50 22627 
20 50 22630 
20 50 22633 
20 50 22636 
20 50 22639 
20 50 22642 
20 50 22645 
20 50 22648 
20 50 22651 
20 50 22654 
20 50 22657 
20 50 22660 
20 50 22663 
20 50 22666 
20 50 22669 
20 50 22672 
20 50 22675 
20 50 22678 
20 50 22681 
20 50 22684 
20 50 22687 
20 50 22690 
20 50 22693 
20 50 22696 
20 50 22699 
20 50 22702 
20 50 22705 
20 50 22708 
20 50 22711 
20 50 22714 
20 50 22717 
20 50 22720 
20 50 22723 
20 50 22726 
20 50 22729 
20 50 22732 
21 50 22735 
20 50 22737 
20 50 22740 
20 50 22743 
20 50 22746 
21 50 22749 
21 50 22751 
20 50 22753 
21 50 22756 
21 50 22758 
21 50 22760 
20 50 22762 
20 50 22765 
21 50 22768 
21 50 22770 
21 50 22772 
21 50 22774 
20 50 22776 
21 50 22779 
21 50 22781 
21 50 22783 
21 50 22785 
21 50 22787 
21 50 22789 
21 50 22791 
21 50 22793 
21 50 22795 
21 50 22797 
21 50 22799 
21 50 22801 
21 50 22803 
21 50 22805 
21 50 22807 
21 50 22809 
21 50 22811 
21 50 22813 
21 50 22815 
21 50 22817 
21 50 22819 
21 50 22821 
21 50 22823 
21 50 22825 
21 50 22827 
21 50 22829 
21 50 22831 
21 50 22833 
21 50 22835 
21 50 22837 
21 50 22839 
21 50 22841 
21 50 22843 
21 50 22845 
21 50 22847 
21 50 22849 
21 50 22851 
21 50 22853 
21 50 22855 
21 50 22857 
21 50 22859 
21 50 22861 
21 50 22863 
21 50 22865 
21 50 22867 
21 50 22869 
21 50 22871 
21 50 22873 
21 50 22875 
21 50 22877 
21 50 22879 
21 50 22881 
21 50 22883 
21 50 22885 
21 50 22887 
21 50 22889 
21 50 22891 
22 50 22893 
21 50 22895 
22 50 22897 
21 50 22899 
21 50 22901 
22 50 22903 
22 50 22905 
22 50 22907 
21 50 22909 
21 50 22911 
22 50 22913 
22 50 22915 
22 50 22917 
22 50 22919 
21 50 22921 
21 50 22923 
22 50 22925 
22 50 22927 
21 50 22929 
21 50 22931 
22 50 22933 
22 50 22935 
22 50 22937 
22 50 22939 
21 50 22941 
21 50 22943 
22 50 22945 
22 50 22947 
21 50 22949 
22 50 22951 
22 50 22953 
22 50 22955 
22 50 22957 
21 50 22959 
22 50 22961 
22 50 22963 
22 50 22965 
22 50 22967 
22 50 22969 
22 50 22971 
22 50 22973 
22 50 22975 
22 50 22977 
22 50 22979 
22 50 22981 
22 50 22983 
22 50 22985 
22 50 22987 
22 50 22989 
22 50 22991 
22 50 22993 
22 50 22995 
22 50 22997 
22 50 22999 
22 50 23001 
22 50 23003 
22 50 23005 
22 50 23007 
22 50 23009 
22 50 23011 
22 50 23013 
22 50 23015 
22 50 23017 
22 50 23019 
22 50 23021 
22 50 23023 
22 50 23025 
22 50 23027 
22 50 23029 
22 50 23031 
22 50 23033 
22 50 23035 
22 50 23037 
22 50 23039 
22 50 23041 
22 50 23043 
22 50 23045 
23 50 23047 
23 50 23049 
23 50 23051 
23 50 23053 
22 50 23055 
22 50 23057 
22 50 23059 
22 50 23061 
22 50 23063 
22 50 23065 
22 50 23067 
22 50 23069 
22 50 23071 
22 50 23073 
22 50 23075 
22 50 23077 
22 50 23079 
22 50 23081 
22 50 23083 
23 50 23085 
23 50 23087 
22 50 23089 
23 50 23091 
23 50 23093 
22 50 23095 
22 50 23097 
23 50 23099 
23 50 23101 
23 50 23103 
22 50 23105 
22 50 23107 
23 50 23109 
23 50 23111 
23 50 23113 
23 50 23115 
23 50 23117 
23 50 23119 
23 50 23121 
23 50 23123 
23 50 23125 
23 50 23127 
23 50 23129 
23 50 23131 
23 50 23133 
23 50 23135 
23 50 23137 
23 50 23139 
23 50 23141 
23 50 23143 
23 50 23145 
23 50 23147 
23 50 23149 
23 50 23151 
23 50 23153 
23 50 23155 
23 50 23157 
23 50 23159 
23 50 23161 
23 50 23163 
23 50 23165 
23 50 23167 
23 50 23169 
23 50 23171 
23 50 23173 
23 50 23175 
23 50 23177 
23 50 23179 
23 50 23181 
23 50 23183 
23 50 23185 
23 50 23187 
23 50 23189 
23 50 23191 
23 50 23193 
23 50 23195 
23 50 23197 
23 50 23199 
23 50 23201 
23 50 23203 
23 50 23205 
23 50 23207 
23 50 23209 
23 50 23211 
23 50 23213 
23 50 23215 
23 50 23217 
23 50 23219 
24 50 23221 
23 50 23223 
23 50 23225 
24 50 23227 
23 50 23229 
23 50 23231 
23 50 23233 
23 50 23235 
23 50 23237 
24 50 23239 
24 50 23241 
24 50 23243 
24 50 23245 
24 50 23247 
24 50 23249 
24 50 23251 
24 50 23253 
24 50 23255 
23 50 23257 
24 50 23259 
24 50 23261 
24 50 23263 
24 50 23265 
24 50 23267 
24 50 23269 
24 50 23271 
24 50 23273 
24 50 23275 
24 50 23277 
23 50 23279 
24 50 23281 
24 50 23283 
24 50 23285 
24 50 23287 
24 50 23289 
24 50 23291 
24 50 23293 
24 50 23295 
24 50 23297 
24 50 23299 
24 50 23301 
24 50 23303 
24 50 23305 
24 50 23307 
24 50 23309 
24 50 23311 
24 50 23313 
24 50 23315 
24 50 23317 
24 50 23319 
24 50 23321 
24 50 23323 
24 50 23325 
24 50 23327 
24 50 23329 
24 50 23331 
24 50 23333 
24 50 23335 
24 50 23337 
24 50 23339 
24 50 23341 
24 50 23343 
24 50 23345 
24 50 23347 
24 50 23349 
24 50 23351 
24 50 23353 
24 50 23355 
24 50 23357 
24 50 23359 
24 50 23361 
24 50 23363 
24 50 23365 
24 50 23367 
24 50 23369 
24 50 23371 
24 50 23373 
24 50 23375 
24 50 23377 
25 50 23379 
24 50 23381 
24 50 23383 
24 50 23385 
24 50 23387 
24 50 23389 
24 50 23391 
24 50 23393 
25 50 23395 
24 50 23397 
25 50 23399 
25 50 23401 
25 50 23403 
25 50 23405 
25 50 23407 
24 50 23409 
24 50 23411 
24 50 23413 
25 50 23415 
25 50 23417 
25 50 23419 
25 50 23421 
25 50 23423 
25 50 23425 
25 50 23427 
25 50 23429 
25 50 23431 
25 50 23433 
25 50 23435 
25 50 23437 
25 50 23439 
25 50 23441 
25 50 23443 
25 50 23445 
25 50 23447 
25 50 23449 
25 50 23451 
25 50 23453 
25 50 23455 
25 50 23457 
25 50 23459 
25 50 23461 
25 50 23463 
25 50 23465 
25 50 23467 
25 50 23469 
25 50 23471 
25 50 23473 
25 50 23475 
25 50 23477 
25 50 23479 
25 50 23481 
25 50 23483 
25 50 23485 
25 50 23487 
25 50 23489 
25 50 23491 
25 50 23493 
25 50 23495 
25 50 23497 
25 50 23499 
25 50 23501 
25 50 23503 
25 50 23505 
25 50 23507 
25 50 23509 
25 50 23511 
25 50 23513 
25 50 23515 
25 50 23517 
25 50 23519 
25 50 23521 
25 50 23523 
25 50 23525 
25 50 23527 
25 50 23529 
25 50 23531 
25 50 23533 
25 50 23535 
25 50 23537 
25 50 23539 
26 50 23541 
26 50 23543 
25 50 23545 
25 50 23547 
25 50 23549 
25 50 23551 
25 50 23553 
26 50 23555 
26 50 23557 
26 50 23559 
26 50 23561 
26 50 23563 
26 50 23565 
26 50 23567 
25 50 23569 
26 50 23571 
26 50 23573 
26 50 23575 
25 50 23577 
26 50 23579 
26 50 23581 
26 50 23583 
26 50 23585 
26 50 23587 
26 50 23589 
26 50 23591 
26 50 23593 
26 50 23595 
26 50 23597 
26 50 23599 
26 50 23601 
26 50 23603 
26 50 23605 
26 50 23607 
26 50 23609 
26 50 23611 
26 50 23613 
26 50 23615 
26 50 23617 
26 50 23619 
26 50 23621 
26 50 23623 
26 50 23625 
26 50 23627 
26 50 23629 
26 50 23631 
26 50 23633 
26 50 23635 
26 50 23637 
26 50 23639 
26 50 23641 
26 50 23643 
27 50 23645 
26 50 23647 
26 50 23649 
26 50 23651 
26 50 23653 
26 50 23655 
27 50 23657 
26 50 23659 
26 50 23661 
27 50 23663 
27 50 23665 
27 50 23667 
27 50 23669 
27 50 23671 
27 50 23673 
27 50 23675 
27 50 23677 
27 50 23679 
27 50 23681 
26 50 23683 
27 50 23685 
27 50 23687 
27 50 23689 
27 50 23691 
27 50 23693 
27 50 23695 
26 50 23697 
26 50 23699 
27 50 23701 
27 50 23703 
27 50 23705 
27 50 23707 
27 50 23709 
27 50 23711 
27 50 23713 
27 50 23715 
27 50 23717 
27 50 23719 
27 50 23721 
27 50 23723 
27 50 23725 
27 50 23727 
27 50 23729 
27 50 23731 
27 50 23733 
27 50 23735 
27 50 23737 
27 50 23739 
27 50 23741 
27 50 23743 
27 50 23745 
27 50 23747 
27 50 23749 
27 50 23751 
27 50 23753 
27 50 23755 
27 50 23757 
27 50 23759 
27 50 23761 
27 50 23763 
27 50 23765 
27 50 23767 
27 50 23769 
27 50 23771 
27 50 23773 
27 50 23775 
27 50 23777 
27 50 23779 
27 50 23781 
27 50 23783 
27 50 23785 
27 50 23787 
27 50 23789 
27 50 23791 
27 50 23793 
27 50 23795 
27 50 23797 
27 50 23799 
27 50 23801 
28 50 23803 
27 50 23805 
27 50 23807 
27 50 23809 
27 50 23811 
27 50 23813 
27 50 23815 
27 50 23817 
27 50 23819 
27 50 23821 
27 50 23823 
27 50 23825 
28 50 23827 
28 50 23829 
28 50 23831 
28 50 23833 
28 50 23835 
28 50 23837 
27 50 23839 
27 50 23841 
27 50 23843 
27 50 23845 
28 50 23847 
28 50 23849 
28 50 23851 
28 50 23853 
28 50 23855 
28 50 23857 
28 50 23859 
28 50 23861 
28 50 23863 
27 50 23865 
28 50 23867 
28 50 23869 
28 50 23871 
28 50 23873 
28 50 23875 
28 50 23877 
28 50 23879 
28 50 23881 
28 50 23883 
28 50 23885 
28 50 23887 
28 50 23889 
28 50 23891 
28 50 23893 
28 50 23895 
28 50 23897 
28 50 23899 
28 50 23901 
28 50 23903 
28 50 23905 
28 50 23907 
28 50 23909 
28 50 23911 
28 50 23913 
28 50 23915 
28 50 23917 
28 50 23919 
28 50 23921 
28 50 23923 
28 50 23925 
28 50 23927 
28 50 23929 
28 50 23931 
28 50 23933 
28 50 23935 
28 50 23937 
28 50 23939 
28 50 23941 
28 50 23943 
28 50 23945 
28 50 23947 
28 50 23949 
28 50 23951 
28 50 23953 
28 50 23955 
29 50 23957 
28 50 23959 
28 50 23961 
28 50 23963 
29 50 23965 
28 50 23967 
28 50 23969 
29 50 23971 
29 50 23973 
29 50 23975 
28 50 23977 
29 50 23979 
29 50 23981 
29 50 23983 
28 50 23985 
29 50 23987 
29 50 23989 
29 50 23991 
29 50 23993 
29 50 23995 
28 50 23997 
29 50 23999 
29 50 24001 
29 50 24003 
29 50 24005 
29 50 24007 
29 50 24009 
29 50 24011 
29 50 24013 
29 50 24015 
29 50 24017 
29 50 24019 
29 50 24021 
29 50 24023 
29 50 24025 
29 50 24027 
29 50 24029 
29 50 24031 
29 50 24033 
29 50 24035 
29 50 24037 
29 50 24039 
29 50 24041 
29 50 24043 
29 50 24045 
29 50 24047 
29 50 24049 
29 50 24051 
30 50 24053 
29 50 24055 
29 50 24057 
29 50 24059 
29 50 24061 
29 50 24063 
29 50 24065 
29 50 24067 
29 50 24069 
29 50 24071 
29 50 24073 
30 50 24075 
29 50 24077 
30 50 24079 
30 50 24081 
30 50 24083 
29 50 24085 
30 50 24087 
29 50 24089 
29 50 24091 
30 50 24093 
30 50 24095 
30 50 24097 
30 50 24099 
30 50 24101 
30 50 24103 
30 50 24105 
30 50 24107 
30 50 24109 
30 50 24111 
30 50 24113 
30 50 24115 
30 50 24117 
30 50 24119 
30 50 24121 
30 50 24123 
30 50 24125 
30 50 24127 
30 50 24129 
30 50 24131 
30 50 24133 
30 50 24135 
30 50 24137 
30 50 24139 
30 50 24141 
30 50 24143 
30 50 24145 
30 50 24147 
30 50 24149 
30 50 24151 
30 50 24153 
30 50 24155 
30 50 24157 
30 50 24159 
30 50 24161 
30 50 24163 
30 50 24165 
30 50 24167 
30 50 24169 
30 50 24171 
31 50 24173 
30 50 24174 
30 50 24176 
30 50 24178 
30 50 24180 
30 50 24182 
30 50 24184 
31 50 24186 
30 50 24187 
30 50 24189 
30 50 24191 
30 50 24193 
30 50 24195 
30 50 24197 
30 50 24199 
30 50 24201 
30 50 24203 
30 50 24205 
30 50 24207 
30 50 24209 
30 50 24211 
31 50 24213 
30 50 24214 
30 50 24216 
31 50 24218 
31 50 24219 
31 50 24220 
31 50 24221 
31 50 24222 
31 50 24223 
30 50 24224 
30 50 24226 
31 50 24228 
31 50 24229 
31 50 24230 
31 50 24231 
30 50 24232 
31 50 24234 
31 50 24235 
31 50 24236 
31 50 24237 
30 50 24238 
30 50 24240 
30 50 24242 
31 50 24244 
31 50 24245 
31 50 24246 
31 50 24247 
31 50 24248 
31 50 24249 
31 50 24250 
30 50 24251 
31 50 24253 
31 50 24254 
31 50 24255 
31 50 24256 
31 50 24257 
31 50 24258 
31 50 24259 
31 50 24260 
31 50 24261 
31 50 24262 
31 50 24263 
31 50 24264 
31 50 24265 
31 50 24266 
31 50 24267 
31 50 24268 
31 50 24269 
31 50 24270 
31 50 24271 
31 50 24272 
31 50 24273 
31 50 24274 
31 50 24275 
31 50 24276 
31 50 24277 
31 50 24278 
31 50 24279 
31 50 24280 
31 50 24281 
31 50 24282 
31 50 24283 
31 50 24284 
31 50 24285 
31 50 24286 
31 50 24287 
31 50 24288 
31 50 24289 
31 50 24290 
31 50 24291 
31 50 24292 
31 50 24293 
31 50 24294 
31 50 24295 
31 50 24296 
31 50 24297 
31 50 24298 
31 50 24299 
31 50 24300 
31 50 24301 
31 50 24302 
31 50 24303 
31 50 24304 
31 50 24305 
31 50 24306 
31 50 24307 
31 50 24308 
31 50 24309 
31 50 24310 
31 50 24311 
31 50 24312 
31 50 24313 
31 50 24314 
30 50 24315 
31 50 24317 
31 50 24318 
31 50 24319 
31 50 24320 
31 50 24321 
30 50 24322 
31 50 24324 
31 50 24325 
31 50 24326 
31 50 24327 
31 50 24328 
31 50 24329 
31 50 24330 
31 50 24331 
31 50 24332 
31 50 24333 
31 50 24334 
31 50 24335 
31 50 24336 
31 50 24337 
31 50 24338 
31 50 24339 
31 50 24340 
31 50 24341 
31 50 24342 
31 50 24343 
31 50 24344 
30 50 24345 
31 50 24347 
30 50 24348 
30 50 24350 
30 50 24352 
30 50 24354 
31 50 24356 
31 50 24357 
31 50 24358 
31 50 24359 
31 50 24360 
31 50 24361 
31 50 24362 
31 50 24363 
31 50 24364 
31 50 24365 
31 50 24366 
31 50 24367 
31 50 24368 
31 50 24369 
31 50 24370 
31 50 24371 
31 50 24372 
31 50 24373 
31 50 24374 
31 50 24375 
31 50 24376 
31 50 24377 
31 50 24378 
31 50 24379 
31 50 24380 
31 50 24381 
31 50 24382 
31 50 24383 
31 50 24384 
31 50 24385 
31 50 24386 
31 50 24387 
31 50 24388 
31 50 24389 
31 50 24390 
30 50 24391 
31 50 24393 
31 50 24394 
30 50 24395 
31 50 24397 
31 50 24398 
31 50 24399 
31 50 24400 
31 50 24401 
31 50 24402 
30 50 24403 
31 50 24405 
31 50 24406 
31 50 24407 
31 50 24408 
31 50 24409 
31 50 24410 
31 50 24411 
31 50 24412 
31 50 24413 
31 50 24414 
31 50 24415 
31 50 24416 
31 50 24417 
31 50 24418 
31 50 24419 
31 50 24420 
31 50 24421 
30 50 24422 
31 50 24424 
31 50 24425 
30 50 24426 
30 50 24428 
31 50 24430 
31 50 24431 
31 50 24432 
30 50 24433 
30 50 24435 
30 50 24437 
31 50 24439 
31 50 24440 
31 50 24441 
31 50 24442 
31 50 24443 
31 50 24444 
31 50 24445 
31 50 24446 
31 50 24447 
31 50 24448 
31 50 24449 
31 50 24450 
31 50 24451 
31 50 24452 
31 50 24453 
31 50 24454 
31 50 24455 
31 50 24456 
31 50 24457 
31 50 24458 
31 50 24459 
31 50 24460 
31 50 24461 
31 50 24462 
31 50 24463 
31 50 24464 
30 50 24465 
31 50 24467 
31 50 24468 
31 50 24469 
31 50 24470 
31 50 24471 
31 50 24472 
31 50 24473 
31 50 24474 
31 50 24475 
31 50 24476 
31 50 24477 
31 50 24478 
31 50 24479 
31 50 24480 
31 50 24481 
31 50 24482 
31 50 24483 
31 50 24484 
31 50 24485 
31 50 24486 
31 50 24487 
31 50 24488 
31 50 24489 
31 50 24490 
30 50 24491 
31 50 24493 
31 50 24494 
31 50 24495 
31 50 24496 
31 50 24497 
31 50 24498 
31 50 24499 
30 50 24500 
31 50 24502 
31 50 24503 
31 50 24504 
31 50 24505 
31 50 24506 
31 50 24507 
31 50 24508 
31 50 24509 
31 50 24510 
31 50 24511 
31 50 24512 
31 50 24513 
31 50 24514 
31 50 24515 
31 50 24516 
31 50 24517 
31 50 24518 
31 50 24519 
31 50 24520 
31 50 24521 
31 50 24522 
31 50 24523 
31 50 24524 
31 50 24525 
31 50 24526 
31 50 24527 
31 50 24528 
31 50 24529 
31 50 24530 
31 50 24531 
31 50 24532 
31 50 24533 
31 50 24534 
31 50 24535 
31 50 24536 
31 50 24537 
31 50 24538 
31 50 24539 
31 50 24540 
31 50 24541 
31 50 24542 
31 50 24543 
31 50 24544 
31 50 24545 
31 50 24546 
30 50 24547 
31 50 24549 
31 50 24550 
30 50 24551 
31 50 24553 
31 50 24554 
31 50 24555 
31 50 24556 
31 50 24557 
31 50 24558 
31 50 24559 
31 50 24560 
31 50 24561 
31 50 24562 
31 50 24563 
31 50 24564 
31 50 24565 
31 50 24566 
31 50 24567 
31 50 24568 
31 50 24569 
31 50 24570 
31 50 24571 
31 50 24572 
31 50 24573 
30 50 24574 
31 50 24576 
31 50 24577 
31 50 24578 
31 50 24579 
31 50 24580 
31 50 24581 
31 50 24582 
31 50 24583 
31 50 24584 
31 50 24585 
31 50 24586 
31 50 24587 
30 50 24588 
31 50 24590 
31 50 24591 
31 50 24592 
31 50 24593 
31 50 24594 
31 50 24595 
31 50 24596 
31 50 24597 
31 50 24598 
31 50 24599 
30 50 24600 
31 50 24602 
31 50 24603 
31 50 24604 
31 50 24605 
31 50 24606 
31 50 24607 
31 50 24608 
31 50 24609 
31 50 24610 
31 50 24611 
31 50 24612 
30 50 24613 
30 50 24615 
31 50 24617 
31 50 24618 
31 50 24619 
31 50 24620 
31 50 24621 
31 50 24622 
31 50 24623 
31 50 24624 
31 50 24625 
31 50 24626 
31 50 24627 
31 50 24628 
31 50 24629 
31 50 24630 
31 50 24631 
31 50 24632 
31 50 24633 
31 50 24634 
30 50 24635 
31 50 24637 
31 50 24638 
31 50 24639 
31 50 24640 
31 50 24641 
31 50 24642 
31 50 24643 
31 50 24644 
31 50 24645 
31 50 24646 
31 50 24647 
31 50 24648 
31 50 24649 
31 50 24650 
31 50 24651 
31 50 24652 
31 50 24653 
31 50 24654 
31 50 24655 
31 50 24656 
31 50 24657 
31 50 24658 
31 50 24659 
31 50 24660 
31 50 24661 
31 50 24662 
31 50 24663 
31 50 24664 
31 50 24665 
31 50 24666 
31 50 24667 
31 50 24668 
31 50 24669 
31 50 24670 
31 50 24671 
31 50 24672 
31 50 24673 
31 50 24674 
31 50 24675 
31 50 24676 
31 50 24677 
31 50 24678 
31 50 24679 
31 50 24680 
31 50 24681 
31 50 24682 
31 50 24683 
31 50 24684 
31 50 24685 
31 50 24686 
31 50 24687 
31 50 24688 
31 50 24689 
31 50 24690 
31 50 24691 
31 50 24692 
31 50 24693 
31 50 24694 
31 50 24695 
31 50 24696 
