0 50 17549 
0 50 17554 
0 50 17559 
0 50 17564 
0 50 17569 
0 50 17574 
0 50 17579 
0 50 17584 
0 50 17589 
0 50 17594 
0 50 17599 
0 50 17604 
0 50 17609 
0 50 17614 
0 50 17619 
0 50 17624 
0 50 17629 
0 50 17634 
0 50 17639 
0 50 17644 
0 50 17649 
0 50 17654 
0 50 17659 
0 50 17664 
0 50 17669 
0 50 17674 
0 50 17679 
0 50 17684 
0 50 17689 
0 50 17694 
0 50 17699 
0 50 17704 
0 50 17709 
0 50 17714 
0 50 17719 
0 50 17724 
0 50 17729 
0 50 17734 
0 50 17739 
0 50 17744 
0 50 17749 
0 50 17754 
0 50 17759 
0 50 17764 
0 50 17769 
0 50 17774 
0 50 17779 
0 50 17784 
0 50 17789 
0 50 17794 
0 50 17799 
0 50 17804 
0 50 17809 
0 50 17814 
0 50 17819 
0 50 17824 
0 50 17829 
0 50 17834 
0 50 17839 
0 50 17844 
-1 50 17849 
0 50 17854 
0 50 17859 
0 50 17864 
0 50 17869 
0 50 17874 
0 50 17879 
0 50 17884 
0 50 17889 
0 50 17894 
0 50 17899 
0 50 17904 
0 50 17909 
0 50 17914 
0 50 17919 
0 50 17924 
0 50 17929 
0 50 17934 
0 50 17939 
0 50 17944 
0 50 17949 
0 50 17954 
0 50 17959 
0 50 17964 
0 50 17969 
0 50 17974 
0 50 17979 
0 50 17984 
0 50 17989 
0 50 17994 
0 50 17999 
0 50 18004 
0 50 18009 
0 50 18014 
0 50 18019 
0 50 18024 
0 50 18029 
0 50 18034 
0 50 18039 
0 50 18044 
0 50 18049 
0 50 18054 
0 50 18059 
0 50 18064 
0 50 18069 
0 50 18074 
0 50 18079 
0 50 18084 
0 50 18089 
0 50 18094 
0 50 18099 
0 50 18104 
0 50 18109 
0 50 18114 
0 50 18119 
0 50 18124 
0 50 18129 
0 50 18134 
0 50 18139 
0 50 18144 
0 50 18149 
0 50 18154 
0 50 18159 
0 50 18164 
0 50 18169 
0 50 18174 
0 50 18179 
0 50 18184 
0 50 18189 
0 50 18194 
0 50 18199 
0 50 18204 
0 50 18209 
0 50 18214 
0 50 18219 
0 50 18224 
0 50 18229 
0 50 18234 
0 50 18239 
0 50 18244 
0 50 18249 
0 50 18254 
0 50 18259 
0 50 18264 
0 50 18269 
0 50 18274 
0 50 18279 
0 50 18284 
0 50 18289 
0 50 18294 
0 50 18299 
0 50 18304 
0 50 18309 
0 50 18314 
0 50 18319 
0 50 18324 
0 50 18329 
0 50 18334 
0 50 18339 
0 50 18344 
0 50 18349 
0 50 18354 
0 50 18359 
0 50 18364 
0 50 18369 
0 50 18374 
0 50 18379 
0 50 18384 
0 50 18389 
0 50 18394 
0 50 18399 
0 50 18404 
0 50 18409 
0 50 18414 
0 50 18419 
0 50 18424 
0 50 18429 
0 50 18434 
0 50 18439 
0 50 18444 
0 50 18449 
0 50 18454 
0 50 18459 
0 50 18464 
0 50 18469 
0 50 18474 
0 50 18479 
0 50 18484 
0 50 18489 
0 50 18494 
0 50 18499 
0 50 18504 
0 50 18509 
0 50 18514 
0 50 18519 
0 50 18524 
0 50 18529 
0 50 18534 
0 50 18539 
0 50 18544 
0 50 18549 
0 50 18554 
0 50 18559 
0 50 18564 
0 50 18569 
0 50 18574 
0 50 18579 
0 50 18584 
0 50 18589 
0 50 18594 
0 50 18599 
0 50 18604 
0 50 18609 
0 50 18614 
0 50 18619 
0 50 18624 
0 50 18629 
0 50 18634 
0 50 18639 
0 50 18644 
0 50 18649 
0 50 18654 
0 50 18659 
0 50 18664 
0 50 18669 
0 50 18674 
0 50 18679 
0 50 18684 
0 50 18689 
0 50 18694 
0 50 18699 
0 50 18704 
0 50 18709 
0 50 18714 
0 50 18719 
0 50 18724 
0 50 18729 
0 50 18734 
0 50 18739 
0 50 18744 
0 50 18749 
0 50 18754 
0 50 18759 
0 50 18764 
0 50 18769 
0 50 18774 
0 50 18779 
0 50 18784 
0 50 18789 
0 50 18794 
0 50 18799 
0 50 18804 
0 50 18809 
0 50 18814 
0 50 18819 
0 50 18824 
0 50 18829 
0 50 18834 
0 50 18839 
0 50 18844 
0 50 18849 
0 50 18854 
0 50 18859 
0 50 18864 
0 50 18869 
0 50 18874 
0 50 18879 
0 50 18884 
0 50 18889 
0 50 18894 
0 50 18899 
0 50 18904 
0 50 18909 
0 50 18914 
0 50 18919 
0 50 18924 
0 50 18929 
0 50 18934 
0 50 18939 
1 50 18944 
0 50 18948 
0 50 18953 
0 50 18958 
0 50 18963 
0 50 18968 
1 50 18973 
1 50 18977 
1 50 18981 
1 50 18985 
0 50 18989 
0 50 18994 
0 50 18999 
1 50 19004 
0 50 19008 
0 50 19013 
1 50 19018 
0 50 19022 
1 50 19027 
0 50 19031 
0 50 19036 
0 50 19041 
0 50 19046 
0 50 19051 
0 50 19056 
1 50 19061 
1 50 19065 
1 50 19069 
1 50 19073 
1 50 19077 
1 50 19081 
1 50 19085 
1 50 19089 
1 50 19093 
1 50 19097 
1 50 19101 
1 50 19105 
1 50 19109 
1 50 19113 
1 50 19117 
1 50 19121 
1 50 19125 
1 50 19129 
1 50 19133 
1 50 19137 
1 50 19141 
1 50 19145 
1 50 19149 
1 50 19153 
1 50 19157 
1 50 19161 
1 50 19165 
1 50 19169 
1 50 19173 
1 50 19177 
1 50 19181 
1 50 19185 
1 50 19189 
1 50 19193 
1 50 19197 
1 50 19201 
1 50 19205 
1 50 19209 
1 50 19213 
1 50 19217 
1 50 19221 
0 50 19225 
1 50 19230 
1 50 19234 
1 50 19238 
1 50 19242 
1 50 19246 
1 50 19250 
1 50 19254 
1 50 19258 
1 50 19262 
1 50 19266 
1 50 19270 
1 50 19274 
1 50 19278 
1 50 19282 
1 50 19286 
1 50 19290 
1 50 19294 
1 50 19298 
1 50 19302 
1 50 19306 
1 50 19310 
1 50 19314 
1 50 19318 
1 50 19322 
1 50 19326 
1 50 19330 
1 50 19334 
1 50 19338 
1 50 19342 
1 50 19346 
1 50 19350 
1 50 19354 
1 50 19358 
1 50 19362 
1 50 19366 
1 50 19370 
1 50 19374 
1 50 19378 
2 50 19382 
1 50 19386 
1 50 19390 
1 50 19394 
1 50 19398 
1 50 19402 
1 50 19406 
2 50 19410 
2 50 19414 
2 50 19418 
1 50 19422 
1 50 19426 
1 50 19430 
1 50 19434 
1 50 19438 
1 50 19442 
2 50 19446 
2 50 19450 
2 50 19454 
1 50 19458 
1 50 19462 
1 50 19466 
1 50 19470 
1 50 19474 
2 50 19478 
2 50 19482 
2 50 19486 
2 50 19490 
2 50 19494 
2 50 19498 
1 50 19502 
1 50 19506 
2 50 19510 
2 50 19514 
2 50 19518 
2 50 19522 
1 50 19526 
1 50 19530 
2 50 19534 
2 50 19538 
2 50 19542 
2 50 19546 
2 50 19550 
2 50 19554 
2 50 19558 
2 50 19562 
2 50 19566 
2 50 19570 
2 50 19574 
2 50 19578 
2 50 19582 
2 50 19586 
2 50 19590 
2 50 19594 
2 50 19598 
2 50 19602 
2 50 19606 
2 50 19610 
2 50 19614 
2 50 19618 
2 50 19622 
2 50 19626 
2 50 19630 
2 50 19634 
2 50 19638 
2 50 19642 
2 50 19646 
3 50 19650 
2 50 19654 
2 50 19658 
2 50 19662 
2 50 19666 
2 50 19670 
2 50 19674 
2 50 19678 
3 50 19682 
2 50 19686 
2 50 19690 
2 50 19694 
2 50 19698 
2 50 19702 
3 50 19706 
3 50 19710 
3 50 19714 
3 50 19718 
2 50 19722 
2 50 19726 
2 50 19730 
2 50 19734 
3 50 19738 
2 50 19742 
2 50 19746 
3 50 19750 
3 50 19754 
2 50 19758 
3 50 19762 
3 50 19766 
3 50 19770 
2 50 19774 
2 50 19778 
3 50 19782 
3 50 19786 
3 50 19790 
3 50 19794 
3 50 19798 
3 50 19802 
3 50 19806 
3 50 19810 
3 50 19814 
3 50 19818 
3 50 19822 
3 50 19826 
3 50 19830 
3 50 19834 
3 50 19838 
3 50 19842 
3 50 19846 
3 50 19850 
3 50 19854 
3 50 19858 
3 50 19862 
3 50 19866 
3 50 19870 
3 50 19874 
3 50 19878 
3 50 19882 
3 50 19886 
3 50 19890 
3 50 19894 
3 50 19898 
3 50 19902 
3 50 19906 
3 50 19910 
3 50 19914 
3 50 19918 
3 50 19922 
3 50 19926 
3 50 19930 
3 50 19934 
3 50 19938 
4 50 19942 
3 50 19946 
3 50 19950 
3 50 19954 
3 50 19958 
3 50 19962 
4 50 19966 
4 50 19970 
3 50 19974 
4 50 19978 
3 50 19982 
3 50 19986 
4 50 19990 
4 50 19994 
4 50 19998 
4 50 20002 
4 50 20006 
4 50 20010 
4 50 20014 
4 50 20018 
4 50 20022 
4 50 20026 
4 50 20030 
4 50 20034 
4 50 20038 
4 50 20042 
4 50 20046 
4 50 20050 
4 50 20054 
4 50 20058 
4 50 20062 
4 50 20066 
4 50 20070 
4 50 20074 
4 50 20078 
4 50 20082 
4 50 20086 
4 50 20090 
4 50 20094 
4 50 20098 
4 50 20102 
4 50 20106 
4 50 20110 
4 50 20114 
4 50 20118 
4 50 20122 
4 50 20126 
4 50 20130 
4 50 20134 
4 50 20138 
4 50 20142 
4 50 20146 
4 50 20150 
4 50 20154 
4 50 20158 
4 50 20162 
4 50 20166 
4 50 20170 
5 50 20174 
5 50 20178 
5 50 20182 
5 50 20186 
4 50 20190 
4 50 20194 
5 50 20198 
5 50 20202 
4 50 20206 
4 50 20210 
4 50 20214 
4 50 20218 
5 50 20222 
5 50 20226 
5 50 20230 
5 50 20234 
4 50 20238 
5 50 20242 
5 50 20246 
5 50 20250 
5 50 20254 
5 50 20258 
5 50 20262 
5 50 20266 
5 50 20270 
5 50 20274 
5 50 20278 
5 50 20282 
5 50 20286 
5 50 20290 
5 50 20294 
5 50 20298 
5 50 20302 
5 50 20306 
5 50 20310 
5 50 20314 
5 50 20318 
5 50 20322 
5 50 20326 
5 50 20330 
5 50 20334 
5 50 20338 
5 50 20342 
6 50 20346 
6 50 20350 
5 50 20354 
5 50 20358 
5 50 20362 
5 50 20366 
5 50 20370 
5 50 20374 
5 50 20378 
5 50 20382 
5 50 20386 
6 50 20390 
6 50 20394 
6 50 20398 
5 50 20402 
6 50 20406 
5 50 20410 
5 50 20414 
5 50 20418 
5 50 20422 
5 50 20426 
6 50 20430 
6 50 20434 
6 50 20438 
6 50 20442 
6 50 20446 
6 50 20450 
6 50 20454 
6 50 20458 
6 50 20462 
6 50 20466 
6 50 20470 
6 50 20474 
6 50 20478 
6 50 20482 
6 50 20486 
6 50 20490 
6 50 20494 
6 50 20498 
6 50 20502 
6 50 20506 
6 50 20510 
6 50 20514 
6 50 20518 
6 50 20522 
6 50 20526 
6 50 20530 
6 50 20534 
6 50 20538 
6 50 20542 
6 50 20546 
6 50 20550 
6 50 20554 
6 50 20558 
6 50 20562 
6 50 20566 
6 50 20570 
6 50 20574 
6 50 20578 
6 50 20582 
6 50 20586 
6 50 20590 
6 50 20594 
7 50 20598 
7 50 20602 
7 50 20606 
7 50 20610 
7 50 20614 
7 50 20618 
7 50 20622 
7 50 20626 
7 50 20630 
7 50 20634 
7 50 20638 
7 50 20642 
7 50 20646 
7 50 20650 
7 50 20654 
7 50 20658 
7 50 20662 
7 50 20666 
7 50 20670 
7 50 20674 
7 50 20678 
7 50 20682 
7 50 20686 
7 50 20690 
7 50 20694 
7 50 20698 
7 50 20702 
7 50 20706 
7 50 20710 
7 50 20714 
7 50 20718 
7 50 20722 
7 50 20726 
7 50 20730 
8 50 20734 
7 50 20738 
7 50 20742 
7 50 20746 
7 50 20750 
7 50 20754 
7 50 20758 
7 50 20762 
8 50 20766 
8 50 20770 
8 50 20774 
8 50 20778 
8 50 20782 
8 50 20786 
8 50 20790 
8 50 20794 
8 50 20798 
8 50 20802 
8 50 20806 
8 50 20810 
8 50 20814 
8 50 20818 
8 50 20822 
8 50 20826 
8 50 20830 
8 50 20834 
8 50 20838 
8 50 20842 
8 50 20846 
8 50 20850 
8 50 20854 
8 50 20858 
8 50 20862 
8 50 20866 
8 50 20870 
8 50 20874 
8 50 20878 
8 50 20882 
8 50 20886 
8 50 20890 
8 50 20894 
9 50 20898 
9 50 20902 
8 50 20906 
8 50 20910 
8 50 20914 
9 50 20918 
9 50 20922 
8 50 20926 
9 50 20930 
9 50 20934 
9 50 20938 
9 50 20942 
9 50 20946 
9 50 20950 
9 50 20954 
9 50 20958 
9 50 20962 
8 50 20966 
9 50 20970 
9 50 20974 
9 50 20978 
9 50 20982 
9 50 20986 
9 50 20990 
9 50 20994 
9 50 20998 
9 50 21002 
9 50 21006 
9 50 21010 
9 50 21014 
9 50 21018 
9 50 21022 
9 50 21026 
9 50 21030 
9 50 21034 
9 50 21038 
9 50 21042 
9 50 21046 
9 50 21050 
9 50 21054 
9 50 21058 
9 50 21062 
10 50 21066 
10 50 21070 
10 50 21074 
10 50 21078 
9 50 21082 
10 50 21086 
10 50 21090 
10 50 21094 
10 50 21098 
10 50 21102 
10 50 21106 
10 50 21110 
10 50 21114 
10 50 21118 
10 50 21122 
10 50 21126 
10 50 21130 
10 50 21134 
10 50 21138 
10 50 21142 
10 50 21146 
10 50 21150 
10 50 21154 
10 50 21158 
10 50 21162 
10 50 21166 
10 50 21170 
10 50 21174 
10 50 21178 
10 50 21182 
10 50 21186 
10 50 21190 
10 50 21194 
10 50 21198 
10 50 21202 
10 50 21206 
10 50 21210 
11 50 21214 
11 50 21217 
11 50 21220 
11 50 21223 
10 50 21226 
10 50 21230 
11 50 21234 
11 50 21237 
11 50 21240 
11 50 21243 
11 50 21246 
11 50 21249 
11 50 21252 
11 50 21255 
10 50 21258 
11 50 21262 
11 50 21265 
11 50 21268 
11 50 21271 
11 50 21274 
11 50 21277 
11 50 21280 
11 50 21283 
11 50 21286 
11 50 21289 
11 50 21292 
11 50 21295 
11 50 21298 
11 50 21301 
11 50 21304 
11 50 21307 
11 50 21310 
11 50 21313 
11 50 21316 
11 50 21319 
11 50 21322 
11 50 21325 
11 50 21328 
11 50 21331 
11 50 21334 
11 50 21337 
11 50 21340 
11 50 21343 
11 50 21346 
12 50 21349 
12 50 21352 
12 50 21355 
12 50 21358 
11 50 21361 
11 50 21364 
11 50 21367 
11 50 21370 
11 50 21373 
11 50 21376 
11 50 21379 
12 50 21382 
12 50 21385 
11 50 21388 
12 50 21391 
12 50 21394 
12 50 21397 
12 50 21400 
12 50 21403 
12 50 21406 
12 50 21409 
12 50 21412 
12 50 21415 
12 50 21418 
12 50 21421 
12 50 21424 
12 50 21427 
12 50 21430 
12 50 21433 
12 50 21436 
12 50 21439 
12 50 21442 
12 50 21445 
12 50 21448 
12 50 21451 
12 50 21454 
12 50 21457 
12 50 21460 
12 50 21463 
12 50 21466 
12 50 21469 
12 50 21472 
12 50 21475 
12 50 21478 
12 50 21481 
12 50 21484 
12 50 21487 
12 50 21490 
12 50 21493 
12 50 21496 
12 50 21499 
12 50 21502 
13 50 21505 
13 50 21508 
13 50 21511 
12 50 21514 
12 50 21517 
12 50 21520 
12 50 21523 
13 50 21526 
13 50 21529 
12 50 21532 
12 50 21535 
13 50 21538 
12 50 21541 
12 50 21544 
13 50 21547 
13 50 21550 
13 50 21553 
13 50 21556 
13 50 21559 
13 50 21562 
13 50 21565 
13 50 21568 
12 50 21571 
13 50 21574 
13 50 21577 
13 50 21580 
13 50 21583 
13 50 21586 
13 50 21589 
13 50 21592 
13 50 21595 
13 50 21598 
13 50 21601 
13 50 21604 
13 50 21607 
13 50 21610 
13 50 21613 
13 50 21616 
13 50 21619 
13 50 21622 
13 50 21625 
13 50 21628 
13 50 21631 
13 50 21634 
13 50 21637 
13 50 21640 
13 50 21643 
13 50 21646 
13 50 21649 
13 50 21652 
13 50 21655 
13 50 21658 
13 50 21661 
13 50 21664 
13 50 21667 
13 50 21670 
13 50 21673 
13 50 21676 
13 50 21679 
13 50 21682 
14 50 21685 
14 50 21688 
13 50 21691 
13 50 21694 
13 50 21697 
14 50 21700 
14 50 21703 
14 50 21706 
14 50 21709 
13 50 21712 
14 50 21715 
14 50 21718 
14 50 21721 
14 50 21724 
14 50 21727 
14 50 21730 
14 50 21733 
14 50 21736 
14 50 21739 
14 50 21742 
14 50 21745 
14 50 21748 
14 50 21751 
14 50 21754 
14 50 21757 
14 50 21760 
14 50 21763 
14 50 21766 
14 50 21769 
14 50 21772 
14 50 21775 
14 50 21778 
14 50 21781 
14 50 21784 
14 50 21787 
14 50 21790 
14 50 21793 
14 50 21796 
14 50 21799 
14 50 21802 
14 50 21805 
14 50 21808 
14 50 21811 
14 50 21814 
14 50 21817 
14 50 21820 
14 50 21823 
15 50 21826 
15 50 21829 
14 50 21832 
14 50 21835 
14 50 21838 
14 50 21841 
15 50 21844 
15 50 21847 
14 50 21850 
14 50 21853 
15 50 21856 
15 50 21859 
15 50 21862 
15 50 21865 
15 50 21868 
15 50 21871 
15 50 21874 
15 50 21877 
15 50 21880 
15 50 21883 
15 50 21886 
15 50 21889 
15 50 21892 
15 50 21895 
15 50 21898 
15 50 21901 
15 50 21904 
15 50 21907 
15 50 21910 
15 50 21913 
15 50 21916 
15 50 21919 
15 50 21922 
15 50 21925 
15 50 21928 
15 50 21931 
15 50 21934 
15 50 21937 
15 50 21940 
15 50 21943 
15 50 21946 
15 50 21949 
15 50 21952 
15 50 21955 
15 50 21958 
15 50 21961 
15 50 21964 
15 50 21967 
15 50 21970 
15 50 21973 
15 50 21976 
15 50 21979 
15 50 21982 
15 50 21985 
15 50 21988 
16 50 21991 
15 50 21994 
15 50 21997 
15 50 22000 
15 50 22003 
15 50 22006 
15 50 22009 
15 50 22012 
15 50 22015 
15 50 22018 
16 50 22021 
16 50 22024 
16 50 22027 
16 50 22030 
16 50 22033 
16 50 22036 
15 50 22039 
16 50 22042 
16 50 22045 
16 50 22048 
16 50 22051 
16 50 22054 
16 50 22057 
16 50 22060 
16 50 22063 
16 50 22066 
16 50 22069 
16 50 22072 
16 50 22075 
16 50 22078 
16 50 22081 
16 50 22084 
16 50 22087 
16 50 22090 
16 50 22093 
16 50 22096 
16 50 22099 
16 50 22102 
16 50 22105 
16 50 22108 
16 50 22111 
16 50 22114 
16 50 22117 
16 50 22120 
16 50 22123 
16 50 22126 
16 50 22129 
16 50 22132 
16 50 22135 
16 50 22138 
16 50 22141 
16 50 22144 
16 50 22147 
16 50 22150 
16 50 22153 
16 50 22156 
16 50 22159 
17 50 22162 
17 50 22165 
17 50 22168 
17 50 22171 
17 50 22174 
17 50 22177 
17 50 22180 
16 50 22183 
16 50 22186 
17 50 22189 
17 50 22192 
17 50 22195 
17 50 22198 
17 50 22201 
17 50 22204 
17 50 22207 
17 50 22210 
17 50 22213 
17 50 22216 
17 50 22219 
17 50 22222 
17 50 22225 
17 50 22228 
17 50 22231 
17 50 22234 
17 50 22237 
17 50 22240 
17 50 22243 
17 50 22246 
17 50 22249 
17 50 22252 
17 50 22255 
17 50 22258 
17 50 22261 
17 50 22264 
17 50 22267 
17 50 22270 
17 50 22273 
17 50 22276 
17 50 22279 
17 50 22282 
17 50 22285 
17 50 22288 
17 50 22291 
17 50 22294 
17 50 22297 
18 50 22300 
18 50 22303 
18 50 22306 
18 50 22309 
18 50 22312 
18 50 22315 
18 50 22318 
17 50 22321 
18 50 22324 
18 50 22327 
18 50 22330 
18 50 22333 
17 50 22336 
18 50 22339 
18 50 22342 
18 50 22345 
18 50 22348 
17 50 22351 
18 50 22354 
18 50 22357 
18 50 22360 
18 50 22363 
18 50 22366 
18 50 22369 
18 50 22372 
18 50 22375 
18 50 22378 
18 50 22381 
18 50 22384 
18 50 22387 
18 50 22390 
18 50 22393 
18 50 22396 
18 50 22399 
18 50 22402 
18 50 22405 
18 50 22408 
18 50 22411 
18 50 22414 
18 50 22417 
18 50 22420 
18 50 22423 
18 50 22426 
18 50 22429 
18 50 22432 
18 50 22435 
18 50 22438 
18 50 22441 
18 50 22444 
18 50 22447 
19 50 22450 
18 50 22453 
18 50 22456 
19 50 22459 
18 50 22462 
18 50 22465 
19 50 22468 
19 50 22471 
19 50 22474 
18 50 22477 
18 50 22480 
19 50 22483 
19 50 22486 
19 50 22489 
19 50 22492 
19 50 22495 
19 50 22498 
19 50 22501 
19 50 22504 
19 50 22507 
19 50 22510 
19 50 22513 
19 50 22516 
19 50 22519 
19 50 22522 
19 50 22525 
19 50 22528 
19 50 22531 
19 50 22534 
19 50 22537 
19 50 22540 
19 50 22543 
19 50 22546 
19 50 22549 
19 50 22552 
19 50 22555 
19 50 22558 
19 50 22561 
19 50 22564 
19 50 22567 
19 50 22570 
19 50 22573 
19 50 22576 
19 50 22579 
20 50 22582 
20 50 22585 
20 50 22588 
20 50 22591 
20 50 22594 
20 50 22597 
20 50 22600 
19 50 22603 
20 50 22606 
20 50 22609 
20 50 22612 
20 50 22615 
20 50 22618 
19 50 22621 
19 50 22624 
20 50 22627 
20 50 22630 
20 50 22633 
20 50 22636 
20 50 22639 
20 50 22642 
20 50 22645 
20 50 22648 
20 50 22651 
20 50 22654 
20 50 22657 
20 50 22660 
20 50 22663 
20 50 22666 
20 50 22669 
20 50 22672 
20 50 22675 
20 50 22678 
20 50 22681 
20 50 22684 
20 50 22687 
20 50 22690 
20 50 22693 
20 50 22696 
20 50 22699 
20 50 22702 
20 50 22705 
20 50 22708 
20 50 22711 
20 50 22714 
20 50 22717 
20 50 22720 
20 50 22723 
20 50 22726 
20 50 22729 
20 50 22732 
21 50 22735 
20 50 22737 
20 50 22740 
20 50 22743 
20 50 22746 
21 50 22749 
21 50 22751 
20 50 22753 
21 50 22756 
21 50 22758 
21 50 22760 
20 50 22762 
20 50 22765 
21 50 22768 
21 50 22770 
21 50 22772 
21 50 22774 
20 50 22776 
21 50 22779 
21 50 22781 
21 50 22783 
21 50 22785 
21 50 22787 
21 50 22789 
21 50 22791 
21 50 22793 
21 50 22795 
21 50 22797 
21 50 22799 
21 50 22801 
21 50 22803 
21 50 22805 
21 50 22807 
21 50 22809 
21 50 22811 
21 50 22813 
21 50 22815 
21 50 22817 
21 50 22819 
21 50 22821 
21 50 22823 
21 50 22825 
21 50 22827 
21 50 22829 
21 50 22831 
21 50 22833 
21 50 22835 
21 50 22837 
21 50 22839 
21 50 22841 
21 50 22843 
21 50 22845 
21 50 22847 
21 50 22849 
21 50 22851 
21 50 22853 
21 50 22855 
21 50 22857 
21 50 22859 
21 50 22861 
21 50 22863 
21 50 22865 
21 50 22867 
21 50 22869 
21 50 22871 
21 50 22873 
21 50 22875 
21 50 22877 
21 50 22879 
21 50 22881 
21 50 22883 
21 50 22885 
21 50 22887 
21 50 22889 
21 50 22891 
22 50 22893 
21 50 22895 
22 50 22897 
21 50 22899 
21 50 22901 
22 50 22903 
22 50 22905 
22 50 22907 
21 50 22909 
21 50 22911 
22 50 22913 
22 50 22915 
22 50 22917 
22 50 22919 
21 50 22921 
21 50 22923 
22 50 22925 
22 50 22927 
21 50 22929 
21 50 22931 
22 50 22933 
22 50 22935 
22 50 22937 
22 50 22939 
21 50 22941 
21 50 22943 
22 50 22945 
22 50 22947 
21 50 22949 
22 50 22951 
22 50 22953 
22 50 22955 
22 50 22957 
21 50 22959 
22 50 22961 
22 50 22963 
22 50 22965 
22 50 22967 
22 50 22969 
22 50 22971 
22 50 22973 
22 50 22975 
22 50 22977 
22 50 22979 
22 50 22981 
22 50 22983 
22 50 22985 
22 50 22987 
22 50 22989 
22 50 22991 
22 50 22993 
22 50 22995 
22 50 22997 
22 50 22999 
22 50 23001 
22 50 23003 
22 50 23005 
22 50 23007 
22 50 23009 
22 50 23011 
22 50 23013 
22 50 23015 
22 50 23017 
22 50 23019 
22 50 23021 
22 50 23023 
22 50 23025 
22 50 23027 
22 50 23029 
22 50 23031 
22 50 23033 
22 50 23035 
22 50 23037 
22 50 23039 
22 50 23041 
22 50 23043 
22 50 23045 
23 50 23047 
23 50 23049 
23 50 23051 
23 50 23053 
22 50 23055 
22 50 23057 
22 50 23059 
22 50 23061 
22 50 23063 
22 50 23065 
22 50 23067 
22 50 23069 
22 50 23071 
22 50 23073 
22 50 23075 
22 50 23077 
22 50 23079 
22 50 23081 
22 50 23083 
23 50 23085 
23 50 23087 
22 50 23089 
23 50 23091 
23 50 23093 
22 50 23095 
22 50 23097 
23 50 23099 
23 50 23101 
23 50 23103 
22 50 23105 
22 50 23107 
23 50 23109 
23 50 23111 
23 50 23113 
23 50 23115 
23 50 23117 
23 50 23119 
23 50 23121 
23 50 23123 
23 50 23125 
23 50 23127 
23 50 23129 
23 50 23131 
23 50 23133 
23 50 23135 
23 50 23137 
23 50 23139 
23 50 23141 
23 50 23143 
23 50 23145 
23 50 23147 
23 50 23149 
23 50 23151 
23 50 23153 
23 50 23155 
23 50 23157 
23 50 23159 
23 50 23161 
23 50 23163 
23 50 23165 
23 50 23167 
23 50 23169 
23 50 23171 
23 50 23173 
23 50 23175 
23 50 23177 
23 50 23179 
23 50 23181 
23 50 23183 
23 50 23185 
23 50 23187 
23 50 23189 
23 50 23191 
23 50 23193 
23 50 23195 
23 50 23197 
23 50 23199 
23 50 23201 
23 50 23203 
23 50 23205 
23 50 23207 
23 50 23209 
23 50 23211 
23 50 23213 
23 50 23215 
23 50 23217 
23 50 23219 
24 50 23221 
23 50 23223 
23 50 23225 
24 50 23227 
23 50 23229 
23 50 23231 
23 50 23233 
23 50 23235 
23 50 23237 
24 50 23239 
24 50 23241 
24 50 23243 
24 50 23245 
24 50 23247 
24 50 23249 
24 50 23251 
24 50 23253 
24 50 23255 
23 50 23257 
24 50 23259 
24 50 23261 
24 50 23263 
24 50 23265 
24 50 23267 
24 50 23269 
24 50 23271 
24 50 23273 
24 50 23275 
24 50 23277 
23 50 23279 
24 50 23281 
24 50 23283 
24 50 23285 
24 50 23287 
24 50 23289 
24 50 23291 
24 50 23293 
24 50 23295 
24 50 23297 
24 50 23299 
24 50 23301 
24 50 23303 
24 50 23305 
24 50 23307 
24 50 23309 
24 50 23311 
24 50 23313 
24 50 23315 
24 50 23317 
24 50 23319 
24 50 23321 
24 50 23323 
24 50 23325 
24 50 23327 
24 50 23329 
24 50 23331 
24 50 23333 
24 50 23335 
24 50 23337 
24 50 23339 
24 50 23341 
24 50 23343 
24 50 23345 
24 50 23347 
24 50 23349 
24 50 23351 
24 50 23353 
24 50 23355 
24 50 23357 
24 50 23359 
24 50 23361 
24 50 23363 
24 50 23365 
24 50 23367 
24 50 23369 
24 50 23371 
24 50 23373 
24 50 23375 
24 50 23377 
25 50 23379 
24 50 23381 
24 50 23383 
24 50 23385 
24 50 23387 
24 50 23389 
24 50 23391 
24 50 23393 
25 50 23395 
24 50 23397 
25 50 23399 
25 50 23401 
25 50 23403 
25 50 23405 
25 50 23407 
24 50 23409 
24 50 23411 
24 50 23413 
25 50 23415 
25 50 23417 
25 50 23419 
25 50 23421 
25 50 23423 
25 50 23425 
25 50 23427 
25 50 23429 
25 50 23431 
25 50 23433 
25 50 23435 
25 50 23437 
25 50 23439 
25 50 23441 
25 50 23443 
25 50 23445 
25 50 23447 
25 50 23449 
25 50 23451 
25 50 23453 
25 50 23455 
25 50 23457 
25 50 23459 
25 50 23461 
25 50 23463 
25 50 23465 
25 50 23467 
25 50 23469 
25 50 23471 
25 50 23473 
25 50 23475 
25 50 23477 
25 50 23479 
25 50 23481 
25 50 23483 
25 50 23485 
25 50 23487 
25 50 23489 
25 50 23491 
25 50 23493 
25 50 23495 
25 50 23497 
25 50 23499 
25 50 23501 
25 50 23503 
25 50 23505 
25 50 23507 
25 50 23509 
25 50 23511 
25 50 23513 
25 50 23515 
25 50 23517 
25 50 23519 
25 50 23521 
25 50 23523 
25 50 23525 
25 50 23527 
25 50 23529 
25 50 23531 
25 50 23533 
25 50 23535 
25 50 23537 
25 50 23539 
26 50 23541 
26 50 23543 
25 50 23545 
25 50 23547 
25 50 23549 
25 50 23551 
25 50 23553 
26 50 23555 
26 50 23557 
26 50 23559 
26 50 23561 
26 50 23563 
26 50 23565 
26 50 23567 
25 50 23569 
26 50 23571 
26 50 23573 
26 50 23575 
25 50 23577 
26 50 23579 
26 50 23581 
26 50 23583 
26 50 23585 
26 50 23587 
26 50 23589 
26 50 23591 
26 50 23593 
26 50 23595 
26 50 23597 
26 50 23599 
26 50 23601 
26 50 23603 
26 50 23605 
26 50 23607 
26 50 23609 
26 50 23611 
26 50 23613 
26 50 23615 
26 50 23617 
26 50 23619 
26 50 23621 
26 50 23623 
26 50 23625 
26 50 23627 
26 50 23629 
26 50 23631 
26 50 23633 
26 50 23635 
26 50 23637 
26 50 23639 
26 50 23641 
26 50 23643 
27 50 23645 
26 50 23647 
26 50 23649 
26 50 23651 
26 50 23653 
26 50 23655 
27 50 23657 
26 50 23659 
26 50 23661 
27 50 23663 
27 50 23665 
27 50 23667 
27 50 23669 
27 50 23671 
27 50 23673 
27 50 23675 
27 50 23677 
27 50 23679 
27 50 23681 
26 50 23683 
27 50 23685 
27 50 23687 
27 50 23689 
27 50 23691 
27 50 23693 
27 50 23695 
26 50 23697 
26 50 23699 
27 50 23701 
27 50 23703 
27 50 23705 
27 50 23707 
27 50 23709 
27 50 23711 
27 50 23713 
27 50 23715 
27 50 23717 
27 50 23719 
27 50 23721 
27 50 23723 
27 50 23725 
27 50 23727 
27 50 23729 
27 50 23731 
27 50 23733 
27 50 23735 
27 50 23737 
27 50 23739 
27 50 23741 
27 50 23743 
27 50 23745 
27 50 23747 
27 50 23749 
27 50 23751 
27 50 23753 
27 50 23755 
27 50 23757 
27 50 23759 
27 50 23761 
27 50 23763 
27 50 23765 
27 50 23767 
27 50 23769 
27 50 23771 
27 50 23773 
27 50 23775 
27 50 23777 
27 50 23779 
27 50 23781 
27 50 23783 
27 50 23785 
27 50 23787 
27 50 23789 
27 50 23791 
27 50 23793 
27 50 23795 
27 50 23797 
27 50 23799 
27 50 23801 
28 50 23803 
27 50 23805 
27 50 23807 
27 50 23809 
27 50 23811 
27 50 23813 
27 50 23815 
27 50 23817 
27 50 23819 
27 50 23821 
27 50 23823 
27 50 23825 
28 50 23827 
28 50 23829 
28 50 23831 
28 50 23833 
28 50 23835 
28 50 23837 
27 50 23839 
27 50 23841 
27 50 23843 
27 50 23845 
28 50 23847 
28 50 23849 
28 50 23851 
28 50 23853 
28 50 23855 
28 50 23857 
28 50 23859 
28 50 23861 
28 50 23863 
27 50 23865 
28 50 23867 
28 50 23869 
28 50 23871 
28 50 23873 
28 50 23875 
28 50 23877 
28 50 23879 
28 50 23881 
28 50 23883 
28 50 23885 
28 50 23887 
28 50 23889 
28 50 23891 
28 50 23893 
28 50 23895 
28 50 23897 
28 50 23899 
28 50 23901 
28 50 23903 
28 50 23905 
28 50 23907 
28 50 23909 
28 50 23911 
28 50 23913 
28 50 23915 
28 50 23917 
28 50 23919 
28 50 23921 
28 50 23923 
28 50 23925 
28 50 23927 
28 50 23929 
28 50 23931 
28 50 23933 
28 50 23935 
28 50 23937 
28 50 23939 
28 50 23941 
28 50 23943 
28 50 23945 
28 50 23947 
28 50 23949 
28 50 23951 
28 50 23953 
28 50 23955 
29 50 23957 
28 50 23959 
28 50 23961 
28 50 23963 
29 50 23965 
28 50 23967 
28 50 23969 
29 50 23971 
29 50 23973 
29 50 23975 
28 50 23977 
29 50 23979 
29 50 23981 
29 50 23983 
28 50 23985 
29 50 23987 
29 50 23989 
29 50 23991 
29 50 23993 
29 50 23995 
28 50 23997 
29 50 23999 
29 50 24001 
29 50 24003 
29 50 24005 
29 50 24007 
29 50 24009 
29 50 24011 
29 50 24013 
29 50 24015 
29 50 24017 
29 50 24019 
29 50 24021 
29 50 24023 
29 50 24025 
29 50 24027 
29 50 24029 
29 50 24031 
29 50 24033 
29 50 24035 
29 50 24037 
29 50 24039 
29 50 24041 
29 50 24043 
29 50 24045 
29 50 24047 
29 50 24049 
29 50 24051 
30 50 24053 
29 50 24055 
29 50 24057 
29 50 24059 
29 50 24061 
29 50 24063 
29 50 24065 
29 50 24067 
29 50 24069 
29 50 24071 
29 50 24073 
30 50 24075 
29 50 24077 
30 50 24079 
30 50 24081 
30 50 24083 
29 50 24085 
30 50 24087 
29 50 24089 
29 50 24091 
30 50 24093 
30 50 24095 
30 50 24097 
30 50 24099 
30 50 24101 
30 50 24103 
30 50 24105 
30 50 24107 
30 50 24109 
30 50 24111 
30 50 24113 
30 50 24115 
30 50 24117 
30 50 24119 
30 50 24121 
30 50 24123 
30 50 24125 
30 50 24127 
30 50 24129 
30 50 24131 
30 50 24133 
30 50 24135 
30 50 24137 
30 50 24139 
30 50 24141 
30 50 24143 
30 50 24145 
30 50 24147 
30 50 24149 
30 50 24151 
30 50 24153 
30 50 24155 
30 50 24157 
30 50 24159 
30 50 24161 
30 50 24163 
30 50 24165 
30 50 24167 
30 50 24169 
30 50 24171 
31 50 24173 
30 50 24174 
30 50 24176 
30 50 24178 
30 50 24180 
30 50 24182 
30 50 24184 
31 50 24186 
30 50 24187 
30 50 24189 
30 50 24191 
30 50 24193 
30 50 24195 
30 50 24197 
30 50 24199 
30 50 24201 
30 50 24203 
30 50 24205 
30 50 24207 
30 50 24209 
30 50 24211 
31 50 24213 
30 50 24214 
30 50 24216 
31 50 24218 
31 50 24219 
31 50 24220 
31 50 24221 
31 50 24222 
31 50 24223 
30 50 24224 
30 50 24226 
31 50 24228 
31 50 24229 
31 50 24230 
31 50 24231 
30 50 24232 
31 50 24234 
31 50 24235 
31 50 24236 
31 50 24237 
30 50 24238 
30 50 24240 
30 50 24242 
31 50 24244 
31 50 24245 
31 50 24246 
31 50 24247 
31 50 24248 
31 50 24249 
31 50 24250 
30 50 24251 
31 50 24253 
31 50 24254 
31 50 24255 
31 50 24256 
31 50 24257 
31 50 24258 
31 50 24259 
31 50 24260 
31 50 24261 
31 50 24262 
31 50 24263 
31 50 24264 
31 50 24265 
31 50 24266 
31 50 24267 
31 50 24268 
31 50 24269 
31 50 24270 
31 50 24271 
31 50 24272 
31 50 24273 
31 50 24274 
31 50 24275 
31 50 24276 
31 50 24277 
31 50 24278 
31 50 24279 
31 50 24280 
31 50 24281 
31 50 24282 
31 50 24283 
31 50 24284 
31 50 24285 
31 50 24286 
31 50 24287 
31 50 24288 
31 50 24289 
31 50 24290 
31 50 24291 
31 50 24292 
31 50 24293 
31 50 24294 
31 50 24295 
31 50 24296 
31 50 24297 
31 50 24298 
31 50 24299 
31 50 24300 
31 50 24301 
31 50 24302 
31 50 24303 
31 50 24304 
31 50 24305 
31 50 24306 
31 50 24307 
31 50 24308 
31 50 24309 
31 50 24310 
31 50 24311 
31 50 24312 
31 50 24313 
31 50 24314 
30 50 24315 
31 50 24317 
31 50 24318 
31 50 24319 
31 50 24320 
31 50 24321 
30 50 24322 
31 50 24324 
31 50 24325 
31 50 24326 
31 50 24327 
31 50 24328 
31 50 24329 
31 50 24330 
31 50 24331 
31 50 24332 
31 50 24333 
31 50 24334 
31 50 24335 
31 50 24336 
31 50 24337 
31 50 24338 
31 50 24339 
31 50 24340 
31 50 24341 
31 50 24342 
31 50 24343 
31 50 24344 
30 50 24345 
31 50 24347 
30 50 24348 
30 50 24350 
30 50 24352 
30 50 24354 
31 50 24356 
31 50 24357 
31 50 24358 
31 50 24359 
31 50 24360 
31 50 24361 
31 50 24362 
31 50 24363 
31 50 24364 
31 50 24365 
31 50 24366 
31 50 24367 
31 50 24368 
31 50 24369 
31 50 24370 
31 50 24371 
31 50 24372 
31 50 24373 
31 50 24374 
31 50 24375 
31 50 24376 
31 50 24377 
31 50 24378 
31 50 24379 
31 50 24380 
31 50 24381 
31 50 24382 
31 50 24383 
31 50 24384 
31 50 24385 
31 50 24386 
31 50 24387 
31 50 24388 
31 50 24389 
31 50 24390 
30 50 24391 
31 50 24393 
31 50 24394 
30 50 24395 
31 50 24397 
31 50 24398 
31 50 24399 
31 50 24400 
31 50 24401 
31 50 24402 
30 50 24403 
31 50 24405 
31 50 24406 
31 50 24407 
31 50 24408 
31 50 24409 
31 50 24410 
31 50 24411 
31 50 24412 
31 50 24413 
31 50 24414 
31 50 24415 
31 50 24416 
31 50 24417 
31 50 24418 
31 50 24419 
31 50 24420 
31 50 24421 
30 50 24422 
31 50 24424 
31 50 24425 
30 50 24426 
30 50 24428 
31 50 24430 
31 50 24431 
31 50 24432 
30 50 24433 
30 50 24435 
30 50 24437 
31 50 24439 
31 50 24440 
31 50 24441 
31 50 24442 
31 50 24443 
31 50 24444 
31 50 24445 
31 50 24446 
31 50 24447 
31 50 24448 
31 50 24449 
31 50 24450 
31 50 24451 
31 50 24452 
31 50 24453 
31 50 24454 
31 50 24455 
31 50 24456 
31 50 24457 
31 50 24458 
31 50 24459 
31 50 24460 
31 50 24461 
31 50 24462 
31 50 24463 
31 50 24464 
30 50 24465 
31 50 24467 
31 50 24468 
31 50 24469 
31 50 24470 
31 50 24471 
31 50 24472 
31 50 24473 
31 50 24474 
31 50 24475 
31 50 24476 
31 50 24477 
31 50 24478 
31 50 24479 
31 50 24480 
31 50 24481 
31 50 24482 
31 50 24483 
31 50 24484 
31 50 24485 
31 50 24486 
31 50 24487 
31 50 24488 
31 50 24489 
31 50 24490 
30 50 24491 
31 50 24493 
31 50 24494 
31 50 24495 
31 50 24496 
31 50 24497 
31 50 24498 
31 50 24499 
30 50 24500 
31 50 24502 
31 50 24503 
31 50 24504 
31 50 24505 
31 50 24506 
31 50 24507 
31 50 24508 
31 50 24509 
31 50 24510 
31 50 24511 
31 50 24512 
31 50 24513 
31 50 24514 
31 50 24515 
31 50 24516 
31 50 24517 
31 50 24518 
31 50 24519 
31 50 24520 
31 50 24521 
31 50 24522 
31 50 24523 
31 50 24524 
31 50 24525 
31 50 24526 
31 50 24527 
31 50 24528 
31 50 24529 
31 50 24530 
31 50 24531 
31 50 24532 
31 50 24533 
31 50 24534 
31 50 24535 
31 50 24536 
31 50 24537 
31 50 24538 
31 50 24539 
31 50 24540 
31 50 24541 
31 50 24542 
31 50 24543 
31 50 24544 
31 50 24545 
31 50 24546 
30 50 24547 
31 50 24549 
31 50 24550 
30 50 24551 
31 50 24553 
31 50 24554 
31 50 24555 
31 50 24556 
31 50 24557 
31 50 24558 
31 50 24559 
31 50 24560 
31 50 24561 
31 50 24562 
31 50 24563 
31 50 24564 
31 50 24565 
31 50 24566 
31 50 24567 
31 50 24568 
31 50 24569 
31 50 24570 
31 50 24571 
31 50 24572 
31 50 24573 
30 50 24574 
31 50 24576 
31 50 24577 
31 50 24578 
31 50 24579 
31 50 24580 
31 50 24581 
31 50 24582 
31 50 24583 
31 50 24584 
31 50 24585 
31 50 24586 
31 50 24587 
30 50 24588 
31 50 24590 
31 50 24591 
31 50 24592 
31 50 24593 
31 50 24594 
31 50 24595 
31 50 24596 
31 50 24597 
31 50 24598 
31 50 24599 
30 50 24600 
31 50 24602 
31 50 24603 
31 50 24604 
31 50 24605 
31 50 24606 
31 50 24607 
31 50 24608 
31 50 24609 
31 50 24610 
31 50 24611 
31 50 24612 
30 50 24613 
30 50 24615 
31 50 24617 
31 50 24618 
31 50 24619 
31 50 24620 
31 50 24621 
31 50 24622 
31 50 24623 
31 50 24624 
31 50 24625 
31 50 24626 
31 50 24627 
31 50 24628 
31 50 24629 
31 50 24630 
31 50 24631 
31 50 24632 
31 50 24633 
31 50 24634 
30 50 24635 
31 50 24637 
31 50 24638 
31 50 24639 
31 50 24640 
31 50 24641 
31 50 24642 
31 50 24643 
31 50 24644 
31 50 24645 
31 50 24646 
31 50 24647 
31 50 24648 
31 50 24649 
31 50 24650 
31 50 24651 
31 50 24652 
31 50 24653 
31 50 24654 
31 50 24655 
31 50 24656 
31 50 24657 
31 50 24658 
31 50 24659 
31 50 24660 
31 50 24661 
31 50 24662 
31 50 24663 
31 50 24664 
31 50 24665 
31 50 24666 
31 50 24667 
31 50 24668 
31 50 24669 
31 50 24670 
31 50 24671 
31 50 24672 
31 50 24673 
31 50 24674 
31 50 24675 
31 50 24676 
31 50 24677 
31 50 24678 
31 50 24679 
31 50 24680 
31 50 24681 
31 50 24682 
31 50 24683 
31 50 24684 
31 50 24685 
31 50 24686 
31 50 24687 
31 50 24688 
31 50 24689 
31 50 24690 
31 50 24691 
31 50 24692 
31 50 24693 
31 50 24694 
31 50 24695 
31 50 24696 
31 50 24697 
31 50 24698 
31 50 24699 
31 50 24700 
31 50 24701 
31 50 24702 
31 50 24703 
31 50 24704 
31 50 24705 
31 50 24706 
31 50 24707 
31 50 24708 
31 50 24709 
30 50 24710 
30 50 24712 
31 50 24714 
31 50 24715 
31 50 24716 
30 50 24717 
30 50 24719 
31 50 24721 
31 50 24722 
31 50 24723 
31 50 24724 
31 50 24725 
31 50 24726 
31 50 24727 
31 50 24728 
31 50 24729 
31 50 24730 
31 50 24731 
31 50 24732 
31 50 24733 
31 50 24734 
31 50 24735 
31 50 24736 
31 50 24737 
31 50 24738 
31 50 24739 
31 50 24740 
31 50 24741 
31 50 24742 
31 50 24743 
31 50 24744 
31 50 24745 
31 50 24746 
31 50 24747 
31 50 24748 
31 50 24749 
31 50 24750 
31 50 24751 
31 50 24752 
31 50 24753 
31 50 24754 
31 50 24755 
31 50 24756 
31 50 24757 
31 50 24758 
31 50 24759 
31 50 24760 
31 50 24761 
31 50 24762 
31 50 24763 
31 50 24764 
31 50 24765 
31 50 24766 
31 50 24767 
31 50 24768 
31 50 24769 
31 50 24770 
31 50 24771 
31 50 24772 
31 50 24773 
31 50 24774 
31 50 24775 
31 50 24776 
31 50 24777 
31 50 24778 
31 50 24779 
31 50 24780 
31 50 24781 
31 50 24782 
31 50 24783 
31 50 24784 
31 50 24785 
31 50 24786 
31 50 24787 
31 50 24788 
31 50 24789 
31 50 24790 
31 50 24791 
31 50 24792 
31 50 24793 
31 50 24794 
30 50 24795 
30 50 24797 
30 50 24799 
30 50 24801 
31 50 24803 
31 50 24804 
31 50 24805 
31 50 24806 
31 50 24807 
31 50 24808 
31 50 24809 
31 50 24810 
31 50 24811 
31 50 24812 
31 50 24813 
31 50 24814 
31 50 24815 
31 50 24816 
31 50 24817 
31 50 24818 
31 50 24819 
31 50 24820 
31 50 24821 
31 50 24822 
31 50 24823 
31 50 24824 
31 50 24825 
31 50 24826 
31 50 24827 
31 50 24828 
31 50 24829 
31 50 24830 
31 50 24831 
31 50 24832 
31 50 24833 
31 50 24834 
31 50 24835 
31 50 24836 
31 50 24837 
31 50 24838 
31 50 24839 
31 50 24840 
31 50 24841 
31 50 24842 
31 50 24843 
31 50 24844 
31 50 24845 
31 50 24846 
31 50 24847 
31 50 24848 
31 50 24849 
31 50 24850 
31 50 24851 
31 50 24852 
31 50 24853 
31 50 24854 
31 50 24855 
31 50 24856 
31 50 24857 
31 50 24858 
31 50 24859 
31 50 24860 
31 50 24861 
31 50 24862 
31 50 24863 
31 50 24864 
31 50 24865 
31 50 24866 
31 50 24867 
31 50 24868 
31 50 24869 
31 50 24870 
31 50 24871 
31 50 24872 
31 50 24873 
31 50 24874 
31 50 24875 
31 50 24876 
31 50 24877 
31 50 24878 
31 50 24879 
30 50 24880 
31 50 24882 
31 50 24883 
31 50 24884 
30 50 24885 
31 50 24887 
31 50 24888 
31 50 24889 
31 50 24890 
31 50 24891 
30 50 24892 
31 50 24894 
31 50 24895 
31 50 24896 
31 50 24897 
31 50 24898 
31 50 24899 
31 50 24900 
31 50 24901 
31 50 24902 
31 50 24903 
31 50 24904 
31 50 24905 
31 50 24906 
31 50 24907 
31 50 24908 
31 50 24909 
31 50 24910 
31 50 24911 
31 50 24912 
31 50 24913 
31 50 24914 
31 50 24915 
31 50 24916 
31 50 24917 
31 50 24918 
31 50 24919 
31 50 24920 
31 50 24921 
31 50 24922 
31 50 24923 
31 50 24924 
31 50 24925 
31 50 24926 
31 50 24927 
31 50 24928 
31 50 24929 
31 50 24930 
30 50 24931 
31 50 24933 
31 50 24934 
31 50 24935 
31 50 24936 
31 50 24937 
31 50 24938 
31 50 24939 
31 50 24940 
31 50 24941 
31 50 24942 
31 50 24943 
31 50 24944 
31 50 24945 
31 50 24946 
31 50 24947 
31 50 24948 
31 50 24949 
31 50 24950 
31 50 24951 
31 50 24952 
31 50 24953 
31 50 24954 
31 50 24955 
31 50 24956 
31 50 24957 
31 50 24958 
31 50 24959 
31 50 24960 
31 50 24961 
31 50 24962 
31 50 24963 
31 50 24964 
31 50 24965 
30 50 24966 
30 50 24968 
30 50 24970 
30 50 24972 
31 50 24974 
31 50 24975 
31 50 24976 
31 50 24977 
31 50 24978 
31 50 24979 
31 50 24980 
31 50 24981 
31 50 24982 
31 50 24983 
31 50 24984 
31 50 24985 
31 50 24986 
31 50 24987 
31 50 24988 
31 50 24989 
31 50 24990 
31 50 24991 
31 50 24992 
31 50 24993 
31 50 24994 
31 50 24995 
31 50 24996 
31 50 24997 
31 50 24998 
31 50 24999 
31 50 25000 
31 50 25001 
31 50 25002 
31 50 25003 
31 50 25004 
31 50 25005 
31 50 25006 
31 50 25007 
31 50 25008 
31 50 25009 
31 50 25010 
31 50 25011 
31 50 25012 
31 50 25013 
31 50 25014 
31 50 25015 
31 50 25016 
31 50 25017 
31 50 25018 
31 50 25019 
31 50 25020 
31 50 25021 
31 50 25022 
31 50 25023 
31 50 25024 
31 50 25025 
31 50 25026 
31 50 25027 
31 50 25028 
31 50 25029 
31 50 25030 
31 50 25031 
31 50 25032 
31 50 25033 
31 50 25034 
31 50 25035 
31 50 25036 
31 50 25037 
31 50 25038 
31 50 25039 
31 50 25040 
31 50 25041 
31 50 25042 
31 50 25043 
31 50 25044 
31 50 25045 
31 50 25046 
31 50 25047 
31 50 25048 
31 50 25049 
31 50 25050 
31 50 25051 
31 50 25052 
31 50 25053 
31 50 25054 
31 50 25055 
31 50 25056 
31 50 25057 
31 50 25058 
31 50 25059 
31 50 25060 
31 50 25061 
31 50 25062 
31 50 25063 
31 50 25064 
31 50 25065 
31 50 25066 
31 50 25067 
31 50 25068 
31 50 25069 
31 50 25070 
31 50 25071 
31 50 25072 
31 50 25073 
31 50 25074 
31 50 25075 
31 50 25076 
31 50 25077 
31 50 25078 
31 50 25079 
31 50 25080 
31 50 25081 
31 50 25082 
31 50 25083 
31 50 25084 
31 50 25085 
31 50 25086 
31 50 25087 
31 50 25088 
31 50 25089 
31 50 25090 
31 50 25091 
31 50 25092 
31 50 25093 
31 50 25094 
31 50 25095 
31 50 25096 
31 50 25097 
31 50 25098 
31 50 25099 
31 50 25100 
31 50 25101 
31 50 25102 
31 50 25103 
31 50 25104 
31 50 25105 
31 50 25106 
31 50 25107 
31 50 25108 
31 50 25109 
31 50 25110 
31 50 25111 
31 50 25112 
31 50 25113 
31 50 25114 
31 50 25115 
31 50 25116 
31 50 25117 
31 50 25118 
31 50 25119 
31 50 25120 
31 50 25121 
31 50 25122 
31 50 25123 
31 50 25124 
31 50 25125 
31 50 25126 
31 50 25127 
31 50 25128 
31 50 25129 
31 50 25130 
31 50 25131 
31 50 25132 
31 50 25133 
31 50 25134 
31 50 25135 
31 50 25136 
31 50 25137 
31 50 25138 
31 50 25139 
31 50 25140 
31 50 25141 
31 50 25142 
31 50 25143 
31 50 25144 
31 50 25145 
31 50 25146 
31 50 25147 
31 50 25148 
31 50 25149 
31 50 25150 
31 50 25151 
31 50 25152 
30 50 25153 
31 50 25155 
31 50 25156 
31 50 25157 
31 50 25158 
31 50 25159 
31 50 25160 
31 50 25161 
31 50 25162 
31 50 25163 
31 50 25164 
31 50 25165 
31 50 25166 
31 50 25167 
31 50 25168 
31 50 25169 
31 50 25170 
31 50 25171 
31 50 25172 
31 50 25173 
31 50 25174 
31 50 25175 
31 50 25176 
31 50 25177 
31 50 25178 
31 50 25179 
31 50 25180 
31 50 25181 
31 50 25182 
31 50 25183 
31 50 25184 
31 50 25185 
31 50 25186 
31 50 25187 
31 50 25188 
31 50 25189 
31 50 25190 
31 50 25191 
31 50 25192 
31 50 25193 
31 50 25194 
31 50 25195 
31 50 25196 
31 50 25197 
31 50 25198 
31 50 25199 
31 50 25200 
31 50 25201 
31 50 25202 
31 50 25203 
31 50 25204 
31 50 25205 
31 50 25206 
31 50 25207 
31 50 25208 
31 50 25209 
31 50 25210 
31 50 25211 
31 50 25212 
31 50 25213 
31 50 25214 
31 50 25215 
31 50 25216 
31 50 25217 
31 50 25218 
31 50 25219 
31 50 25220 
31 50 25221 
31 50 25222 
31 50 25223 
31 50 25224 
31 50 25225 
31 50 25226 
31 50 25227 
31 50 25228 
31 50 25229 
31 50 25230 
31 50 25231 
31 50 25232 
31 50 25233 
31 50 25234 
31 50 25235 
31 50 25236 
31 50 25237 
31 50 25238 
31 50 25239 
31 50 25240 
31 50 25241 
31 50 25242 
31 50 25243 
31 50 25244 
31 50 25245 
31 50 25246 
31 50 25247 
31 50 25248 
31 50 25249 
31 50 25250 
31 50 25251 
31 50 25252 
31 50 25253 
31 50 25254 
31 50 25255 
31 50 25256 
31 50 25257 
31 50 25258 
31 50 25259 
31 50 25260 
31 50 25261 
31 50 25262 
31 50 25263 
31 50 25264 
31 50 25265 
31 50 25266 
31 50 25267 
31 50 25268 
31 50 25269 
31 50 25270 
31 50 25271 
31 50 25272 
31 50 25273 
31 50 25274 
31 50 25275 
31 50 25276 
31 50 25277 
31 50 25278 
31 50 25279 
31 50 25280 
31 50 25281 
31 50 25282 
31 50 25283 
31 50 25284 
31 50 25285 
31 50 25286 
30 50 25287 
31 50 25289 
31 50 25290 
31 50 25291 
31 50 25292 
31 50 25293 
31 50 25294 
31 50 25295 
31 50 25296 
30 50 25297 
31 50 25299 
31 50 25300 
31 50 25301 
31 50 25302 
31 50 25303 
31 50 25304 
31 50 25305 
31 50 25306 
31 50 25307 
31 50 25308 
31 50 25309 
31 50 25310 
31 50 25311 
31 50 25312 
31 50 25313 
31 50 25314 
31 50 25315 
31 50 25316 
31 50 25317 
31 50 25318 
31 50 25319 
31 50 25320 
31 50 25321 
31 50 25322 
31 50 25323 
31 50 25324 
31 50 25325 
30 50 25326 
30 50 25328 
31 50 25330 
30 50 25331 
31 50 25333 
31 50 25334 
31 50 25335 
31 50 25336 
30 50 25337 
31 50 25339 
31 50 25340 
31 50 25341 
30 50 25342 
31 50 25344 
31 50 25345 
31 50 25346 
31 50 25347 
31 50 25348 
31 50 25349 
31 50 25350 
31 50 25351 
31 50 25352 
31 50 25353 
30 50 25354 
31 50 25356 
31 50 25357 
31 50 25358 
30 50 25359 
30 50 25361 
31 50 25363 
31 50 25364 
31 50 25365 
31 50 25366 
31 50 25367 
31 50 25368 
31 50 25369 
31 50 25370 
31 50 25371 
31 50 25372 
30 50 25373 
31 50 25375 
31 50 25376 
31 50 25377 
31 50 25378 
31 50 25379 
31 50 25380 
31 50 25381 
31 50 25382 
31 50 25383 
31 50 25384 
31 50 25385 
31 50 25386 
31 50 25387 
31 50 25388 
31 50 25389 
31 50 25390 
31 50 25391 
31 50 25392 
31 50 25393 
31 50 25394 
31 50 25395 
31 50 25396 
31 50 25397 
31 50 25398 
31 50 25399 
31 50 25400 
31 50 25401 
31 50 25402 
31 50 25403 
31 50 25404 
31 50 25405 
31 50 25406 
31 50 25407 
31 50 25408 
31 50 25409 
31 50 25410 
31 50 25411 
31 50 25412 
31 50 25413 
30 50 25414 
30 50 25416 
31 50 25418 
31 50 25419 
31 50 25420 
31 50 25421 
31 50 25422 
31 50 25423 
31 50 25424 
31 50 25425 
31 50 25426 
31 50 25427 
31 50 25428 
31 50 25429 
31 50 25430 
31 50 25431 
31 50 25432 
31 50 25433 
31 50 25434 
31 50 25435 
31 50 25436 
31 50 25437 
31 50 25438 
31 50 25439 
31 50 25440 
31 50 25441 
31 50 25442 
31 50 25443 
31 50 25444 
31 50 25445 
31 50 25446 
31 50 25447 
31 50 25448 
31 50 25449 
31 50 25450 
31 50 25451 
31 50 25452 
31 50 25453 
31 50 25454 
31 50 25455 
31 50 25456 
31 50 25457 
31 50 25458 
31 50 25459 
31 50 25460 
31 50 25461 
31 50 25462 
31 50 25463 
31 50 25464 
31 50 25465 
31 50 25466 
31 50 25467 
31 50 25468 
30 50 25469 
30 50 25471 
31 50 25473 
31 50 25474 
31 50 25475 
31 50 25476 
31 50 25477 
30 50 25478 
31 50 25480 
31 50 25481 
31 50 25482 
31 50 25483 
31 50 25484 
31 50 25485 
31 50 25486 
31 50 25487 
31 50 25488 
31 50 25489 
31 50 25490 
31 50 25491 
31 50 25492 
31 50 25493 
31 50 25494 
31 50 25495 
31 50 25496 
31 50 25497 
31 50 25498 
31 50 25499 
31 50 25500 
31 50 25501 
31 50 25502 
31 50 25503 
31 50 25504 
31 50 25505 
31 50 25506 
31 50 25507 
31 50 25508 
31 50 25509 
31 50 25510 
31 50 25511 
31 50 25512 
31 50 25513 
31 50 25514 
30 50 25515 
31 50 25517 
31 50 25518 
31 50 25519 
31 50 25520 
31 50 25521 
31 50 25522 
31 50 25523 
31 50 25524 
31 50 25525 
31 50 25526 
31 50 25527 
31 50 25528 
31 50 25529 
31 50 25530 
31 50 25531 
31 50 25532 
31 50 25533 
31 50 25534 
31 50 25535 
31 50 25536 
31 50 25537 
31 50 25538 
31 50 25539 
31 50 25540 
31 50 25541 
31 50 25542 
31 50 25543 
31 50 25544 
31 50 25545 
31 50 25546 
31 50 25547 
31 50 25548 
31 50 25549 
31 50 25550 
31 50 25551 
31 50 25552 
31 50 25553 
31 50 25554 
31 50 25555 
31 50 25556 
31 50 25557 
31 50 25558 
31 50 25559 
31 50 25560 
31 50 25561 
31 50 25562 
31 50 25563 
31 50 25564 
31 50 25565 
31 50 25566 
31 50 25567 
31 50 25568 
31 50 25569 
31 50 25570 
31 50 25571 
31 50 25572 
31 50 25573 
31 50 25574 
31 50 25575 
31 50 25576 
31 50 25577 
31 50 25578 
31 50 25579 
31 50 25580 
31 50 25581 
31 50 25582 
31 50 25583 
31 50 25584 
31 50 25585 
31 50 25586 
31 50 25587 
31 50 25588 
31 50 25589 
31 50 25590 
31 50 25591 
31 50 25592 
31 50 25593 
31 50 25594 
31 50 25595 
31 50 25596 
31 50 25597 
31 50 25598 
31 50 25599 
31 50 25600 
31 50 25601 
31 50 25602 
31 50 25603 
31 50 25604 
31 50 25605 
31 50 25606 
31 50 25607 
31 50 25608 
31 50 25609 
31 50 25610 
31 50 25611 
31 50 25612 
31 50 25613 
31 50 25614 
31 50 25615 
31 50 25616 
31 50 25617 
31 50 25618 
31 50 25619 
31 50 25620 
31 50 25621 
31 50 25622 
31 50 25623 
31 50 25624 
31 50 25625 
31 50 25626 
31 50 25627 
31 50 25628 
31 50 25629 
31 50 25630 
31 50 25631 
31 50 25632 
31 50 25633 
31 50 25634 
31 50 25635 
31 50 25636 
31 50 25637 
31 50 25638 
31 50 25639 
31 50 25640 
31 50 25641 
31 50 25642 
31 50 25643 
31 50 25644 
31 50 25645 
31 50 25646 
31 50 25647 
31 50 25648 
31 50 25649 
31 50 25650 
31 50 25651 
31 50 25652 
31 50 25653 
31 50 25654 
31 50 25655 
31 50 25656 
31 50 25657 
31 50 25658 
31 50 25659 
31 50 25660 
31 50 25661 
31 50 25662 
30 50 25663 
31 50 25665 
31 50 25666 
31 50 25667 
31 50 25668 
31 50 25669 
31 50 25670 
31 50 25671 
31 50 25672 
31 50 25673 
31 50 25674 
31 50 25675 
31 50 25676 
31 50 25677 
31 50 25678 
31 50 25679 
31 50 25680 
31 50 25681 
31 50 25682 
31 50 25683 
31 50 25684 
31 50 25685 
31 50 25686 
31 50 25687 
31 50 25688 
31 50 25689 
31 50 25690 
31 50 25691 
31 50 25692 
31 50 25693 
31 50 25694 
31 50 25695 
31 50 25696 
31 50 25697 
31 50 25698 
31 50 25699 
31 50 25700 
31 50 25701 
31 50 25702 
31 50 25703 
31 50 25704 
31 50 25705 
31 50 25706 
31 50 25707 
31 50 25708 
31 50 25709 
31 50 25710 
31 50 25711 
31 50 25712 
31 50 25713 
31 50 25714 
31 50 25715 
31 50 25716 
31 50 25717 
31 50 25718 
31 50 25719 
31 50 25720 
31 50 25721 
31 50 25722 
31 50 25723 
31 50 25724 
31 50 25725 
31 50 25726 
31 50 25727 
31 50 25728 
31 50 25729 
31 50 25730 
31 50 25731 
31 50 25732 
31 50 25733 
31 50 25734 
31 50 25735 
31 50 25736 
31 50 25737 
31 50 25738 
31 50 25739 
31 50 25740 
31 50 25741 
31 50 25742 
31 50 25743 
31 50 25744 
31 50 25745 
31 50 25746 
31 50 25747 
31 50 25748 
31 50 25749 
31 50 25750 
31 50 25751 
31 50 25752 
31 50 25753 
31 50 25754 
31 50 25755 
31 50 25756 
31 50 25757 
31 50 25758 
31 50 25759 
31 50 25760 
31 50 25761 
31 50 25762 
31 50 25763 
31 50 25764 
31 50 25765 
31 50 25766 
31 50 25767 
31 50 25768 
31 50 25769 
31 50 25770 
31 50 25771 
31 50 25772 
31 50 25773 
31 50 25774 
31 50 25775 
31 50 25776 
31 50 25777 
31 50 25778 
31 50 25779 
31 50 25780 
31 50 25781 
31 50 25782 
31 50 25783 
31 50 25784 
31 50 25785 
31 50 25786 
31 50 25787 
31 50 25788 
31 50 25789 
31 50 25790 
31 50 25791 
31 50 25792 
31 50 25793 
31 50 25794 
31 50 25795 
31 50 25796 
31 50 25797 
31 50 25798 
31 50 25799 
31 50 25800 
31 50 25801 
31 50 25802 
31 50 25803 
31 50 25804 
31 50 25805 
31 50 25806 
31 50 25807 
31 50 25808 
31 50 25809 
31 50 25810 
31 50 25811 
31 50 25812 
31 50 25813 
31 50 25814 
31 50 25815 
31 50 25816 
31 50 25817 
31 50 25818 
31 50 25819 
31 50 25820 
31 50 25821 
31 50 25822 
31 50 25823 
31 50 25824 
31 50 25825 
31 50 25826 
31 50 25827 
31 50 25828 
31 50 25829 
31 50 25830 
31 50 25831 
31 50 25832 
31 50 25833 
31 50 25834 
31 50 25835 
31 50 25836 
31 50 25837 
31 50 25838 
31 50 25839 
31 50 25840 
30 50 25841 
30 50 25843 
30 50 25845 
30 50 25847 
30 50 25849 
31 50 25851 
31 50 25852 
31 50 25853 
31 50 25854 
31 50 25855 
31 50 25856 
31 50 25857 
31 50 25858 
31 50 25859 
31 50 25860 
31 50 25861 
31 50 25862 
31 50 25863 
31 50 25864 
31 50 25865 
31 50 25866 
31 50 25867 
31 50 25868 
31 50 25869 
31 50 25870 
31 50 25871 
31 50 25872 
31 50 25873 
31 50 25874 
31 50 25875 
30 50 25876 
31 50 25878 
31 50 25879 
31 50 25880 
31 50 25881 
31 50 25882 
31 50 25883 
31 50 25884 
31 50 25885 
31 50 25886 
31 50 25887 
31 50 25888 
31 50 25889 
31 50 25890 
31 50 25891 
31 50 25892 
31 50 25893 
31 50 25894 
31 50 25895 
31 50 25896 
31 50 25897 
31 50 25898 
31 50 25899 
31 50 25900 
31 50 25901 
31 50 25902 
31 50 25903 
31 50 25904 
31 50 25905 
31 50 25906 
31 50 25907 
31 50 25908 
30 50 25909 
31 50 25911 
31 50 25912 
31 50 25913 
31 50 25914 
31 50 25915 
31 50 25916 
31 50 25917 
31 50 25918 
31 50 25919 
31 50 25920 
31 50 25921 
31 50 25922 
31 50 25923 
31 50 25924 
31 50 25925 
31 50 25926 
31 50 25927 
31 50 25928 
31 50 25929 
31 50 25930 
31 50 25931 
31 50 25932 
31 50 25933 
31 50 25934 
31 50 25935 
31 50 25936 
31 50 25937 
30 50 25938 
31 50 25940 
31 50 25941 
31 50 25942 
31 50 25943 
31 50 25944 
31 50 25945 
31 50 25946 
31 50 25947 
31 50 25948 
31 50 25949 
31 50 25950 
31 50 25951 
31 50 25952 
31 50 25953 
31 50 25954 
31 50 25955 
31 50 25956 
31 50 25957 
31 50 25958 
31 50 25959 
31 50 25960 
31 50 25961 
31 50 25962 
31 50 25963 
31 50 25964 
31 50 25965 
31 50 25966 
31 50 25967 
31 50 25968 
31 50 25969 
31 50 25970 
31 50 25971 
31 50 25972 
31 50 25973 
31 50 25974 
31 50 25975 
31 50 25976 
31 50 25977 
31 50 25978 
31 50 25979 
31 50 25980 
31 50 25981 
32 50 25982 
31 50 25983 
31 50 25984 
31 50 25985 
31 50 25986 
31 50 25987 
31 50 25988 
31 50 25989 
31 50 25990 
31 50 25991 
30 50 25992 
30 50 25994 
31 50 25996 
31 50 25997 
31 50 25998 
31 50 25999 
31 50 26000 
30 50 26001 
31 50 26003 
32 50 26004 
32 50 26005 
31 50 26006 
31 50 26007 
30 50 26008 
30 50 26010 
31 50 26012 
30 50 26013 
30 50 26015 
30 50 26017 
30 50 26019 
31 50 26021 
30 50 26022 
30 50 26024 
31 50 26026 
31 50 26027 
31 50 26028 
31 50 26029 
31 50 26030 
31 50 26031 
31 50 26032 
30 50 26033 
30 50 26035 
31 50 26037 
31 50 26038 
31 50 26039 
31 50 26040 
31 50 26041 
31 50 26042 
31 50 26043 
30 50 26044 
29 50 26046 
31 50 26048 
32 50 26049 
32 50 26050 
31 50 26051 
30 50 26052 
30 50 26054 
31 50 26056 
31 50 26057 
32 50 26058 
32 50 26059 
30 50 26060 
29 50 26062 
30 50 26064 
31 50 26066 
31 50 26067 
30 50 26068 
31 50 26070 
31 50 26071 
31 50 26072 
31 50 26073 
31 50 26074 
31 50 26075 
31 50 26076 
31 50 26077 
31 50 26078 
31 50 26079 
31 50 26080 
31 50 26081 
31 50 26082 
31 50 26083 
31 50 26084 
31 50 26085 
31 50 26086 
31 50 26087 
31 50 26088 
31 50 26089 
31 50 26090 
31 50 26091 
31 50 26092 
31 50 26093 
31 50 26094 
31 50 26095 
31 50 26096 
31 50 26097 
31 50 26098 
31 50 26099 
31 50 26100 
31 50 26101 
31 50 26102 
30 50 26103 
31 50 26105 
31 50 26106 
30 50 26107 
31 50 26109 
31 50 26110 
31 50 26111 
31 50 26112 
32 50 26113 
31 50 26114 
32 50 26115 
32 50 26116 
32 50 26117 
31 50 26118 
30 50 26119 
31 50 26121 
31 50 26122 
31 50 26123 
31 50 26124 
31 50 26125 
31 50 26126 
31 50 26127 
31 50 26128 
32 50 26129 
28 50 26130 
29 50 26132 
33 50 26134 
32 50 26135 
31 50 26136 
32 50 26137 
31 50 26138 
31 50 26139 
31 50 26140 
32 50 26141 
31 50 26142 
30 50 26143 
30 50 26145 
31 50 26147 
33 50 26148 
32 50 26149 
30 50 26150 
32 50 26152 
31 50 26153 
30 50 26154 
31 50 26156 
31 50 26157 
31 50 26158 
31 50 26159 
32 50 26160 
31 50 26161 
31 50 26162 
32 50 26163 
32 50 26164 
31 50 26165 
31 50 26166 
31 50 26167 
30 50 26168 
31 50 26170 
31 50 26171 
31 50 26172 
31 50 26173 
30 50 26174 
31 50 26176 
32 50 26177 
31 50 26178 
32 50 26179 
32 50 26180 
30 50 26181 
30 50 26183 
33 50 26185 
32 50 26186 
31 50 26187 
32 50 26188 
32 50 26189 
32 50 26190 
31 50 26191 
31 50 26192 
31 50 26193 
31 50 26194 
31 50 26195 
30 50 26196 
31 50 26198 
31 50 26199 
30 50 26200 
31 50 26202 
31 50 26203 
31 50 26204 
31 50 26205 
31 50 26206 
31 50 26207 
31 50 26208 
31 50 26209 
32 50 26210 
32 50 26211 
30 50 26212 
30 50 26214 
30 50 26216 
30 50 26218 
32 50 26220 
32 50 26221 
33 50 26222 
32 50 26223 
31 50 26224 
32 50 26225 
31 50 26226 
31 50 26227 
31 50 26228 
31 50 26229 
31 50 26230 
31 50 26231 
31 50 26232 
31 50 26233 
31 50 26234 
31 50 26235 
31 50 26236 
31 50 26237 
31 50 26238 
31 50 26239 
31 50 26240 
31 50 26241 
31 50 26242 
31 50 26243 
31 50 26244 
31 50 26245 
31 50 26246 
31 50 26247 
31 50 26248 
31 50 26249 
31 50 26250 
31 50 26251 
32 50 26252 
32 50 26253 
31 50 26254 
31 50 26255 
31 50 26256 
31 50 26257 
32 50 26258 
32 50 26259 
32 50 26260 
32 50 26261 
32 50 26262 
31 50 26263 
31 50 26264 
31 50 26265 
31 50 26266 
31 50 26267 
31 50 26268 
31 50 26269 
31 50 26270 
31 50 26271 
31 50 26272 
31 50 26273 
31 50 26274 
31 50 26275 
32 50 26276 
32 50 26277 
33 50 26278 
32 50 26279 
31 50 26280 
31 50 26281 
29 50 26282 
31 50 26284 
32 50 26285 
33 50 26286 
33 50 26287 
29 50 26288 
30 50 26290 
31 50 26292 
31 50 26293 
31 50 26294 
31 50 26295 
31 50 26296 
31 50 26297 
31 50 26298 
31 50 26299 
31 50 26300 
31 50 26301 
31 50 26302 
31 50 26303 
31 50 26304 
31 50 26305 
31 50 26306 
32 50 26307 
31 50 26308 
30 50 26309 
30 50 26311 
31 50 26313 
34 50 26314 
33 50 26315 
30 50 26316 
30 50 26318 
30 50 26320 
31 50 26322 
31 50 26323 
30 50 26324 
31 50 26326 
30 50 26327 
30 50 26329 
31 50 26331 
31 50 26332 
31 50 26333 
31 50 26334 
30 50 26335 
32 50 26337 
33 50 26338 
31 50 26339 
31 50 26340 
32 50 26341 
31 50 26342 
31 50 26343 
31 50 26344 
31 50 26345 
31 50 26346 
31 50 26347 
31 50 26348 
31 50 26349 
31 50 26350 
30 50 26351 
30 50 26353 
30 50 26355 
29 50 26357 
30 50 26359 
31 50 26361 
31 50 26362 
31 50 26363 
31 50 26364 
31 50 26365 
30 50 26366 
31 50 26368 
31 50 26369 
31 50 26370 
31 50 26371 
31 50 26372 
31 50 26373 
31 50 26374 
31 50 26375 
31 50 26376 
31 50 26377 
31 50 26378 
31 50 26379 
32 50 26380 
33 50 26381 
33 50 26382 
33 50 26383 
32 50 26384 
32 50 26385 
31 50 26386 
31 50 26387 
31 50 26388 
31 50 26389 
31 50 26390 
31 50 26391 
31 50 26392 
31 50 26393 
31 50 26394 
31 50 26395 
31 50 26396 
31 50 26397 
31 50 26398 
31 50 26399 
31 50 26400 
31 50 26401 
31 50 26402 
31 50 26403 
32 50 26404 
31 50 26405 
31 50 26406 
30 50 26407 
31 50 26409 
30 50 26410 
30 50 26412 
31 50 26414 
31 50 26415 
31 50 26416 
31 50 26417 
31 50 26418 
31 50 26419 
31 50 26420 
31 50 26421 
31 50 26422 
31 50 26423 
31 50 26424 
31 50 26425 
31 50 26426 
32 50 26427 
31 50 26428 
31 50 26429 
31 50 26430 
31 50 26431 
31 50 26432 
31 50 26433 
31 50 26434 
31 50 26435 
31 50 26436 
31 50 26437 
31 50 26438 
31 50 26439 
31 50 26440 
31 50 26441 
31 50 26442 
31 50 26443 
31 50 26444 
31 50 26445 
31 50 26446 
31 50 26447 
31 50 26448 
31 50 26449 
32 50 26450 
32 50 26451 
31 50 26452 
31 50 26453 
31 50 26454 
31 50 26455 
31 50 26456 
32 50 26457 
32 50 26458 
31 50 26459 
31 50 26460 
32 50 26461 
32 50 26462 
32 50 26463 
32 50 26464 
32 50 26465 
32 50 26466 
32 50 26467 
32 50 26468 
32 50 26469 
32 50 26470 
31 50 26471 
31 50 26472 
32 50 26473 
32 50 26474 
33 50 26475 
32 50 26476 
32 50 26477 
32 50 26478 
32 50 26479 
32 50 26480 
32 50 26481 
32 50 26482 
32 50 26483 
32 50 26484 
32 50 26485 
32 50 26486 
32 50 26487 
32 50 26488 
32 50 26489 
32 50 26490 
32 50 26491 
31 50 26492 
32 50 26493 
32 50 26494 
32 50 26495 
32 50 26496 
32 50 26497 
32 50 26498 
32 50 26499 
32 50 26500 
32 50 26501 
32 50 26502 
32 50 26503 
32 50 26504 
32 50 26505 
32 50 26506 
32 50 26507 
32 50 26508 
32 50 26509 
31 50 26510 
31 50 26511 
32 50 26512 
32 50 26513 
32 50 26514 
32 50 26515 
32 50 26516 
32 50 26517 
31 50 26518 
31 50 26519 
32 50 26520 
31 50 26521 
32 50 26522 
32 50 26523 
32 50 26524 
32 50 26525 
32 50 26526 
32 50 26527 
32 50 26528 
32 50 26529 
32 50 26530 
32 50 26531 
32 50 26532 
32 50 26533 
32 50 26534 
32 50 26535 
32 50 26536 
32 50 26537 
32 50 26538 
32 50 26539 
32 50 26540 
32 50 26541 
31 50 26542 
32 50 26543 
32 50 26544 
32 50 26545 
32 50 26546 
32 50 26547 
32 50 26548 
32 50 26549 
32 50 26550 
32 50 26551 
32 50 26552 
32 50 26553 
32 50 26554 
32 50 26555 
32 50 26556 
32 50 26557 
32 50 26558 
32 50 26559 
32 50 26560 
32 50 26561 
32 50 26562 
32 50 26563 
32 50 26564 
31 50 26565 
32 50 26566 
32 50 26567 
32 50 26568 
32 50 26569 
32 50 26570 
32 50 26571 
32 50 26572 
32 50 26573 
32 50 26574 
32 50 26575 
32 50 26576 
32 50 26577 
31 50 26578 
32 50 26579 
32 50 26580 
32 50 26581 
32 50 26582 
32 50 26583 
32 50 26584 
32 50 26585 
32 50 26586 
32 50 26587 
32 50 26588 
32 50 26589 
32 50 26590 
32 50 26591 
32 50 26592 
32 50 26593 
32 50 26594 
31 50 26595 
32 50 26596 
32 50 26597 
32 50 26598 
32 50 26599 
32 50 26600 
32 50 26601 
32 50 26602 
32 50 26603 
31 50 26604 
32 50 26605 
32 50 26606 
32 50 26607 
31 50 26608 
32 50 26609 
32 50 26610 
32 50 26611 
31 50 26612 
31 50 26613 
32 50 26614 
32 50 26615 
32 50 26616 
32 50 26617 
32 50 26618 
32 50 26619 
32 50 26620 
32 50 26621 
32 50 26622 
32 50 26623 
31 50 26624 
31 50 26625 
32 50 26626 
32 50 26627 
31 50 26628 
32 50 26629 
32 50 26630 
32 50 26631 
32 50 26632 
32 50 26633 
31 50 26634 
32 50 26635 
32 50 26636 
32 50 26637 
32 50 26638 
31 50 26639 
31 50 26640 
32 50 26641 
31 50 26642 
32 50 26643 
32 50 26644 
32 50 26645 
32 50 26646 
31 50 26647 
31 50 26648 
32 50 26649 
32 50 26650 
31 50 26651 
32 50 26652 
32 50 26653 
32 50 26654 
32 50 26655 
32 50 26656 
32 50 26657 
32 50 26658 
32 50 26659 
32 50 26660 
32 50 26661 
32 50 26662 
32 50 26663 
32 50 26664 
32 50 26665 
32 50 26666 
32 50 26667 
32 50 26668 
32 50 26669 
32 50 26670 
32 50 26671 
32 50 26672 
32 50 26673 
32 50 26674 
32 50 26675 
32 50 26676 
32 50 26677 
32 50 26678 
32 50 26679 
32 50 26680 
32 50 26681 
32 50 26682 
32 50 26683 
32 50 26684 
32 50 26685 
32 50 26686 
32 50 26687 
32 50 26688 
32 50 26689 
32 50 26690 
32 50 26691 
32 50 26692 
32 50 26693 
32 50 26694 
32 50 26695 
32 50 26696 
32 50 26697 
32 50 26698 
32 50 26699 
32 50 26700 
32 50 26701 
32 50 26702 
32 50 26703 
32 50 26704 
32 50 26705 
32 50 26706 
32 50 26707 
32 50 26708 
32 50 26709 
32 50 26710 
32 50 26711 
32 50 26712 
32 50 26713 
32 50 26714 
32 50 26715 
32 50 26716 
32 50 26717 
32 50 26718 
32 50 26719 
32 50 26720 
32 50 26721 
32 50 26722 
32 50 26723 
32 50 26724 
32 50 26725 
32 50 26726 
32 50 26727 
32 50 26728 
32 50 26729 
32 50 26730 
32 50 26731 
32 50 26732 
32 50 26733 
32 50 26734 
32 50 26735 
31 50 26736 
31 50 26737 
32 50 26738 
32 50 26739 
32 50 26740 
32 50 26741 
32 50 26742 
32 50 26743 
32 50 26744 
32 50 26745 
32 50 26746 
32 50 26747 
32 50 26748 
32 50 26749 
32 50 26750 
32 50 26751 
32 50 26752 
32 50 26753 
32 50 26754 
32 50 26755 
32 50 26756 
32 50 26757 
32 50 26758 
32 50 26759 
32 50 26760 
32 50 26761 
32 50 26762 
32 50 26763 
32 50 26764 
32 50 26765 
32 50 26766 
32 50 26767 
32 50 26768 
32 50 26769 
32 50 26770 
32 50 26771 
32 50 26772 
32 50 26773 
32 50 26774 
32 50 26775 
32 50 26776 
32 50 26777 
32 50 26778 
32 50 26779 
32 50 26780 
32 50 26781 
32 50 26782 
32 50 26783 
32 50 26784 
32 50 26785 
32 50 26786 
32 50 26787 
32 50 26788 
32 50 26789 
32 50 26790 
32 50 26791 
32 50 26792 
32 50 26793 
32 50 26794 
32 50 26795 
32 50 26796 
32 50 26797 
32 50 26798 
32 50 26799 
32 50 26800 
32 50 26801 
32 50 26802 
32 50 26803 
32 50 26804 
32 50 26805 
32 50 26806 
32 50 26807 
32 50 26808 
32 50 26809 
32 50 26810 
32 50 26811 
32 50 26812 
32 50 26813 
32 50 26814 
32 50 26815 
32 50 26816 
32 50 26817 
32 50 26818 
32 50 26819 
32 50 26820 
32 50 26821 
32 50 26822 
31 50 26823 
32 50 26824 
32 50 26825 
32 50 26826 
32 50 26827 
32 50 26828 
32 50 26829 
32 50 26830 
31 50 26831 
32 50 26832 
32 50 26833 
32 50 26834 
32 50 26835 
32 50 26836 
32 50 26837 
32 50 26838 
32 50 26839 
32 50 26840 
32 50 26841 
32 50 26842 
32 50 26843 
32 50 26844 
32 50 26845 
32 50 26846 
32 50 26847 
32 50 26848 
32 50 26849 
32 50 26850 
32 50 26851 
32 50 26852 
32 50 26853 
32 50 26854 
32 50 26855 
32 50 26856 
32 50 26857 
32 50 26858 
32 50 26859 
32 50 26860 
32 50 26861 
32 50 26862 
32 50 26863 
32 50 26864 
32 50 26865 
32 50 26866 
32 50 26867 
32 50 26868 
32 50 26869 
32 50 26870 
32 50 26871 
32 50 26872 
32 50 26873 
32 50 26874 
32 50 26875 
32 50 26876 
32 50 26877 
32 50 26878 
32 50 26879 
32 50 26880 
32 50 26881 
32 50 26882 
32 50 26883 
32 50 26884 
32 50 26885 
32 50 26886 
32 50 26887 
32 50 26888 
32 50 26889 
32 50 26890 
32 50 26891 
32 50 26892 
32 50 26893 
32 50 26894 
32 50 26895 
32 50 26896 
32 50 26897 
32 50 26898 
32 50 26899 
32 50 26900 
32 50 26901 
32 50 26902 
32 50 26903 
32 50 26904 
32 50 26905 
32 50 26906 
32 50 26907 
32 50 26908 
32 50 26909 
32 50 26910 
32 50 26911 
32 50 26912 
32 50 26913 
32 50 26914 
32 50 26915 
32 50 26916 
32 50 26917 
32 50 26918 
32 50 26919 
32 50 26920 
32 50 26921 
32 50 26922 
32 50 26923 
32 50 26924 
32 50 26925 
32 50 26926 
32 50 26927 
32 50 26928 
32 50 26929 
32 50 26930 
32 50 26931 
32 50 26932 
32 50 26933 
32 50 26934 
32 50 26935 
32 50 26936 
32 50 26937 
32 50 26938 
32 50 26939 
32 50 26940 
32 50 26941 
32 50 26942 
32 50 26943 
32 50 26944 
32 50 26945 
32 50 26946 
32 50 26947 
32 50 26948 
32 50 26949 
32 50 26950 
32 50 26951 
32 50 26952 
32 50 26953 
32 50 26954 
32 50 26955 
32 50 26956 
32 50 26957 
32 50 26958 
32 50 26959 
32 50 26960 
32 50 26961 
32 50 26962 
32 50 26963 
32 50 26964 
32 50 26965 
32 50 26966 
32 50 26967 
32 50 26968 
32 50 26969 
32 50 26970 
32 50 26971 
32 50 26972 
32 50 26973 
32 50 26974 
32 50 26975 
32 50 26976 
32 50 26977 
32 50 26978 
32 50 26979 
32 50 26980 
32 50 26981 
32 50 26982 
32 50 26983 
32 50 26984 
32 50 26985 
32 50 26986 
32 50 26987 
32 50 26988 
32 50 26989 
32 50 26990 
32 50 26991 
32 50 26992 
32 50 26993 
32 50 26994 
32 50 26995 
32 50 26996 
32 50 26997 
32 50 26998 
32 50 26999 
32 50 27000 
32 50 27001 
32 50 27002 
32 50 27003 
32 50 27004 
32 50 27005 
32 50 27006 
32 50 27007 
32 50 27008 
32 50 27009 
32 50 27010 
32 50 27011 
32 50 27012 
32 50 27013 
32 50 27014 
32 50 27015 
32 50 27016 
32 50 27017 
32 50 27018 
32 50 27019 
32 50 27020 
32 50 27021 
32 50 27022 
32 50 27023 
32 50 27024 
32 50 27025 
32 50 27026 
32 50 27027 
32 50 27028 
32 50 27029 
32 50 27030 
32 50 27031 
32 50 27032 
32 50 27033 
32 50 27034 
32 50 27035 
32 50 27036 
32 50 27037 
32 50 27038 
32 50 27039 
32 50 27040 
32 50 27041 
32 50 27042 
32 50 27043 
32 50 27044 
32 50 27045 
32 50 27046 
32 50 27047 
32 50 27048 
32 50 27049 
32 50 27050 
32 50 27051 
32 50 27052 
32 50 27053 
32 50 27054 
32 50 27055 
32 50 27056 
32 50 27057 
32 50 27058 
32 50 27059 
32 50 27060 
32 50 27061 
32 50 27062 
32 50 27063 
32 50 27064 
32 50 27065 
32 50 27066 
32 50 27067 
32 50 27068 
32 50 27069 
32 50 27070 
32 50 27071 
32 50 27072 
32 50 27073 
32 50 27074 
32 50 27075 
32 50 27076 
32 50 27077 
32 50 27078 
32 50 27079 
32 50 27080 
32 50 27081 
32 50 27082 
32 50 27083 
32 50 27084 
32 50 27085 
32 50 27086 
32 50 27087 
32 50 27088 
32 50 27089 
32 50 27090 
32 50 27091 
32 50 27092 
32 50 27093 
32 50 27094 
32 50 27095 
32 50 27096 
32 50 27097 
32 50 27098 
32 50 27099 
32 50 27100 
32 50 27101 
32 50 27102 
32 50 27103 
32 50 27104 
32 50 27105 
32 50 27106 
32 50 27107 
32 50 27108 
32 50 27109 
32 50 27110 
32 50 27111 
32 50 27112 
32 50 27113 
32 50 27114 
32 50 27115 
32 50 27116 
32 50 27117 
32 50 27118 
32 50 27119 
32 50 27120 
32 50 27121 
32 50 27122 
32 50 27123 
32 50 27124 
32 50 27125 
32 50 27126 
32 50 27127 
32 50 27128 
32 50 27129 
32 50 27130 
32 50 27131 
32 50 27132 
32 50 27133 
32 50 27134 
32 50 27135 
32 50 27136 
32 50 27137 
32 50 27138 
32 50 27139 
32 50 27140 
32 50 27141 
32 50 27142 
32 50 27143 
32 50 27144 
32 50 27145 
32 50 27146 
32 50 27147 
32 50 27148 
32 50 27149 
32 50 27150 
32 50 27151 
32 50 27152 
32 50 27153 
32 50 27154 
32 50 27155 
32 50 27156 
32 50 27157 
32 50 27158 
32 50 27159 
32 50 27160 
32 50 27161 
32 50 27162 
32 50 27163 
32 50 27164 
32 50 27165 
32 50 27166 
32 50 27167 
32 50 27168 
32 50 27169 
32 50 27170 
32 50 27171 
32 50 27172 
32 50 27173 
32 50 27174 
32 50 27175 
32 50 27176 
32 50 27177 
32 50 27178 
32 50 27179 
32 50 27180 
32 50 27181 
32 50 27182 
32 50 27183 
32 50 27184 
32 50 27185 
32 50 27186 
32 50 27187 
32 50 27188 
32 50 27189 
32 50 27190 
32 50 27191 
32 50 27192 
32 50 27193 
32 50 27194 
32 50 27195 
32 50 27196 
32 50 27197 
32 50 27198 
32 50 27199 
32 50 27200 
32 50 27201 
32 50 27202 
32 50 27203 
32 50 27204 
32 50 27205 
32 50 27206 
32 50 27207 
32 50 27208 
32 50 27209 
32 50 27210 
32 50 27211 
32 50 27212 
32 50 27213 
32 50 27214 
32 50 27215 
32 50 27216 
32 50 27217 
32 50 27218 
32 50 27219 
32 50 27220 
32 50 27221 
32 50 27222 
32 50 27223 
32 50 27224 
31 50 27225 
32 50 27226 
32 50 27227 
32 50 27228 
32 50 27229 
32 50 27230 
32 50 27231 
32 50 27232 
32 50 27233 
32 50 27234 
32 50 27235 
32 50 27236 
32 50 27237 
32 50 27238 
32 50 27239 
32 50 27240 
32 50 27241 
32 50 27242 
32 50 27243 
32 50 27244 
32 50 27245 
32 50 27246 
32 50 27247 
32 50 27248 
32 50 27249 
32 50 27250 
32 50 27251 
31 50 27252 
32 50 27253 
32 50 27254 
32 50 27255 
32 50 27256 
32 50 27257 
32 50 27258 
32 50 27259 
32 50 27260 
32 50 27261 
32 50 27262 
32 50 27263 
32 50 27264 
32 50 27265 
32 50 27266 
32 50 27267 
32 50 27268 
32 50 27269 
32 50 27270 
32 50 27271 
32 50 27272 
32 50 27273 
32 50 27274 
32 50 27275 
32 50 27276 
32 50 27277 
32 50 27278 
32 50 27279 
32 50 27280 
32 50 27281 
32 50 27282 
32 50 27283 
32 50 27284 
32 50 27285 
32 50 27286 
32 50 27287 
32 50 27288 
32 50 27289 
32 50 27290 
32 50 27291 
32 50 27292 
32 50 27293 
32 50 27294 
32 50 27295 
32 50 27296 
32 50 27297 
32 50 27298 
32 50 27299 
32 50 27300 
32 50 27301 
32 50 27302 
32 50 27303 
32 50 27304 
32 50 27305 
32 50 27306 
32 50 27307 
32 50 27308 
32 50 27309 
32 50 27310 
32 50 27311 
32 50 27312 
32 50 27313 
32 50 27314 
32 50 27315 
32 50 27316 
32 50 27317 
31 50 27318 
31 50 27319 
32 50 27320 
32 50 27321 
32 50 27322 
32 50 27323 
32 50 27324 
32 50 27325 
32 50 27326 
32 50 27327 
32 50 27328 
32 50 27329 
32 50 27330 
32 50 27331 
32 50 27332 
32 50 27333 
32 50 27334 
32 50 27335 
32 50 27336 
32 50 27337 
32 50 27338 
32 50 27339 
32 50 27340 
32 50 27341 
32 50 27342 
32 50 27343 
32 50 27344 
32 50 27345 
32 50 27346 
32 50 27347 
32 50 27348 
32 50 27349 
32 50 27350 
32 50 27351 
32 50 27352 
32 50 27353 
32 50 27354 
32 50 27355 
32 50 27356 
32 50 27357 
32 50 27358 
32 50 27359 
32 50 27360 
32 50 27361 
32 50 27362 
32 50 27363 
32 50 27364 
32 50 27365 
32 50 27366 
32 50 27367 
32 50 27368 
32 50 27369 
32 50 27370 
32 50 27371 
32 50 27372 
32 50 27373 
32 50 27374 
32 50 27375 
32 50 27376 
32 50 27377 
32 50 27378 
32 50 27379 
32 50 27380 
32 50 27381 
32 50 27382 
32 50 27383 
32 50 27384 
32 50 27385 
32 50 27386 
32 50 27387 
32 50 27388 
32 50 27389 
32 50 27390 
32 50 27391 
32 50 27392 
32 50 27393 
32 50 27394 
32 50 27395 
32 50 27396 
32 50 27397 
32 50 27398 
32 50 27399 
32 50 27400 
32 50 27401 
32 50 27402 
32 50 27403 
32 50 27404 
32 50 27405 
32 50 27406 
32 50 27407 
32 50 27408 
32 50 27409 
32 50 27410 
32 50 27411 
32 50 27412 
32 50 27413 
32 50 27414 
32 50 27415 
32 50 27416 
32 50 27417 
32 50 27418 
32 50 27419 
32 50 27420 
32 50 27421 
32 50 27422 
32 50 27423 
32 50 27424 
32 50 27425 
32 50 27426 
32 50 27427 
32 50 27428 
32 50 27429 
32 50 27430 
32 50 27431 
32 50 27432 
32 50 27433 
32 50 27434 
32 50 27435 
32 50 27436 
32 50 27437 
32 50 27438 
32 50 27439 
32 50 27440 
32 50 27441 
32 50 27442 
32 50 27443 
32 50 27444 
32 50 27445 
32 50 27446 
32 50 27447 
32 50 27448 
32 50 27449 
32 50 27450 
32 50 27451 
32 50 27452 
32 50 27453 
32 50 27454 
32 50 27455 
32 50 27456 
32 50 27457 
32 50 27458 
32 50 27459 
32 50 27460 
32 50 27461 
32 50 27462 
32 50 27463 
32 50 27464 
32 50 27465 
32 50 27466 
32 50 27467 
32 50 27468 
32 50 27469 
32 50 27470 
32 50 27471 
32 50 27472 
32 50 27473 
32 50 27474 
32 50 27475 
32 50 27476 
32 50 27477 
32 50 27478 
32 50 27479 
32 50 27480 
32 50 27481 
32 50 27482 
32 50 27483 
32 50 27484 
32 50 27485 
32 50 27486 
32 50 27487 
32 50 27488 
32 50 27489 
32 50 27490 
32 50 27491 
32 50 27492 
32 50 27493 
32 50 27494 
32 50 27495 
32 50 27496 
32 50 27497 
32 50 27498 
32 50 27499 
32 50 27500 
32 50 27501 
32 50 27502 
32 50 27503 
32 50 27504 
32 50 27505 
32 50 27506 
32 50 27507 
32 50 27508 
32 50 27509 
32 50 27510 
32 50 27511 
32 50 27512 
32 50 27513 
32 50 27514 
32 50 27515 
32 50 27516 
32 50 27517 
32 50 27518 
32 50 27519 
32 50 27520 
32 50 27521 
32 50 27522 
32 50 27523 
32 50 27524 
32 50 27525 
32 50 27526 
32 50 27527 
32 50 27528 
32 50 27529 
32 50 27530 
32 50 27531 
32 50 27532 
32 50 27533 
32 50 27534 
32 50 27535 
32 50 27536 
32 50 27537 
32 50 27538 
32 50 27539 
32 50 27540 
32 50 27541 
32 50 27542 
32 50 27543 
32 50 27544 
32 50 27545 
32 50 27546 
32 50 27547 
32 50 27548 
32 50 27549 
32 50 27550 
32 50 27551 
32 50 27552 
32 50 27553 
32 50 27554 
32 50 27555 
32 50 27556 
32 50 27557 
32 50 27558 
32 50 27559 
32 50 27560 
32 50 27561 
32 50 27562 
32 50 27563 
32 50 27564 
32 50 27565 
32 50 27566 
32 50 27567 
32 50 27568 
32 50 27569 
32 50 27570 
32 50 27571 
32 50 27572 
32 50 27573 
32 50 27574 
32 50 27575 
32 50 27576 
32 50 27577 
32 50 27578 
32 50 27579 
32 50 27580 
32 50 27581 
32 50 27582 
32 50 27583 
32 50 27584 
32 50 27585 
32 50 27586 
32 50 27587 
32 50 27588 
32 50 27589 
32 50 27590 
32 50 27591 
32 50 27592 
32 50 27593 
32 50 27594 
32 50 27595 
32 50 27596 
32 50 27597 
32 50 27598 
32 50 27599 
32 50 27600 
32 50 27601 
32 50 27602 
32 50 27603 
32 50 27604 
32 50 27605 
32 50 27606 
32 50 27607 
32 50 27608 
32 50 27609 
32 50 27610 
32 50 27611 
32 50 27612 
32 50 27613 
32 50 27614 
32 50 27615 
32 50 27616 
32 50 27617 
32 50 27618 
32 50 27619 
32 50 27620 
32 50 27621 
32 50 27622 
32 50 27623 
32 50 27624 
32 50 27625 
32 50 27626 
32 50 27627 
32 50 27628 
32 50 27629 
32 50 27630 
32 50 27631 
32 50 27632 
32 50 27633 
32 50 27634 
32 50 27635 
32 50 27636 
32 50 27637 
32 50 27638 
32 50 27639 
32 50 27640 
32 50 27641 
32 50 27642 
32 50 27643 
32 50 27644 
32 50 27645 
32 50 27646 
32 50 27647 
32 50 27648 
32 50 27649 
32 50 27650 
32 50 27651 
32 50 27652 
32 50 27653 
32 50 27654 
32 50 27655 
32 50 27656 
32 50 27657 
32 50 27658 
32 50 27659 
32 50 27660 
32 50 27661 
32 50 27662 
32 50 27663 
32 50 27664 
32 50 27665 
32 50 27666 
32 50 27667 
32 50 27668 
32 50 27669 
32 50 27670 
32 50 27671 
32 50 27672 
32 50 27673 
32 50 27674 
32 50 27675 
32 50 27676 
32 50 27677 
32 50 27678 
32 50 27679 
32 50 27680 
32 50 27681 
32 50 27682 
32 50 27683 
32 50 27684 
32 50 27685 
32 50 27686 
32 50 27687 
32 50 27688 
32 50 27689 
32 50 27690 
32 50 27691 
32 50 27692 
32 50 27693 
32 50 27694 
32 50 27695 
32 50 27696 
32 50 27697 
32 50 27698 
32 50 27699 
32 50 27700 
32 50 27701 
32 50 27702 
32 50 27703 
32 50 27704 
32 50 27705 
32 50 27706 
32 50 27707 
32 50 27708 
32 50 27709 
32 50 27710 
32 50 27711 
32 50 27712 
32 50 27713 
32 50 27714 
32 50 27715 
32 50 27716 
32 50 27717 
32 50 27718 
32 50 27719 
32 50 27720 
32 50 27721 
32 50 27722 
32 50 27723 
32 50 27724 
32 50 27725 
32 50 27726 
32 50 27727 
32 50 27728 
32 50 27729 
32 50 27730 
32 50 27731 
32 50 27732 
32 50 27733 
32 50 27734 
32 50 27735 
32 50 27736 
32 50 27737 
32 50 27738 
32 50 27739 
32 50 27740 
32 50 27741 
32 50 27742 
32 50 27743 
32 50 27744 
32 50 27745 
32 50 27746 
32 50 27747 
32 50 27748 
32 50 27749 
32 50 27750 
32 50 27751 
32 50 27752 
32 50 27753 
32 50 27754 
32 50 27755 
32 50 27756 
32 50 27757 
32 50 27758 
32 50 27759 
32 50 27760 
32 50 27761 
32 50 27762 
32 50 27763 
32 50 27764 
32 50 27765 
32 50 27766 
32 50 27767 
32 50 27768 
32 50 27769 
32 50 27770 
32 50 27771 
32 50 27772 
32 50 27773 
32 50 27774 
32 50 27775 
32 50 27776 
32 50 27777 
32 50 27778 
32 50 27779 
32 50 27780 
32 50 27781 
32 50 27782 
32 50 27783 
32 50 27784 
32 50 27785 
32 50 27786 
32 50 27787 
32 50 27788 
32 50 27789 
32 50 27790 
32 50 27791 
32 50 27792 
32 50 27793 
32 50 27794 
32 50 27795 
32 50 27796 
32 50 27797 
32 50 27798 
32 50 27799 
32 50 27800 
32 50 27801 
32 50 27802 
32 50 27803 
32 50 27804 
32 50 27805 
32 50 27806 
32 50 27807 
32 50 27808 
32 50 27809 
32 50 27810 
32 50 27811 
32 50 27812 
32 50 27813 
32 50 27814 
32 50 27815 
32 50 27816 
32 50 27817 
32 50 27818 
32 50 27819 
32 50 27820 
32 50 27822 
32 100 27828 
32 100 27834 
32 100 27840 
32 100 27846 
32 100 27852 
32 100 27858 
32 100 27864 
32 100 27870 
32 100 27876 
33 100 27882 
33 100 27888 
33 100 27894 
33 100 27900 
33 100 27906 
33 100 27912 
33 100 27918 
33 100 27924 
33 100 27930 
33 100 27936 
33 100 27942 
33 100 27948 
33 100 27954 
33 100 27960 
34 100 27966 
34 100 27972 
34 100 27978 
33 100 27984 
34 100 27990 
34 100 27996 
34 100 28002 
34 100 28008 
34 100 28014 
34 100 28020 
34 100 28026 
34 100 28032 
34 100 28038 
34 100 28044 
35 100 28050 
35 100 28056 
34 100 28062 
35 100 28068 
35 100 28074 
35 100 28080 
34 100 28086 
34 100 28092 
34 100 28098 
35 100 28104 
35 100 28110 
35 100 28116 
35 100 28122 
35 100 28128 
35 100 28134 
35 100 28140 
35 100 28146 
35 100 28152 
36 100 28158 
36 100 28164 
35 100 28170 
35 100 28176 
36 100 28182 
36 100 28188 
36 100 28194 
36 100 28200 
36 100 28206 
36 100 28212 
36 100 28218 
36 100 28224 
36 100 28230 
36 100 28236 
36 100 28242 
37 100 28248 
37 100 28254 
37 100 28260 
37 100 28266 
37 100 28272 
37 100 28278 
37 100 28284 
37 100 28290 
37 100 28296 
37 100 28302 
37 100 28308 
37 100 28314 
37 100 28320 
37 100 28326 
37 100 28332 
38 100 28338 
38 100 28344 
38 100 28350 
38 100 28356 
38 100 28362 
38 100 28368 
38 100 28374 
38 100 28380 
38 100 28386 
39 100 28392 
39 100 28398 
39 100 28404 
39 100 28410 
39 100 28416 
39 100 28422 
39 100 28428 
39 100 28434 
39 100 28440 
39 100 28446 
39 100 28452 
39 100 28458 
39 100 28464 
39 100 28470 
39 100 28476 
39 100 28482 
40 100 28488 
40 100 28494 
40 100 28500 
40 100 28506 
40 100 28512 
40 100 28518 
40 100 28524 
40 100 28530 
40 100 28536 
41 100 28542 
41 100 28547 
41 100 28552 
41 100 28557 
41 100 28562 
41 100 28567 
41 100 28572 
41 100 28577 
41 100 28582 
41 100 28587 
41 100 28592 
41 100 28597 
41 100 28602 
42 100 28607 
42 100 28612 
42 100 28617 
42 100 28622 
42 100 28627 
42 100 28632 
42 100 28637 
42 100 28642 
42 100 28647 
42 100 28652 
42 100 28657 
42 100 28662 
42 100 28667 
42 100 28672 
42 100 28677 
42 100 28682 
43 100 28687 
43 100 28692 
43 100 28697 
43 100 28702 
43 100 28707 
43 100 28712 
43 100 28717 
43 100 28722 
43 100 28727 
43 100 28732 
43 100 28737 
44 100 28742 
43 100 28747 
43 100 28752 
44 100 28757 
44 100 28762 
44 100 28767 
44 100 28772 
44 100 28777 
44 100 28782 
44 100 28787 
44 100 28792 
44 100 28797 
44 100 28802 
44 100 28807 
45 100 28812 
45 100 28817 
45 100 28822 
45 100 28827 
45 100 28832 
45 100 28837 
45 100 28842 
45 100 28847 
45 100 28852 
45 100 28857 
45 100 28862 
45 100 28867 
45 100 28872 
46 100 28877 
46 100 28882 
46 100 28887 
46 100 28892 
46 100 28897 
46 100 28902 
46 100 28907 
46 100 28912 
46 100 28917 
46 100 28922 
46 100 28927 
46 100 28932 
46 100 28937 
46 100 28942 
46 100 28947 
46 100 28952 
47 100 28957 
47 100 28962 
47 100 28967 
47 100 28972 
47 100 28977 
47 100 28982 
47 100 28987 
47 100 28992 
47 100 28997 
47 100 29002 
47 100 29007 
48 100 29012 
48 100 29017 
48 100 29022 
48 100 29027 
48 100 29032 
48 100 29037 
47 100 29042 
47 100 29047 
47 100 29052 
49 100 29057 
49 100 29062 
49 100 29067 
49 100 29072 
49 100 29077 
49 100 29082 
49 100 29087 
49 100 29092 
49 100 29097 
49 100 29102 
49 100 29107 
49 100 29112 
49 100 29117 
50 100 29122 
50 100 29127 
50 100 29132 
50 100 29137 
50 100 29142 
50 100 29147 
50 100 29152 
50 100 29157 
50 100 29162 
50 100 29167 
50 100 29172 
51 100 29177 
51 100 29181 
51 100 29185 
51 100 29189 
51 100 29193 
51 100 29197 
51 100 29201 
51 100 29205 
51 100 29209 
51 100 29213 
51 100 29217 
51 100 29221 
52 100 29225 
52 100 29229 
51 100 29233 
51 100 29237 
52 100 29241 
52 100 29245 
52 100 29249 
52 100 29253 
52 100 29257 
52 100 29261 
52 100 29265 
52 100 29269 
52 100 29273 
52 100 29277 
52 100 29281 
52 100 29285 
52 100 29289 
53 100 29293 
53 100 29297 
53 100 29301 
53 100 29305 
53 100 29309 
53 100 29313 
53 100 29317 
53 100 29321 
53 100 29325 
53 100 29329 
53 100 29333 
54 100 29337 
54 100 29341 
54 100 29345 
54 100 29349 
54 100 29353 
54 100 29357 
53 100 29361 
53 100 29365 
54 100 29369 
54 100 29373 
54 100 29377 
54 100 29381 
54 100 29385 
54 100 29389 
54 100 29393 
54 100 29397 
54 100 29401 
54 100 29405 
54 100 29409 
54 100 29413 
55 100 29417 
55 100 29421 
55 100 29425 
55 100 29429 
55 100 29433 
55 100 29437 
55 100 29441 
55 100 29445 
55 100 29449 
55 100 29453 
56 100 29457 
56 100 29461 
56 100 29465 
56 100 29469 
56 100 29473 
56 100 29477 
56 100 29481 
56 100 29485 
56 100 29489 
56 100 29493 
56 100 29497 
56 100 29501 
56 100 29505 
56 100 29509 
56 100 29513 
56 100 29517 
56 100 29521 
56 100 29525 
57 100 29529 
57 100 29533 
57 100 29537 
57 100 29541 
57 100 29545 
57 100 29549 
57 100 29553 
57 100 29557 
57 100 29561 
57 100 29565 
58 100 29569 
57 100 29573 
57 100 29577 
57 100 29581 
58 100 29585 
58 100 29589 
58 100 29593 
58 100 29597 
58 100 29601 
58 100 29605 
58 100 29609 
58 100 29613 
58 100 29617 
58 100 29621 
58 100 29625 
59 100 29629 
59 100 29633 
59 100 29637 
59 100 29641 
59 100 29645 
59 100 29649 
59 100 29653 
59 100 29657 
59 100 29661 
59 100 29665 
59 100 29669 
59 100 29673 
59 100 29677 
59 100 29681 
59 100 29685 
60 100 29689 
60 100 29693 
60 100 29697 
59 100 29701 
59 100 29705 
59 100 29709 
60 100 29713 
60 100 29717 
60 100 29721 
60 100 29725 
60 100 29729 
60 100 29733 
60 100 29737 
60 100 29741 
60 100 29745 
60 100 29749 
60 100 29753 
60 100 29757 
60 100 29761 
60 100 29765 
60 100 29769 
61 100 29773 
61 100 29776 
61 100 29779 
61 100 29782 
61 100 29785 
61 100 29788 
61 100 29791 
61 100 29794 
61 100 29797 
61 100 29800 
61 100 29803 
61 100 29806 
61 100 29809 
61 100 29812 
61 100 29815 
62 100 29818 
61 100 29821 
61 100 29824 
61 100 29827 
61 100 29830 
61 100 29833 
62 100 29836 
62 100 29839 
61 100 29842 
62 100 29845 
62 100 29848 
62 100 29851 
62 100 29854 
62 100 29857 
62 100 29860 
62 100 29863 
61 100 29866 
62 100 29869 
62 100 29872 
62 100 29875 
61 100 29878 
61 100 29881 
62 100 29884 
62 100 29887 
62 100 29890 
62 100 29893 
62 100 29896 
62 100 29899 
62 100 29902 
62 100 29905 
62 100 29908 
62 100 29911 
62 100 29914 
62 100 29917 
62 100 29920 
62 100 29923 
62 100 29926 
62 100 29929 
62 100 29932 
62 100 29935 
62 100 29938 
62 100 29941 
62 100 29944 
62 100 29947 
62 100 29950 
62 100 29953 
62 100 29956 
62 100 29959 
62 100 29962 
62 100 29965 
62 100 29968 
62 100 29971 
62 100 29974 
62 100 29977 
62 100 29980 
62 100 29983 
62 100 29986 
62 100 29989 
62 100 29992 
62 100 29995 
62 100 29998 
63 100 30001 
62 100 30004 
63 100 30007 
63 100 30010 
63 100 30013 
62 100 30016 
62 100 30019 
62 100 30022 
62 100 30025 
62 100 30028 
62 100 30031 
63 100 30034 
64 100 30037 
64 100 30040 
64 100 30043 
64 100 30046 
64 100 30049 
64 100 30052 
64 100 30055 
64 100 30058 
64 100 30061 
64 100 30064 
64 100 30067 
64 100 30070 
64 100 30073 
64 100 30076 
64 100 30079 
64 100 30082 
65 100 30085 
65 100 30088 
65 100 30091 
65 100 30094 
65 100 30097 
65 100 30100 
65 100 30103 
65 100 30106 
64 100 30109 
65 100 30112 
65 100 30115 
65 100 30118 
65 100 30121 
65 100 30124 
65 100 30127 
65 100 30130 
65 100 30133 
65 100 30136 
65 100 30139 
65 100 30142 
65 100 30145 
65 100 30148 
65 100 30151 
65 100 30154 
65 100 30157 
65 100 30160 
65 100 30163 
65 100 30166 
65 100 30169 
65 100 30172 
65 100 30175 
65 100 30178 
65 100 30181 
66 100 30184 
65 100 30187 
65 100 30190 
66 100 30193 
66 100 30196 
65 100 30199 
66 100 30202 
66 100 30205 
66 100 30208 
66 100 30211 
66 100 30214 
66 100 30217 
66 100 30220 
66 100 30223 
66 100 30226 
66 100 30229 
66 100 30232 
65 100 30235 
66 100 30238 
66 100 30241 
66 100 30244 
66 100 30247 
66 100 30250 
66 100 30253 
66 100 30256 
66 100 30259 
66 100 30262 
66 100 30265 
66 100 30268 
66 100 30271 
66 100 30274 
66 100 30277 
66 100 30280 
66 100 30283 
66 100 30286 
66 100 30289 
66 100 30292 
67 100 30295 
67 100 30298 
67 100 30301 
67 100 30304 
67 100 30307 
67 100 30310 
67 100 30313 
67 100 30316 
67 100 30319 
67 100 30322 
67 100 30325 
67 100 30328 
67 100 30331 
67 100 30334 
67 100 30337 
67 100 30340 
67 100 30343 
67 100 30346 
68 100 30349 
67 100 30352 
67 100 30355 
68 100 30358 
68 100 30361 
68 100 30364 
68 100 30367 
68 100 30370 
68 100 30373 
68 100 30376 
68 100 30379 
68 100 30382 
68 100 30385 
68 100 30388 
68 100 30391 
68 100 30394 
68 100 30397 
69 100 30400 
68 100 30403 
68 100 30406 
68 100 30409 
68 100 30412 
68 100 30415 
68 100 30418 
68 100 30421 
69 100 30424 
69 100 30427 
69 100 30430 
69 100 30433 
69 100 30436 
68 100 30439 
69 100 30442 
69 100 30445 
69 100 30448 
69 100 30451 
69 100 30454 
69 100 30457 
69 100 30460 
69 100 30463 
69 100 30466 
69 100 30469 
70 100 30472 
69 100 30475 
69 100 30478 
70 100 30481 
70 100 30484 
70 100 30487 
70 100 30490 
70 100 30493 
70 100 30496 
70 100 30499 
70 100 30502 
70 100 30505 
70 100 30508 
70 100 30511 
70 100 30514 
70 100 30517 
70 100 30520 
70 100 30523 
70 100 30526 
70 100 30529 
70 100 30532 
71 100 30535 
71 100 30537 
70 100 30539 
71 100 30542 
71 100 30544 
71 100 30546 
71 100 30548 
71 100 30550 
71 100 30552 
71 100 30554 
71 100 30556 
71 100 30558 
71 100 30560 
71 100 30562 
71 100 30564 
71 100 30566 
71 100 30568 
71 100 30570 
71 100 30572 
71 100 30574 
71 100 30576 
71 100 30578 
71 100 30580 
71 100 30582 
71 100 30584 
71 100 30586 
71 100 30588 
71 100 30590 
71 100 30592 
71 100 30594 
71 100 30596 
71 100 30598 
71 100 30600 
71 100 30602 
71 100 30604 
71 100 30606 
71 100 30608 
71 100 30610 
71 100 30612 
71 100 30614 
71 100 30616 
71 100 30618 
71 100 30620 
71 100 30622 
71 100 30624 
71 100 30626 
71 100 30628 
71 100 30630 
71 100 30632 
71 100 30634 
71 100 30636 
72 100 30638 
72 100 30640 
72 100 30642 
72 100 30644 
72 100 30646 
72 100 30648 
72 100 30650 
72 100 30652 
72 100 30654 
72 100 30656 
72 100 30658 
72 100 30660 
72 100 30662 
72 100 30664 
72 100 30666 
72 100 30668 
72 100 30670 
72 100 30672 
72 100 30674 
72 100 30676 
72 100 30678 
72 100 30680 
72 100 30682 
72 100 30684 
72 100 30686 
72 100 30688 
72 100 30690 
72 100 30692 
72 100 30694 
72 100 30696 
72 100 30698 
72 100 30700 
72 100 30702 
72 100 30704 
72 100 30706 
72 100 30708 
72 100 30710 
72 100 30712 
72 100 30714 
72 100 30716 
72 100 30718 
73 100 30720 
73 100 30722 
73 100 30724 
73 100 30726 
72 100 30728 
72 100 30730 
72 100 30732 
72 100 30734 
73 100 30736 
73 100 30738 
73 100 30740 
73 100 30742 
73 100 30744 
72 100 30746 
72 100 30748 
73 100 30750 
73 100 30752 
73 100 30754 
73 100 30756 
73 100 30758 
73 100 30760 
73 100 30762 
73 100 30764 
73 100 30766 
73 100 30768 
73 100 30770 
73 100 30772 
73 100 30774 
73 100 30776 
73 100 30778 
73 100 30780 
73 100 30782 
73 100 30784 
73 100 30786 
73 100 30788 
73 100 30790 
73 100 30792 
73 100 30794 
73 100 30796 
73 100 30798 
73 100 30800 
73 100 30802 
73 100 30804 
73 100 30806 
73 100 30808 
73 100 30810 
73 100 30812 
73 100 30814 
73 100 30816 
73 100 30818 
73 100 30820 
73 100 30822 
73 100 30824 
74 100 30826 
74 100 30828 
74 100 30830 
74 100 30832 
74 100 30834 
74 100 30836 
74 100 30838 
74 100 30840 
74 100 30842 
74 100 30844 
74 100 30846 
74 100 30848 
74 100 30850 
74 100 30852 
74 100 30854 
74 100 30856 
74 100 30858 
74 100 30860 
74 100 30862 
74 100 30864 
74 100 30866 
74 100 30868 
74 100 30870 
74 100 30872 
74 100 30874 
74 100 30876 
74 100 30878 
74 100 30880 
74 100 30882 
74 100 30884 
74 100 30886 
74 100 30888 
74 100 30890 
75 100 30892 
74 100 30894 
74 100 30896 
74 100 30898 
75 100 30900 
75 100 30902 
75 100 30904 
75 100 30906 
75 100 30908 
74 100 30910 
75 100 30912 
75 100 30914 
75 100 30916 
75 100 30918 
75 100 30920 
75 100 30922 
75 100 30924 
75 100 30926 
75 100 30928 
75 100 30930 
75 100 30932 
75 100 30934 
75 100 30936 
75 100 30938 
75 100 30940 
75 100 30942 
75 100 30944 
75 100 30946 
75 100 30948 
75 100 30950 
75 100 30952 
75 100 30954 
75 100 30956 
75 100 30958 
75 100 30960 
75 100 30962 
75 100 30964 
75 100 30966 
75 100 30968 
75 100 30970 
75 100 30972 
75 100 30974 
75 100 30976 
75 100 30978 
75 100 30980 
75 100 30982 
76 100 30984 
76 100 30986 
76 100 30988 
75 100 30990 
76 100 30992 
76 100 30994 
76 100 30996 
76 100 30998 
76 100 31000 
76 100 31002 
76 100 31004 
76 100 31006 
76 100 31008 
76 100 31010 
76 100 31012 
76 100 31014 
76 100 31016 
76 100 31018 
76 100 31020 
76 100 31022 
76 100 31024 
76 100 31026 
76 100 31028 
76 100 31030 
76 100 31032 
76 100 31034 
76 100 31036 
76 100 31038 
76 100 31040 
76 100 31042 
76 100 31044 
76 100 31046 
76 100 31048 
76 100 31050 
76 100 31052 
76 100 31054 
77 100 31056 
76 100 31058 
77 100 31060 
76 100 31062 
77 100 31064 
77 100 31066 
77 100 31068 
77 100 31070 
76 100 31072 
76 100 31074 
77 100 31076 
77 100 31078 
77 100 31080 
77 100 31082 
77 100 31084 
77 100 31086 
77 100 31088 
77 100 31090 
77 100 31092 
77 100 31094 
77 100 31096 
77 100 31098 
77 100 31100 
77 100 31102 
77 100 31104 
77 100 31106 
77 100 31108 
77 100 31110 
77 100 31112 
77 100 31114 
77 100 31116 
77 100 31118 
77 100 31120 
77 100 31122 
77 100 31124 
77 100 31126 
77 100 31128 
77 100 31130 
77 100 31132 
77 100 31134 
78 100 31136 
77 100 31138 
77 100 31140 
77 100 31142 
77 100 31144 
77 100 31146 
78 100 31148 
78 100 31150 
78 100 31152 
78 100 31154 
78 100 31156 
77 100 31158 
78 100 31160 
78 100 31162 
78 100 31164 
78 100 31166 
78 100 31168 
78 100 31170 
78 100 31172 
78 100 31174 
78 100 31176 
78 100 31178 
78 100 31180 
78 100 31182 
78 100 31184 
78 100 31186 
78 100 31188 
78 100 31190 
78 100 31192 
78 100 31194 
78 100 31196 
78 100 31198 
78 100 31200 
78 100 31202 
78 100 31204 
79 100 31206 
78 100 31208 
78 100 31210 
79 100 31212 
79 100 31214 
79 100 31216 
79 100 31218 
79 100 31220 
79 100 31222 
79 100 31224 
79 100 31226 
79 100 31228 
79 100 31230 
79 100 31232 
79 100 31234 
79 100 31236 
79 100 31238 
79 100 31240 
79 100 31242 
79 100 31244 
79 100 31246 
79 100 31248 
79 100 31250 
79 100 31252 
79 100 31254 
79 100 31256 
79 100 31258 
79 100 31260 
79 100 31262 
79 100 31264 
79 100 31266 
79 100 31268 
79 100 31270 
80 100 31272 
79 100 31274 
79 100 31276 
79 100 31278 
79 100 31280 
80 100 31282 
80 100 31284 
80 100 31286 
80 100 31288 
80 100 31290 
80 100 31292 
80 100 31294 
80 100 31296 
80 100 31298 
80 100 31300 
80 100 31302 
80 100 31304 
80 100 31306 
80 100 31308 
80 100 31310 
80 100 31312 
80 100 31314 
80 100 31316 
80 100 31318 
80 100 31320 
80 100 31322 
80 100 31324 
80 100 31326 
80 100 31328 
80 100 31330 
80 100 31332 
80 100 31334 
80 100 31336 
80 100 31338 
80 100 31340 
80 100 31342 
80 100 31344 
81 100 31346 
81 100 31347 
80 100 31348 
80 100 31350 
80 100 31352 
81 100 31354 
80 100 31355 
81 100 31357 
81 100 31358 
80 100 31359 
80 100 31361 
80 100 31363 
80 100 31365 
80 100 31367 
81 100 31369 
81 100 31370 
81 100 31371 
81 100 31372 
81 100 31373 
81 100 31374 
81 100 31375 
81 100 31376 
81 100 31377 
81 100 31378 
81 100 31379 
81 100 31380 
81 100 31381 
81 100 31382 
81 100 31383 
81 100 31384 
81 100 31385 
81 100 31386 
81 100 31387 
81 100 31388 
81 100 31389 
81 100 31390 
81 100 31391 
81 100 31392 
81 100 31393 
81 100 31394 
81 100 31395 
81 100 31396 
81 100 31397 
80 100 31398 
80 100 31400 
81 100 31402 
81 100 31403 
81 100 31404 
81 100 31405 
81 100 31406 
80 100 31407 
80 100 31409 
81 100 31411 
81 100 31412 
81 100 31413 
81 100 31414 
81 100 31415 
81 100 31416 
81 100 31417 
81 100 31418 
81 100 31419 
81 100 31420 
81 100 31421 
81 100 31422 
81 100 31423 
81 100 31424 
81 100 31425 
81 100 31426 
81 100 31427 
81 100 31428 
81 100 31429 
81 100 31430 
81 100 31431 
81 100 31432 
81 100 31433 
81 100 31434 
80 100 31435 
81 100 31437 
81 100 31438 
81 100 31439 
81 100 31440 
81 100 31441 
81 100 31442 
81 100 31443 
81 100 31444 
81 100 31445 
81 100 31446 
81 100 31447 
81 100 31448 
81 100 31449 
81 100 31450 
81 100 31451 
81 100 31452 
81 100 31453 
81 100 31454 
81 100 31455 
81 100 31456 
81 100 31457 
81 100 31458 
81 100 31459 
81 100 31460 
81 100 31461 
81 100 31462 
81 100 31463 
81 100 31464 
81 100 31465 
81 100 31466 
81 100 31467 
81 100 31468 
81 100 31469 
81 100 31470 
81 100 31471 
81 100 31472 
81 100 31473 
81 100 31474 
81 100 31475 
81 100 31476 
80 100 31477 
80 100 31479 
81 100 31481 
81 100 31482 
81 100 31483 
81 100 31484 
81 100 31485 
81 100 31486 
81 100 31487 
81 100 31488 
81 100 31489 
81 100 31490 
81 100 31491 
81 100 31492 
81 100 31493 
81 100 31494 
81 100 31495 
81 100 31496 
81 100 31497 
81 100 31498 
81 100 31499 
81 100 31500 
81 100 31501 
81 100 31502 
81 100 31503 
81 100 31504 
81 100 31505 
81 100 31506 
81 100 31507 
81 100 31508 
81 100 31509 
81 100 31510 
81 100 31511 
81 100 31512 
81 100 31513 
81 100 31514 
81 100 31515 
81 100 31516 
81 100 31517 
80 100 31518 
81 100 31520 
81 100 31521 
81 100 31522 
81 100 31523 
81 100 31524 
81 100 31525 
81 100 31526 
81 100 31527 
81 100 31528 
81 100 31529 
81 100 31530 
81 100 31531 
81 100 31532 
81 100 31533 
81 100 31534 
81 100 31535 
81 100 31536 
81 100 31537 
81 100 31538 
81 100 31539 
81 100 31540 
81 100 31541 
81 100 31542 
81 100 31543 
81 100 31544 
81 100 31545 
81 100 31546 
81 100 31547 
81 100 31548 
81 100 31549 
81 100 31550 
81 100 31551 
81 100 31552 
81 100 31553 
81 100 31554 
81 100 31555 
81 100 31556 
81 100 31557 
81 100 31558 
81 100 31559 
81 100 31560 
81 100 31561 
81 100 31562 
81 100 31563 
81 100 31564 
81 100 31565 
81 100 31566 
81 100 31567 
81 100 31568 
81 100 31569 
81 100 31570 
81 100 31571 
81 100 31572 
81 100 31573 
81 100 31574 
81 100 31575 
81 100 31576 
81 100 31577 
81 100 31578 
81 100 31579 
81 100 31580 
81 100 31581 
81 100 31582 
81 100 31583 
81 100 31584 
81 100 31585 
81 100 31586 
81 100 31587 
81 100 31588 
81 100 31589 
81 100 31590 
81 100 31591 
81 100 31592 
81 100 31593 
81 100 31594 
81 100 31595 
81 100 31596 
81 100 31597 
81 100 31598 
81 100 31599 
81 100 31600 
81 100 31601 
81 100 31602 
81 100 31603 
81 100 31604 
81 100 31605 
81 100 31606 
81 100 31607 
81 100 31608 
81 100 31609 
81 100 31610 
81 100 31611 
81 100 31612 
81 100 31613 
81 100 31614 
81 100 31615 
81 100 31616 
81 100 31617 
81 100 31618 
81 100 31619 
81 100 31620 
81 100 31621 
81 100 31622 
81 100 31623 
81 100 31624 
81 100 31625 
81 100 31626 
81 100 31627 
81 100 31628 
81 100 31629 
81 100 31630 
81 100 31631 
81 100 31632 
81 100 31633 
81 100 31634 
81 100 31635 
81 100 31636 
81 100 31637 
81 100 31638 
81 100 31639 
81 100 31640 
81 100 31641 
81 100 31642 
81 100 31643 
81 100 31644 
81 100 31645 
81 100 31646 
81 100 31647 
81 100 31648 
81 100 31649 
81 100 31650 
81 100 31651 
81 100 31652 
81 100 31653 
81 100 31654 
81 100 31655 
81 100 31656 
81 100 31657 
81 100 31658 
81 100 31659 
81 100 31660 
81 100 31661 
81 100 31662 
81 100 31663 
81 100 31664 
81 100 31665 
81 100 31666 
81 100 31667 
81 100 31668 
81 100 31669 
81 100 31670 
81 100 31671 
81 100 31672 
81 100 31673 
81 100 31674 
81 100 31675 
81 100 31676 
81 100 31677 
81 100 31678 
81 100 31679 
81 100 31680 
81 100 31681 
81 100 31682 
81 100 31683 
81 100 31684 
81 100 31685 
81 100 31686 
81 100 31687 
81 100 31688 
81 100 31689 
81 100 31690 
81 100 31691 
81 100 31692 
81 100 31693 
81 100 31694 
81 100 31695 
81 100 31696 
81 100 31697 
81 100 31698 
81 100 31699 
81 100 31700 
81 100 31701 
81 100 31702 
81 100 31703 
81 100 31704 
81 100 31705 
81 100 31706 
81 100 31707 
81 100 31708 
81 100 31709 
81 100 31710 
81 100 31711 
81 100 31712 
81 100 31713 
81 100 31714 
81 100 31715 
81 100 31716 
80 100 31717 
81 100 31719 
81 100 31720 
81 100 31721 
81 100 31722 
81 100 31723 
81 100 31724 
81 100 31725 
81 100 31726 
81 100 31727 
81 100 31728 
81 100 31729 
81 100 31730 
81 100 31731 
81 100 31732 
81 100 31733 
81 100 31734 
81 100 31735 
81 100 31736 
81 100 31737 
81 100 31738 
81 100 31739 
81 100 31740 
81 100 31741 
81 100 31742 
81 100 31743 
81 100 31744 
81 100 31745 
81 100 31746 
81 100 31747 
81 100 31748 
81 100 31749 
81 100 31750 
81 100 31751 
81 100 31752 
81 100 31753 
81 100 31754 
81 100 31755 
81 100 31756 
81 100 31757 
81 100 31758 
81 100 31759 
81 100 31760 
81 100 31761 
81 100 31762 
81 100 31763 
81 100 31764 
81 100 31765 
81 100 31766 
81 100 31767 
81 100 31768 
81 100 31769 
81 100 31770 
81 100 31771 
81 100 31772 
81 100 31773 
81 100 31774 
81 100 31775 
81 100 31776 
81 100 31777 
81 100 31778 
81 100 31779 
81 100 31780 
81 100 31781 
81 100 31782 
81 100 31783 
81 100 31784 
81 100 31785 
81 100 31786 
81 100 31787 
81 100 31788 
81 100 31789 
81 100 31790 
81 100 31791 
81 100 31792 
81 100 31793 
81 100 31794 
81 100 31795 
81 100 31796 
81 100 31797 
81 100 31798 
81 100 31799 
81 100 31800 
81 100 31801 
81 100 31802 
81 100 31803 
81 100 31804 
81 100 31805 
81 100 31806 
81 100 31807 
81 100 31808 
81 100 31809 
81 100 31810 
81 100 31811 
81 100 31812 
81 100 31813 
81 100 31814 
81 100 31815 
81 100 31816 
81 100 31817 
81 100 31818 
81 100 31819 
81 100 31820 
81 100 31821 
81 100 31822 
81 100 31823 
81 100 31824 
81 100 31825 
81 100 31826 
81 100 31827 
81 100 31828 
81 100 31829 
81 100 31830 
81 100 31831 
81 100 31832 
81 100 31833 
81 100 31834 
81 100 31835 
81 100 31836 
81 100 31837 
81 100 31838 
81 100 31839 
81 100 31840 
81 100 31841 
81 100 31842 
81 100 31843 
81 100 31844 
81 100 31845 
81 100 31846 
81 100 31847 
81 100 31848 
81 100 31849 
81 100 31850 
81 100 31851 
81 100 31852 
81 100 31853 
81 100 31854 
81 100 31855 
81 100 31856 
81 100 31857 
81 100 31858 
81 100 31859 
81 100 31860 
81 100 31861 
81 100 31862 
81 100 31863 
81 100 31864 
81 100 31865 
81 100 31866 
81 100 31867 
81 100 31868 
81 100 31869 
81 100 31870 
81 100 31871 
81 100 31872 
81 100 31873 
81 100 31874 
81 100 31875 
81 100 31876 
81 100 31877 
81 100 31878 
81 100 31879 
81 100 31880 
81 100 31881 
81 100 31882 
81 100 31883 
81 100 31884 
81 100 31885 
81 100 31886 
81 100 31887 
81 100 31888 
81 100 31889 
81 100 31890 
81 100 31891 
81 100 31892 
81 100 31893 
81 100 31894 
81 100 31895 
81 100 31896 
81 100 31897 
81 100 31898 
81 100 31899 
81 100 31900 
81 100 31901 
80 100 31902 
81 100 31904 
81 100 31905 
81 100 31906 
81 100 31907 
81 100 31908 
81 100 31909 
81 100 31910 
81 100 31911 
81 100 31912 
81 100 31913 
81 100 31914 
81 100 31915 
81 100 31916 
81 100 31917 
81 100 31918 
81 100 31919 
81 100 31920 
81 100 31921 
81 100 31922 
81 100 31923 
81 100 31924 
81 100 31925 
81 100 31926 
81 100 31927 
81 100 31928 
81 100 31929 
81 100 31930 
81 100 31931 
81 100 31932 
81 100 31933 
81 100 31934 
81 100 31935 
81 100 31936 
81 100 31937 
81 100 31938 
81 100 31939 
81 100 31940 
81 100 31941 
81 100 31942 
80 100 31943 
80 100 31945 
80 100 31947 
81 100 31949 
81 100 31950 
81 100 31951 
81 100 31952 
81 100 31953 
81 100 31954 
81 100 31955 
81 100 31956 
81 100 31957 
81 100 31958 
81 100 31959 
81 100 31960 
81 100 31961 
81 100 31962 
81 100 31963 
81 100 31964 
81 100 31965 
81 100 31966 
80 100 31967 
80 100 31969 
81 100 31971 
81 100 31972 
81 100 31973 
81 100 31974 
81 100 31975 
81 100 31976 
81 100 31977 
81 100 31978 
81 100 31979 
81 100 31980 
80 100 31981 
81 100 31983 
81 100 31984 
81 100 31985 
81 100 31986 
81 100 31987 
81 100 31988 
80 100 31989 
81 100 31991 
81 100 31992 
81 100 31993 
81 100 31994 
81 100 31995 
81 100 31996 
81 100 31997 
81 100 31998 
81 100 31999 
81 100 32000 
81 100 32001 
81 100 32002 
81 100 32003 
81 100 32004 
81 100 32005 
81 100 32006 
81 100 32007 
81 100 32008 
81 100 32009 
81 100 32010 
81 100 32011 
81 100 32012 
81 100 32013 
81 100 32014 
81 100 32015 
80 100 32016 
81 100 32018 
81 100 32019 
81 100 32020 
81 100 32021 
81 100 32022 
81 100 32023 
80 100 32024 
81 100 32026 
81 100 32027 
81 100 32028 
81 100 32029 
81 100 32030 
81 100 32031 
81 100 32032 
81 100 32033 
81 100 32034 
81 100 32035 
81 100 32036 
81 100 32037 
81 100 32038 
81 100 32039 
81 100 32040 
81 100 32041 
80 100 32042 
81 100 32044 
81 100 32045 
81 100 32046 
81 100 32047 
81 100 32048 
81 100 32049 
81 100 32050 
81 100 32051 
81 100 32052 
81 100 32053 
81 100 32054 
80 100 32055 
81 100 32057 
81 100 32058 
81 100 32059 
81 100 32060 
81 100 32061 
81 100 32062 
81 100 32063 
81 100 32064 
81 100 32065 
81 100 32066 
81 100 32067 
81 100 32068 
81 100 32069 
81 100 32070 
81 100 32071 
81 100 32072 
81 100 32073 
81 100 32074 
81 100 32075 
81 100 32076 
81 100 32077 
81 100 32078 
81 100 32079 
81 100 32080 
81 100 32081 
81 100 32082 
81 100 32083 
81 100 32084 
81 100 32085 
81 100 32086 
80 100 32087 
80 100 32089 
80 100 32091 
80 100 32093 
81 100 32095 
81 100 32096 
81 100 32097 
81 100 32098 
81 100 32099 
80 100 32100 
81 100 32102 
81 100 32103 
81 100 32104 
81 100 32105 
81 100 32106 
81 100 32107 
80 100 32108 
81 100 32110 
81 100 32111 
81 100 32112 
81 100 32113 
81 100 32114 
81 100 32115 
81 100 32116 
81 100 32117 
81 100 32118 
81 100 32119 
80 100 32120 
81 100 32122 
81 100 32123 
81 100 32124 
81 100 32125 
81 100 32126 
81 100 32127 
81 100 32128 
81 100 32129 
81 100 32130 
81 100 32131 
81 100 32132 
81 100 32133 
81 100 32134 
81 100 32135 
81 100 32136 
81 100 32137 
81 100 32138 
81 100 32139 
81 100 32140 
81 100 32141 
81 100 32142 
81 100 32143 
81 100 32144 
81 100 32145 
81 100 32146 
81 100 32147 
81 100 32148 
81 100 32149 
81 100 32150 
81 100 32151 
81 100 32152 
81 100 32153 
81 100 32154 
81 100 32155 
81 100 32156 
81 100 32157 
81 100 32158 
81 100 32159 
81 100 32160 
81 100 32161 
81 100 32162 
81 100 32163 
81 100 32164 
81 100 32165 
81 100 32166 
81 100 32167 
81 100 32168 
81 100 32169 
81 100 32170 
81 100 32171 
81 100 32172 
81 100 32173 
81 100 32174 
81 100 32175 
81 100 32176 
81 100 32177 
81 100 32178 
81 100 32179 
81 100 32180 
81 100 32181 
81 100 32182 
81 100 32183 
81 100 32184 
81 100 32185 
81 100 32186 
81 100 32187 
81 100 32188 
81 100 32189 
81 100 32190 
81 100 32191 
81 100 32192 
81 100 32193 
81 100 32194 
81 100 32195 
81 100 32196 
81 100 32197 
81 100 32198 
81 100 32199 
81 100 32200 
81 100 32201 
81 100 32202 
81 100 32203 
81 100 32204 
81 100 32205 
81 100 32206 
81 100 32207 
81 100 32208 
81 100 32209 
81 100 32210 
81 100 32211 
81 100 32212 
81 100 32213 
81 100 32214 
81 100 32215 
81 100 32216 
81 100 32217 
81 100 32218 
81 100 32219 
81 100 32220 
81 100 32221 
81 100 32222 
81 100 32223 
81 100 32224 
81 100 32225 
81 100 32226 
81 100 32227 
81 100 32228 
81 100 32229 
81 100 32230 
81 100 32231 
81 100 32232 
81 100 32233 
81 100 32234 
81 100 32235 
81 100 32236 
81 100 32237 
81 100 32238 
81 100 32239 
81 100 32240 
81 100 32241 
81 100 32242 
81 100 32243 
81 100 32244 
81 100 32245 
81 100 32246 
81 100 32247 
81 100 32248 
81 100 32249 
81 100 32250 
81 100 32251 
81 100 32252 
81 100 32253 
81 100 32254 
81 100 32255 
81 100 32256 
81 100 32257 
81 100 32258 
81 100 32259 
81 100 32260 
81 100 32261 
81 100 32262 
81 100 32263 
81 100 32264 
81 100 32265 
81 100 32266 
81 100 32267 
81 100 32268 
81 100 32269 
81 100 32270 
81 100 32271 
81 100 32272 
81 100 32273 
81 100 32274 
81 100 32275 
81 100 32276 
81 100 32277 
81 100 32278 
81 100 32279 
81 100 32280 
81 100 32281 
81 100 32282 
81 100 32283 
81 100 32284 
81 100 32285 
81 100 32286 
81 100 32287 
81 100 32288 
81 100 32289 
81 100 32290 
81 100 32291 
81 100 32292 
81 100 32293 
81 100 32294 
81 100 32295 
81 100 32296 
81 100 32297 
81 100 32298 
81 100 32299 
81 100 32300 
81 100 32301 
80 100 32302 
81 100 32304 
81 100 32305 
81 100 32306 
81 100 32307 
81 100 32308 
81 100 32309 
81 100 32310 
81 100 32311 
81 100 32312 
81 100 32313 
81 100 32314 
81 100 32315 
81 100 32316 
81 100 32317 
81 100 32318 
81 100 32319 
81 100 32320 
81 100 32321 
81 100 32322 
81 100 32323 
81 100 32324 
81 100 32325 
81 100 32326 
81 100 32327 
81 100 32328 
81 100 32329 
81 100 32330 
81 100 32331 
81 100 32332 
81 100 32333 
81 100 32334 
81 100 32335 
81 100 32336 
81 100 32337 
81 100 32338 
81 100 32339 
81 100 32340 
81 100 32341 
81 100 32342 
81 100 32343 
81 100 32344 
79 100 32345 
80 100 32347 
81 100 32349 
81 100 32350 
81 100 32351 
81 100 32352 
81 100 32353 
81 100 32354 
81 100 32355 
80 100 32356 
81 100 32358 
81 100 32359 
