0 0 27262 
0 0 27262 
0 0 27262 
0 0 27262 
0 0 27262 
0 0 27262 
0 0 27262 
0 0 27262 
0 0 27262 
0 0 27262 
0 0 27262 
0 0 27262 
0 0 27262 
0 0 27262 
0 0 27262 
0 0 27262 
0 0 27262 
0 0 27262 
0 0 27262 
0 0 27262 
0 0 27262 
0 0 27262 
0 0 27262 
0 0 27262 
0 0 27262 
0 0 27262 
0 0 27262 
0 0 27262 
0 0 27262 
0 0 27262 
0 0 27262 
0 0 27262 
0 0 27262 
0 0 27262 
0 0 27262 
0 0 27262 
0 0 27262 
0 0 27262 
0 0 27262 
0 0 27262 
0 0 27262 
0 0 27262 
0 0 27262 
0 0 27262 
0 0 27262 
0 0 27262 
0 0 27262 
0 0 27262 
0 0 27262 
0 0 27262 
0 0 27262 
0 0 27262 
0 0 27262 
0 0 27262 
0 0 27262 
0 0 27262 
0 0 27262 
0 0 27262 
0 100 27272 
0 100 27282 
0 100 27292 
0 100 27302 
0 100 27312 
0 100 27322 
0 100 27332 
0 100 27342 
0 100 27352 
0 100 27362 
0 100 27372 
0 100 27382 
0 100 27392 
0 100 27402 
0 100 27412 
0 100 27422 
0 100 27432 
0 100 27442 
0 100 27452 
0 100 27462 
0 100 27472 
0 100 27482 
0 100 27492 
0 100 27502 
0 100 27512 
0 100 27522 
0 100 27532 
0 100 27542 
0 100 27552 
0 100 27562 
0 100 27572 
0 100 27582 
0 100 27592 
0 100 27602 
0 100 27612 
0 100 27622 
0 100 27632 
0 100 27642 
0 100 27652 
0 100 27662 
0 100 27672 
0 100 27682 
0 100 27692 
0 100 27702 
0 100 27712 
0 100 27722 
0 100 27732 
0 100 27742 
0 100 27752 
0 100 27762 
0 100 27772 
0 100 27782 
0 100 27792 
0 100 27802 
0 100 27812 
0 100 27822 
-1 100 27832 
0 100 27842 
0 100 27852 
0 100 27862 
0 100 27872 
0 100 27882 
0 100 27892 
0 100 27902 
0 100 27912 
0 100 27922 
0 100 27932 
0 100 27942 
0 100 27952 
0 100 27962 
0 100 27972 
0 100 27982 
0 100 27992 
0 100 28002 
0 100 28012 
0 100 28022 
0 100 28032 
0 100 28042 
0 100 28052 
0 100 28062 
0 100 28072 
0 100 28082 
0 100 28092 
0 100 28102 
0 100 28112 
0 100 28122 
0 100 28132 
0 100 28142 
0 100 28152 
0 100 28162 
0 100 28172 
0 100 28182 
0 100 28192 
0 100 28202 
0 100 28212 
0 100 28222 
0 100 28232 
0 100 28242 
0 100 28252 
-1 100 28262 
0 100 28272 
0 100 28282 
0 100 28292 
-1 100 28302 
0 100 28312 
0 100 28322 
0 100 28332 
0 100 28342 
0 100 28352 
0 100 28362 
0 100 28372 
0 100 28382 
0 100 28392 
0 100 28402 
0 100 28412 
0 100 28422 
0 100 28432 
0 100 28442 
0 100 28452 
0 100 28462 
0 100 28472 
0 100 28482 
0 100 28492 
0 100 28502 
0 100 28512 
0 100 28522 
0 100 28532 
0 100 28542 
0 100 28552 
0 100 28562 
0 100 28572 
0 100 28582 
0 100 28592 
0 100 28602 
0 100 28612 
0 100 28622 
0 100 28632 
0 100 28642 
0 100 28652 
0 100 28662 
0 100 28672 
0 100 28682 
0 100 28692 
0 100 28702 
0 100 28712 
0 100 28722 
0 100 28732 
0 100 28742 
0 100 28752 
0 100 28762 
0 100 28772 
0 100 28782 
0 100 28792 
0 100 28802 
0 100 28812 
0 100 28822 
0 100 28832 
0 100 28842 
0 100 28852 
0 100 28862 
0 100 28872 
0 100 28882 
0 100 28892 
0 100 28902 
0 100 28912 
0 100 28922 
0 100 28932 
0 100 28942 
0 100 28952 
1 100 28962 
1 100 28971 
1 100 28980 
1 100 28989 
1 100 28998 
1 100 29007 
0 100 29016 
0 100 29026 
1 100 29036 
1 100 29045 
1 100 29054 
1 100 29063 
1 100 29072 
1 100 29081 
1 100 29090 
1 100 29099 
1 100 29108 
0 100 29117 
1 100 29127 
1 100 29136 
1 100 29145 
1 100 29154 
1 100 29163 
1 100 29172 
1 100 29181 
1 100 29190 
1 100 29199 
1 100 29208 
1 100 29217 
1 100 29226 
1 100 29235 
2 100 29244 
2 100 29253 
1 100 29262 
2 100 29271 
2 100 29280 
2 100 29289 
2 100 29298 
2 100 29307 
2 100 29316 
2 100 29325 
1 100 29334 
1 100 29343 
2 100 29352 
2 100 29361 
2 100 29370 
2 100 29379 
2 100 29388 
2 100 29397 
2 100 29406 
2 100 29415 
2 100 29424 
2 100 29433 
2 100 29442 
2 100 29451 
2 100 29460 
3 100 29469 
2 100 29478 
2 100 29487 
3 100 29496 
2 100 29505 
2 100 29514 
3 100 29523 
3 100 29532 
3 100 29541 
3 100 29550 
3 100 29559 
3 100 29568 
3 100 29577 
3 100 29586 
3 100 29595 
3 100 29604 
3 100 29613 
3 100 29622 
3 100 29631 
3 100 29640 
3 100 29649 
3 100 29658 
4 100 29667 
3 100 29676 
3 100 29685 
3 100 29694 
3 100 29703 
3 100 29712 
3 100 29721 
3 100 29730 
4 100 29739 
4 100 29748 
3 100 29757 
4 100 29766 
4 100 29775 
4 100 29784 
4 100 29793 
4 100 29802 
4 100 29811 
4 100 29820 
4 100 29829 
4 100 29838 
4 100 29847 
4 100 29856 
4 100 29865 
4 100 29874 
4 100 29883 
4 100 29892 
4 100 29901 
5 100 29910 
5 100 29919 
5 100 29928 
5 100 29937 
5 100 29946 
5 100 29955 
5 100 29964 
5 100 29973 
5 100 29982 
5 100 29991 
5 100 30000 
5 100 30009 
5 100 30018 
5 100 30027 
5 100 30036 
5 100 30045 
5 100 30054 
5 100 30063 
6 100 30072 
6 100 30081 
6 100 30090 
6 100 30099 
6 100 30108 
6 100 30117 
6 100 30126 
6 100 30135 
6 100 30144 
6 100 30153 
6 100 30162 
6 100 30171 
6 100 30180 
6 100 30189 
6 100 30198 
7 100 30207 
7 100 30216 
6 100 30225 
7 100 30234 
7 100 30243 
7 100 30252 
7 100 30261 
7 100 30270 
7 100 30279 
7 100 30288 
7 100 30297 
7 100 30306 
7 100 30315 
7 100 30324 
7 100 30333 
7 100 30342 
7 100 30351 
8 100 30360 
8 100 30369 
7 100 30378 
7 100 30387 
8 100 30396 
8 100 30405 
8 100 30414 
8 100 30423 
8 100 30432 
8 100 30441 
8 100 30450 
8 100 30459 
8 100 30468 
8 100 30477 
9 100 30486 
9 100 30495 
9 100 30504 
8 100 30513 
9 100 30522 
9 100 30531 
9 100 30540 
9 100 30549 
9 100 30558 
9 100 30567 
9 100 30576 
9 100 30585 
9 100 30594 
9 100 30603 
9 100 30612 
9 100 30621 
9 100 30630 
10 100 30639 
10 100 30648 
10 100 30657 
10 100 30666 
10 100 30675 
10 100 30684 
10 100 30693 
10 100 30702 
10 100 30711 
10 100 30720 
10 100 30729 
10 100 30738 
11 100 30747 
11 100 30755 
11 100 30763 
11 100 30771 
11 100 30779 
11 100 30787 
11 100 30795 
11 100 30803 
11 100 30811 
12 100 30819 
12 100 30827 
11 100 30835 
11 100 30843 
11 100 30851 
12 100 30859 
11 100 30867 
11 100 30875 
11 100 30883 
11 100 30891 
12 100 30899 
12 100 30907 
12 100 30915 
12 100 30923 
12 100 30931 
12 100 30939 
12 100 30947 
12 100 30955 
12 100 30963 
12 100 30971 
12 100 30979 
12 100 30987 
13 100 30995 
13 100 31003 
12 100 31011 
13 100 31019 
13 100 31027 
13 100 31035 
13 100 31043 
13 100 31051 
13 100 31059 
13 100 31067 
13 100 31075 
13 100 31083 
13 100 31091 
13 100 31099 
13 100 31107 
13 100 31115 
13 100 31123 
13 100 31131 
13 100 31139 
14 100 31147 
14 100 31155 
14 100 31163 
14 100 31171 
14 100 31179 
14 100 31187 
14 100 31195 
14 100 31203 
14 100 31211 
14 100 31219 
14 100 31227 
14 100 31235 
14 100 31243 
14 100 31251 
15 100 31259 
15 100 31267 
15 100 31275 
15 100 31283 
15 100 31291 
15 100 31299 
15 100 31307 
15 100 31315 
15 100 31323 
15 100 31331 
15 100 31339 
15 100 31347 
15 100 31355 
16 100 31363 
15 100 31371 
16 100 31379 
15 100 31387 
16 100 31395 
16 100 31403 
16 100 31411 
16 100 31419 
16 100 31427 
16 100 31435 
16 100 31443 
16 100 31451 
16 100 31459 
16 100 31467 
16 100 31475 
16 100 31483 
16 100 31491 
17 100 31499 
17 100 31507 
17 100 31515 
17 100 31523 
17 100 31531 
17 100 31539 
17 100 31547 
17 100 31555 
18 100 31563 
18 100 31571 
17 100 31579 
18 100 31587 
18 100 31595 
17 100 31603 
18 100 31611 
18 100 31619 
18 100 31627 
18 100 31635 
18 100 31643 
18 100 31651 
18 100 31659 
19 100 31667 
18 100 31675 
19 100 31683 
19 100 31691 
19 100 31699 
19 100 31707 
19 100 31715 
19 100 31723 
19 100 31731 
19 100 31739 
19 100 31747 
19 100 31755 
19 100 31763 
19 100 31771 
19 100 31779 
19 100 31787 
19 100 31795 
19 100 31803 
20 100 31811 
20 100 31819 
20 100 31827 
20 100 31835 
20 100 31843 
20 100 31851 
20 100 31859 
20 100 31867 
20 100 31875 
20 100 31883 
21 100 31891 
21 100 31898 
21 100 31905 
21 100 31912 
21 100 31919 
21 100 31926 
21 100 31933 
21 100 31940 
21 100 31947 
21 100 31954 
21 100 31961 
21 100 31968 
21 100 31975 
21 100 31982 
22 100 31989 
22 100 31996 
22 100 32003 
22 100 32010 
22 100 32017 
22 100 32024 
22 100 32031 
22 100 32038 
22 100 32045 
22 100 32052 
22 100 32059 
22 100 32066 
23 100 32073 
23 100 32080 
23 100 32087 
22 100 32094 
23 100 32101 
23 100 32108 
23 100 32115 
23 100 32122 
23 100 32129 
23 100 32136 
23 100 32143 
23 100 32150 
23 100 32157 
23 100 32164 
24 100 32171 
24 100 32178 
24 100 32185 
24 100 32192 
24 100 32199 
24 100 32206 
24 100 32213 
24 100 32220 
24 100 32227 
24 100 32234 
24 100 32241 
24 100 32248 
25 100 32255 
25 100 32262 
25 100 32269 
25 100 32276 
25 100 32283 
25 100 32290 
25 100 32297 
25 100 32304 
25 100 32311 
25 100 32318 
26 100 32325 
26 100 32332 
26 100 32339 
25 100 32346 
26 100 32353 
26 100 32360 
26 100 32367 
26 100 32374 
26 100 32381 
26 100 32388 
27 100 32395 
27 100 32402 
27 100 32409 
27 100 32416 
27 100 32423 
27 100 32430 
27 100 32437 
27 100 32444 
27 100 32451 
27 100 32458 
27 100 32465 
27 100 32472 
27 100 32479 
28 100 32486 
28 100 32493 
27 100 32500 
28 100 32507 
28 100 32514 
28 100 32521 
28 100 32528 
28 100 32535 
28 100 32542 
28 100 32549 
28 100 32556 
29 100 32563 
29 100 32570 
29 100 32577 
29 100 32584 
29 100 32591 
29 100 32598 
29 100 32605 
29 100 32612 
29 100 32619 
30 100 32626 
30 100 32633 
29 100 32640 
30 100 32647 
30 100 32654 
30 100 32661 
30 100 32668 
30 100 32675 
30 100 32682 
30 100 32689 
30 100 32696 
30 100 32703 
30 100 32710 
30 100 32717 
30 100 32724 
31 100 32731 
31 100 32737 
31 100 32743 
31 100 32749 
31 100 32755 
31 100 32761 
31 100 32767 
31 100 32773 
31 100 32779 
31 100 32785 
31 100 32791 
31 100 32797 
31 100 32803 
31 100 32809 
32 100 32815 
32 100 32821 
32 100 32827 
32 100 32833 
32 100 32839 
32 100 32845 
32 100 32851 
32 100 32857 
32 100 32863 
32 100 32869 
32 100 32875 
32 100 32881 
32 100 32887 
33 100 32893 
33 100 32899 
33 100 32905 
33 100 32911 
33 100 32917 
33 100 32923 
33 100 32929 
33 100 32935 
33 100 32941 
33 100 32947 
33 100 32953 
33 100 32959 
33 100 32965 
33 100 32971 
33 100 32977 
33 100 32983 
33 100 32989 
33 100 32995 
33 100 33001 
33 100 33007 
33 100 33013 
33 100 33019 
33 100 33025 
34 100 33031 
34 100 33037 
34 100 33043 
34 100 33049 
34 100 33055 
34 100 33061 
34 100 33067 
34 100 33073 
34 100 33079 
34 100 33085 
34 100 33091 
34 100 33097 
34 100 33103 
34 100 33109 
34 100 33115 
34 100 33121 
35 100 33127 
35 100 33133 
35 100 33139 
35 100 33145 
35 100 33151 
35 100 33157 
35 100 33163 
35 100 33169 
35 100 33175 
35 100 33181 
35 100 33187 
35 100 33193 
35 100 33199 
36 100 33205 
36 100 33211 
36 100 33217 
36 100 33223 
36 100 33229 
36 100 33235 
36 100 33241 
36 100 33247 
36 100 33253 
36 100 33259 
36 100 33265 
37 100 33271 
37 100 33277 
37 100 33283 
37 100 33289 
36 100 33295 
36 100 33301 
37 100 33307 
37 100 33313 
37 100 33319 
37 100 33325 
37 100 33331 
37 100 33337 
37 100 33343 
37 100 33349 
38 100 33355 
38 100 33361 
38 100 33367 
38 100 33373 
38 100 33379 
38 100 33385 
38 100 33391 
38 100 33397 
38 100 33403 
38 100 33409 
38 100 33415 
39 100 33421 
39 100 33427 
39 100 33433 
39 100 33439 
39 100 33445 
39 100 33451 
39 100 33457 
39 100 33463 
39 100 33469 
39 100 33475 
39 100 33481 
39 100 33487 
40 100 33493 
40 100 33499 
40 100 33505 
40 100 33511 
40 100 33517 
40 100 33523 
40 100 33529 
40 100 33535 
40 100 33541 
40 100 33547 
40 100 33553 
40 100 33559 
41 100 33565 
41 100 33570 
41 100 33575 
41 100 33580 
41 100 33585 
41 100 33590 
41 100 33595 
41 100 33600 
41 100 33605 
41 100 33610 
41 100 33615 
41 100 33620 
42 100 33625 
42 100 33630 
42 100 33635 
42 100 33640 
42 100 33645 
42 100 33650 
42 100 33655 
42 100 33660 
42 100 33665 
42 100 33670 
42 100 33675 
42 100 33680 
42 100 33685 
42 100 33690 
42 100 33695 
43 100 33700 
43 100 33705 
43 100 33710 
43 100 33715 
42 100 33720 
43 100 33725 
43 100 33730 
43 100 33735 
43 100 33740 
43 100 33745 
43 100 33750 
43 100 33755 
43 100 33760 
43 100 33765 
43 100 33770 
44 100 33775 
44 100 33780 
44 100 33785 
44 100 33790 
44 100 33795 
44 100 33800 
44 100 33805 
44 100 33810 
44 100 33815 
44 100 33820 
44 100 33825 
44 100 33830 
45 100 33835 
44 100 33840 
45 100 33845 
45 100 33850 
45 100 33855 
45 100 33860 
45 100 33865 
45 100 33870 
45 100 33875 
45 100 33880 
45 100 33885 
45 100 33890 
46 100 33895 
46 100 33900 
46 100 33905 
46 100 33910 
46 100 33915 
46 100 33920 
46 100 33925 
46 100 33930 
46 100 33935 
46 100 33940 
46 100 33945 
46 100 33950 
47 100 33955 
46 100 33960 
47 100 33965 
47 100 33970 
47 100 33975 
47 100 33980 
47 100 33985 
47 100 33990 
47 100 33995 
47 100 34000 
47 100 34005 
47 100 34010 
47 100 34015 
48 100 34020 
48 100 34025 
48 100 34030 
48 100 34035 
48 100 34040 
48 100 34045 
48 100 34050 
48 100 34055 
48 100 34060 
48 100 34065 
48 100 34070 
49 100 34075 
49 100 34080 
49 100 34085 
49 100 34090 
49 100 34095 
49 100 34100 
49 100 34105 
49 100 34110 
49 100 34115 
49 100 34120 
49 100 34125 
49 100 34130 
50 100 34135 
50 100 34140 
50 100 34145 
50 100 34150 
50 100 34155 
50 100 34160 
50 100 34165 
50 100 34170 
50 100 34175 
50 100 34180 
50 100 34185 
50 100 34190 
50 100 34195 
50 100 34200 
50 100 34205 
51 100 34210 
51 100 34214 
51 100 34218 
51 100 34222 
51 100 34226 
51 100 34230 
51 100 34234 
51 100 34238 
51 100 34242 
51 100 34246 
51 100 34250 
51 100 34254 
51 100 34258 
52 100 34262 
51 100 34266 
51 100 34270 
52 100 34274 
52 100 34278 
52 100 34282 
52 100 34286 
52 100 34290 
52 100 34294 
52 100 34298 
52 100 34302 
52 100 34306 
52 100 34310 
53 100 34314 
53 100 34318 
53 100 34322 
52 100 34326 
53 100 34330 
53 100 34334 
53 100 34338 
53 100 34342 
53 100 34346 
53 100 34350 
53 100 34354 
53 100 34358 
53 100 34362 
54 100 34366 
54 100 34370 
54 100 34374 
54 100 34378 
54 100 34382 
54 100 34386 
54 100 34390 
54 100 34394 
54 100 34398 
54 100 34402 
54 100 34406 
54 100 34410 
54 100 34414 
55 100 34418 
55 100 34422 
55 100 34426 
55 100 34430 
55 100 34434 
55 100 34438 
55 100 34442 
55 100 34446 
55 100 34450 
55 100 34454 
55 100 34458 
55 100 34462 
55 100 34466 
55 100 34470 
56 100 34474 
56 100 34478 
56 100 34482 
56 100 34486 
56 100 34490 
56 100 34494 
56 100 34498 
56 100 34502 
56 100 34506 
56 100 34510 
56 100 34514 
56 100 34518 
56 100 34522 
56 100 34526 
56 100 34530 
57 100 34534 
56 100 34538 
56 100 34542 
57 100 34546 
57 100 34550 
57 100 34554 
57 100 34558 
57 100 34562 
57 100 34566 
57 100 34570 
57 100 34574 
57 100 34578 
57 100 34582 
58 100 34586 
58 100 34590 
58 100 34594 
58 100 34598 
57 100 34602 
58 100 34606 
58 100 34610 
58 100 34614 
58 100 34618 
58 100 34622 
58 100 34626 
58 100 34630 
58 100 34634 
58 100 34638 
58 100 34642 
58 100 34646 
59 100 34650 
59 100 34654 
58 100 34658 
58 100 34662 
58 100 34666 
58 100 34670 
58 100 34674 
59 100 34678 
59 100 34682 
59 100 34686 
59 100 34690 
59 100 34694 
59 100 34698 
59 100 34702 
59 100 34706 
59 100 34710 
59 100 34714 
59 100 34718 
59 100 34722 
59 100 34726 
60 100 34730 
60 100 34734 
59 100 34738 
59 100 34742 
59 100 34746 
59 100 34750 
60 100 34754 
60 100 34758 
60 100 34762 
60 100 34766 
60 100 34770 
60 100 34774 
60 100 34778 
60 100 34782 
60 100 34786 
60 100 34790 
61 100 34794 
61 100 34797 
61 100 34800 
61 100 34803 
61 100 34806 
61 100 34809 
61 100 34812 
61 100 34815 
61 100 34818 
61 100 34821 
61 100 34824 
61 100 34827 
61 100 34830 
61 100 34833 
61 100 34836 
61 100 34839 
61 100 34842 
61 100 34845 
61 100 34848 
61 100 34851 
61 100 34854 
61 100 34857 
61 100 34860 
62 100 34863 
62 100 34866 
61 100 34869 
62 100 34872 
62 100 34875 
62 100 34878 
62 100 34881 
62 100 34884 
62 100 34887 
61 100 34890 
61 100 34893 
62 100 34896 
62 100 34899 
62 100 34902 
61 100 34905 
61 100 34908 
62 100 34911 
62 100 34914 
62 100 34917 
62 100 34920 
62 100 34923 
62 100 34926 
62 100 34929 
62 100 34932 
62 100 34935 
62 100 34938 
62 100 34941 
62 100 34944 
62 100 34947 
62 100 34950 
62 100 34953 
62 100 34956 
62 100 34959 
62 100 34962 
62 100 34965 
63 100 34968 
62 100 34971 
62 100 34974 
63 100 34977 
63 100 34980 
63 100 34983 
62 100 34986 
63 100 34989 
63 100 34992 
63 100 34995 
63 100 34998 
63 100 35001 
63 100 35004 
63 100 35007 
63 100 35010 
63 100 35013 
63 100 35016 
63 100 35019 
63 100 35022 
63 100 35025 
63 100 35028 
63 100 35031 
63 100 35034 
63 100 35037 
63 100 35040 
63 100 35043 
63 100 35046 
63 100 35049 
63 100 35052 
63 100 35055 
63 100 35058 
64 100 35061 
64 100 35064 
64 100 35067 
64 100 35070 
64 100 35073 
64 100 35076 
64 100 35079 
64 100 35082 
63 100 35085 
64 100 35088 
64 100 35091 
64 100 35094 
64 100 35097 
64 100 35100 
64 100 35103 
64 100 35106 
64 100 35109 
64 100 35112 
64 100 35115 
64 100 35118 
64 100 35121 
64 100 35124 
64 100 35127 
64 100 35130 
64 100 35133 
64 100 35136 
64 100 35139 
65 100 35142 
64 100 35145 
64 100 35148 
64 100 35151 
65 100 35154 
65 100 35157 
65 100 35160 
65 100 35163 
65 100 35166 
65 100 35169 
65 100 35172 
65 100 35175 
65 100 35178 
65 100 35181 
65 100 35184 
65 100 35187 
65 100 35190 
65 100 35193 
65 100 35196 
65 100 35199 
65 100 35202 
65 100 35205 
65 100 35208 
65 100 35211 
65 100 35214 
65 100 35217 
65 100 35220 
65 100 35223 
65 100 35226 
65 100 35229 
66 100 35232 
66 100 35235 
65 100 35238 
65 100 35241 
65 100 35244 
66 100 35247 
66 100 35250 
66 100 35253 
66 100 35256 
66 100 35259 
66 100 35262 
66 100 35265 
66 100 35268 
66 100 35271 
66 100 35274 
66 100 35277 
66 100 35280 
66 100 35283 
66 100 35286 
66 100 35289 
67 100 35292 
66 100 35295 
67 100 35298 
67 100 35301 
67 100 35304 
67 100 35307 
67 100 35310 
67 100 35313 
67 100 35316 
67 100 35319 
67 100 35322 
67 100 35325 
67 100 35328 
67 100 35331 
67 100 35334 
67 100 35337 
67 100 35340 
67 100 35343 
67 100 35346 
67 100 35349 
67 100 35352 
68 100 35355 
68 100 35358 
68 100 35361 
68 100 35364 
68 100 35367 
68 100 35370 
68 100 35373 
68 100 35376 
68 100 35379 
68 100 35382 
68 100 35385 
68 100 35388 
68 100 35391 
68 100 35394 
68 100 35397 
68 100 35400 
68 100 35403 
68 100 35406 
68 100 35409 
68 100 35412 
68 100 35415 
68 100 35418 
69 100 35421 
69 100 35424 
69 100 35427 
69 100 35430 
69 100 35433 
69 100 35436 
69 100 35439 
69 100 35442 
69 100 35445 
69 100 35448 
69 100 35451 
69 100 35454 
69 100 35457 
69 100 35460 
69 100 35463 
69 100 35466 
70 100 35469 
69 100 35472 
70 100 35475 
70 100 35478 
70 100 35481 
70 100 35484 
70 100 35487 
70 100 35490 
70 100 35493 
70 100 35496 
70 100 35499 
70 100 35502 
70 100 35505 
70 100 35508 
70 100 35511 
70 100 35514 
70 100 35517 
70 100 35520 
70 100 35523 
70 100 35526 
70 100 35529 
70 100 35532 
70 100 35535 
71 100 35538 
70 100 35540 
70 100 35543 
71 100 35546 
71 100 35548 
71 100 35550 
70 100 35552 
71 100 35555 
71 100 35557 
71 100 35559 
71 100 35561 
71 100 35563 
71 100 35565 
71 100 35567 
71 100 35569 
71 100 35571 
71 100 35573 
71 100 35575 
71 100 35577 
71 100 35579 
71 100 35581 
71 100 35583 
71 100 35585 
71 100 35587 
71 100 35589 
71 100 35591 
71 100 35593 
71 100 35595 
71 100 35597 
71 100 35599 
71 100 35601 
71 100 35603 
71 100 35605 
71 100 35607 
71 100 35609 
71 100 35611 
71 100 35613 
71 100 35615 
71 100 35617 
71 100 35619 
71 100 35621 
71 100 35623 
71 100 35625 
71 100 35627 
71 100 35629 
72 100 35631 
72 100 35633 
72 100 35635 
72 100 35637 
72 100 35639 
71 100 35641 
72 100 35643 
72 100 35645 
72 100 35647 
72 100 35649 
72 100 35651 
72 100 35653 
72 100 35655 
72 100 35657 
72 100 35659 
72 100 35661 
72 100 35663 
72 100 35665 
72 100 35667 
72 100 35669 
72 100 35671 
72 100 35673 
72 100 35675 
72 100 35677 
72 100 35679 
72 100 35681 
72 100 35683 
72 100 35685 
72 100 35687 
72 100 35689 
72 100 35691 
72 100 35693 
72 100 35695 
72 100 35697 
72 100 35699 
73 100 35701 
73 100 35703 
72 100 35705 
72 100 35707 
72 100 35709 
72 100 35711 
73 100 35713 
73 100 35715 
73 100 35717 
73 100 35719 
73 100 35721 
73 100 35723 
73 100 35725 
73 100 35727 
73 100 35729 
73 100 35731 
73 100 35733 
73 100 35735 
73 100 35737 
73 100 35739 
73 100 35741 
73 100 35743 
73 100 35745 
73 100 35747 
73 100 35749 
73 100 35751 
73 100 35753 
73 100 35755 
73 100 35757 
73 100 35759 
73 100 35761 
73 100 35763 
73 100 35765 
73 100 35767 
73 100 35769 
73 100 35771 
73 100 35773 
73 100 35775 
73 100 35777 
73 100 35779 
73 100 35781 
73 100 35783 
73 100 35785 
74 100 35787 
73 100 35789 
73 100 35791 
74 100 35793 
74 100 35795 
73 100 35797 
73 100 35799 
73 100 35801 
74 100 35803 
74 100 35805 
74 100 35807 
74 100 35809 
74 100 35811 
74 100 35813 
74 100 35815 
74 100 35817 
74 100 35819 
74 100 35821 
74 100 35823 
74 100 35825 
74 100 35827 
74 100 35829 
74 100 35831 
74 100 35833 
74 100 35835 
74 100 35837 
74 100 35839 
74 100 35841 
74 100 35843 
74 100 35845 
74 100 35847 
74 100 35849 
74 100 35851 
74 100 35853 
74 100 35855 
74 100 35857 
74 100 35859 
74 100 35861 
74 100 35863 
74 100 35865 
74 100 35867 
74 100 35869 
74 100 35871 
74 100 35873 
74 100 35875 
74 100 35877 
74 100 35879 
74 100 35881 
74 100 35883 
75 100 35885 
75 100 35887 
75 100 35889 
75 100 35891 
75 100 35893 
75 100 35895 
75 100 35897 
75 100 35899 
75 100 35901 
75 100 35903 
75 100 35905 
75 100 35907 
75 100 35909 
75 100 35911 
75 100 35913 
75 100 35915 
75 100 35917 
75 100 35919 
75 100 35921 
75 100 35923 
75 100 35925 
75 100 35927 
75 100 35929 
75 100 35931 
75 100 35933 
75 100 35935 
75 100 35937 
75 100 35939 
75 100 35941 
75 100 35943 
75 100 35945 
75 100 35947 
76 100 35949 
76 100 35951 
76 100 35953 
76 100 35955 
75 100 35957 
76 100 35959 
76 100 35961 
76 100 35963 
76 100 35965 
76 100 35967 
76 100 35969 
76 100 35971 
76 100 35973 
76 100 35975 
76 100 35977 
76 100 35979 
76 100 35981 
76 100 35983 
76 100 35985 
76 100 35987 
76 100 35989 
76 100 35991 
76 100 35993 
76 100 35995 
76 100 35997 
76 100 35999 
76 100 36001 
76 100 36003 
76 100 36005 
76 100 36007 
76 100 36009 
76 100 36011 
76 100 36013 
77 100 36015 
76 100 36017 
76 100 36019 
76 100 36021 
77 100 36023 
77 100 36025 
77 100 36027 
77 100 36029 
76 100 36031 
76 100 36033 
77 100 36035 
77 100 36037 
77 100 36039 
77 100 36041 
77 100 36043 
77 100 36045 
77 100 36047 
77 100 36049 
77 100 36051 
77 100 36053 
77 100 36055 
77 100 36057 
77 100 36059 
77 100 36061 
77 100 36063 
77 100 36065 
77 100 36067 
77 100 36069 
77 100 36071 
77 100 36073 
77 100 36075 
77 100 36077 
77 100 36079 
77 100 36081 
77 100 36083 
77 100 36085 
77 100 36087 
77 100 36089 
77 100 36091 
78 100 36093 
77 100 36095 
78 100 36097 
78 100 36099 
78 100 36101 
78 100 36103 
77 100 36105 
77 100 36107 
78 100 36109 
78 100 36111 
78 100 36113 
78 100 36115 
77 100 36117 
78 100 36119 
78 100 36121 
78 100 36123 
78 100 36125 
78 100 36127 
78 100 36129 
78 100 36131 
78 100 36133 
78 100 36135 
78 100 36137 
78 100 36139 
78 100 36141 
78 100 36143 
78 100 36145 
78 100 36147 
78 100 36149 
78 100 36151 
78 100 36153 
78 100 36155 
78 100 36157 
78 100 36159 
78 100 36161 
78 100 36163 
78 100 36165 
79 100 36167 
79 100 36169 
79 100 36171 
79 100 36173 
79 100 36175 
78 100 36177 
79 100 36179 
79 100 36181 
79 100 36183 
79 100 36185 
78 100 36187 
78 100 36189 
79 100 36191 
79 100 36193 
79 100 36195 
79 100 36197 
79 100 36199 
79 100 36201 
79 100 36203 
79 100 36205 
79 100 36207 
79 100 36209 
79 100 36211 
79 100 36213 
79 100 36215 
79 100 36217 
79 100 36219 
79 100 36221 
79 100 36223 
79 100 36225 
79 100 36227 
79 100 36229 
79 100 36231 
79 100 36233 
79 100 36235 
79 100 36237 
79 100 36239 
79 100 36241 
79 100 36243 
79 100 36245 
79 100 36247 
80 100 36249 
79 100 36251 
79 100 36253 
80 100 36255 
80 100 36257 
80 100 36259 
80 100 36261 
80 100 36263 
80 100 36265 
80 100 36267 
80 100 36269 
80 100 36271 
80 100 36273 
80 100 36275 
80 100 36277 
80 100 36279 
80 100 36281 
80 100 36283 
80 100 36285 
80 100 36287 
80 100 36289 
80 100 36291 
80 100 36293 
80 100 36295 
80 100 36297 
80 100 36299 
80 100 36301 
80 100 36303 
80 100 36305 
80 100 36307 
80 100 36309 
80 100 36311 
80 100 36313 
80 100 36315 
80 100 36317 
80 100 36319 
80 100 36321 
80 100 36323 
81 100 36325 
81 100 36326 
81 100 36327 
81 100 36328 
81 100 36329 
81 100 36330 
80 100 36331 
80 100 36333 
80 100 36335 
80 100 36337 
81 100 36339 
81 100 36340 
81 100 36341 
81 100 36342 
81 100 36343 
81 100 36344 
81 100 36345 
81 100 36346 
81 100 36347 
81 100 36348 
80 100 36349 
80 100 36351 
81 100 36353 
80 100 36354 
80 100 36356 
80 100 36358 
81 100 36360 
80 100 36361 
81 100 36363 
81 100 36364 
81 100 36365 
81 100 36366 
81 100 36367 
81 100 36368 
80 100 36369 
80 100 36371 
81 100 36373 
81 100 36374 
81 100 36375 
81 100 36376 
81 100 36377 
81 100 36378 
81 100 36379 
81 100 36380 
81 100 36381 
81 100 36382 
81 100 36383 
81 100 36384 
81 100 36385 
81 100 36386 
81 100 36387 
81 100 36388 
81 100 36389 
81 100 36390 
81 100 36391 
81 100 36392 
80 100 36393 
80 100 36395 
81 100 36397 
81 100 36398 
80 100 36399 
80 100 36401 
81 100 36403 
81 100 36404 
81 100 36405 
81 100 36406 
81 100 36407 
81 100 36408 
81 100 36409 
81 100 36410 
81 100 36411 
81 100 36412 
81 100 36413 
81 100 36414 
81 100 36415 
81 100 36416 
81 100 36417 
81 100 36418 
81 100 36419 
81 100 36420 
81 100 36421 
81 100 36422 
81 100 36423 
81 100 36424 
81 100 36425 
81 100 36426 
81 100 36427 
81 100 36428 
81 100 36429 
81 100 36430 
81 100 36431 
81 100 36432 
81 100 36433 
81 100 36434 
81 100 36435 
81 100 36436 
81 100 36437 
81 100 36438 
81 100 36439 
81 100 36440 
81 100 36441 
81 100 36442 
81 100 36443 
81 100 36444 
81 100 36445 
81 100 36446 
81 100 36447 
81 100 36448 
81 100 36449 
81 100 36450 
81 100 36451 
81 100 36452 
81 100 36453 
81 100 36454 
81 100 36455 
81 100 36456 
81 100 36457 
81 100 36458 
81 100 36459 
81 100 36460 
81 100 36461 
81 100 36462 
81 100 36463 
81 100 36464 
81 100 36465 
81 100 36466 
81 100 36467 
81 100 36468 
81 100 36469 
81 100 36470 
81 100 36471 
81 100 36472 
81 100 36473 
81 100 36474 
81 100 36475 
81 100 36476 
81 100 36477 
81 100 36478 
81 100 36479 
81 100 36480 
81 100 36481 
81 100 36482 
81 100 36483 
81 100 36484 
81 100 36485 
81 100 36486 
81 100 36487 
81 100 36488 
81 100 36489 
81 100 36490 
81 100 36491 
81 100 36492 
81 100 36493 
81 100 36494 
81 100 36495 
81 100 36496 
81 100 36497 
81 100 36498 
81 100 36499 
81 100 36500 
81 100 36501 
81 100 36502 
81 100 36503 
81 100 36504 
81 100 36505 
81 100 36506 
81 100 36507 
80 100 36508 
81 100 36510 
81 100 36511 
80 100 36512 
81 100 36514 
81 100 36515 
80 100 36516 
81 100 36518 
80 100 36519 
81 100 36521 
81 100 36522 
81 100 36523 
81 100 36524 
81 100 36525 
81 100 36526 
81 100 36527 
81 100 36528 
81 100 36529 
81 100 36530 
80 100 36531 
80 100 36533 
81 100 36535 
81 100 36536 
81 100 36537 
81 100 36538 
81 100 36539 
81 100 36540 
81 100 36541 
81 100 36542 
81 100 36543 
81 100 36544 
81 100 36545 
81 100 36546 
80 100 36547 
81 100 36549 
81 100 36550 
81 100 36551 
81 100 36552 
81 100 36553 
81 100 36554 
81 100 36555 
81 100 36556 
81 100 36557 
81 100 36558 
81 100 36559 
81 100 36560 
81 100 36561 
81 100 36562 
81 100 36563 
81 100 36564 
81 100 36565 
81 100 36566 
81 100 36567 
81 100 36568 
80 100 36569 
81 100 36571 
81 100 36572 
81 100 36573 
81 100 36574 
81 100 36575 
81 100 36576 
81 100 36577 
81 100 36578 
81 100 36579 
81 100 36580 
81 100 36581 
81 100 36582 
81 100 36583 
81 100 36584 
81 100 36585 
81 100 36586 
81 100 36587 
81 100 36588 
81 100 36589 
81 100 36590 
81 100 36591 
81 100 36592 
81 100 36593 
81 100 36594 
81 100 36595 
81 100 36596 
80 100 36597 
81 100 36599 
80 100 36600 
80 100 36602 
81 100 36604 
81 100 36605 
81 100 36606 
81 100 36607 
81 100 36608 
81 100 36609 
81 100 36610 
81 100 36611 
81 100 36612 
81 100 36613 
81 100 36614 
81 100 36615 
81 100 36616 
81 100 36617 
81 100 36618 
81 100 36619 
81 100 36620 
81 100 36621 
81 100 36622 
81 100 36623 
81 100 36624 
81 100 36625 
81 100 36626 
81 100 36627 
81 100 36628 
81 100 36629 
80 100 36630 
80 100 36632 
81 100 36634 
81 100 36635 
81 100 36636 
81 100 36637 
81 100 36638 
81 100 36639 
81 100 36640 
81 100 36641 
81 100 36642 
81 100 36643 
81 100 36644 
81 100 36645 
81 100 36646 
80 100 36647 
80 100 36649 
81 100 36651 
81 100 36652 
81 100 36653 
81 100 36654 
81 100 36655 
81 100 36656 
81 100 36657 
81 100 36658 
81 100 36659 
81 100 36660 
81 100 36661 
81 100 36662 
81 100 36663 
81 100 36664 
81 100 36665 
81 100 36666 
81 100 36667 
81 100 36668 
81 100 36669 
81 100 36670 
81 100 36671 
81 100 36672 
81 100 36673 
81 100 36674 
81 100 36675 
81 100 36676 
81 100 36677 
81 100 36678 
81 100 36679 
81 100 36680 
81 100 36681 
81 100 36682 
81 100 36683 
81 100 36684 
81 100 36685 
81 100 36686 
81 100 36687 
81 100 36688 
81 100 36689 
81 100 36690 
81 100 36691 
81 100 36692 
81 100 36693 
81 100 36694 
81 100 36695 
81 100 36696 
81 100 36697 
81 100 36698 
81 100 36699 
81 100 36700 
81 100 36701 
81 100 36702 
81 100 36703 
81 100 36704 
81 100 36705 
81 100 36706 
81 100 36707 
81 100 36708 
81 100 36709 
81 100 36710 
81 100 36711 
81 100 36712 
81 100 36713 
81 100 36714 
81 100 36715 
81 100 36716 
81 100 36717 
81 100 36718 
81 100 36719 
81 100 36720 
81 100 36721 
81 100 36722 
81 100 36723 
81 100 36724 
81 100 36725 
81 100 36726 
81 100 36727 
81 100 36728 
81 100 36729 
81 100 36730 
81 100 36731 
81 100 36732 
81 100 36733 
81 100 36734 
81 100 36735 
81 100 36736 
81 100 36737 
81 100 36738 
81 100 36739 
81 100 36740 
81 100 36741 
81 100 36742 
81 100 36743 
81 100 36744 
81 100 36745 
81 100 36746 
81 100 36747 
81 100 36748 
81 100 36749 
81 100 36750 
81 100 36751 
81 100 36752 
81 100 36753 
81 100 36754 
81 100 36755 
81 100 36756 
81 100 36757 
81 100 36758 
81 100 36759 
81 100 36760 
81 100 36761 
81 100 36762 
81 100 36763 
81 100 36764 
81 100 36765 
81 100 36766 
81 100 36767 
81 100 36768 
81 100 36769 
81 100 36770 
81 100 36771 
81 100 36772 
81 100 36773 
81 100 36774 
81 100 36775 
81 100 36776 
81 100 36777 
81 100 36778 
81 100 36779 
81 100 36780 
81 100 36781 
81 100 36782 
81 100 36783 
81 100 36784 
81 100 36785 
81 100 36786 
81 100 36787 
81 100 36788 
81 100 36789 
81 100 36790 
81 100 36791 
81 100 36792 
81 100 36793 
81 100 36794 
81 100 36795 
81 100 36796 
81 100 36797 
81 100 36798 
81 100 36799 
81 100 36800 
81 100 36801 
81 100 36802 
81 100 36803 
81 100 36804 
81 100 36805 
81 100 36806 
81 100 36807 
81 100 36808 
81 100 36809 
81 100 36810 
81 100 36811 
81 100 36812 
81 100 36813 
81 100 36814 
81 100 36815 
81 100 36816 
81 100 36817 
81 100 36818 
81 100 36819 
81 100 36820 
81 100 36821 
81 100 36822 
81 100 36823 
81 100 36824 
81 100 36825 
81 100 36826 
81 100 36827 
81 100 36828 
81 100 36829 
81 100 36830 
81 100 36831 
81 100 36832 
81 100 36833 
81 100 36834 
81 100 36835 
81 100 36836 
81 100 36837 
81 100 36838 
81 100 36839 
81 100 36840 
81 100 36841 
81 100 36842 
81 100 36843 
81 100 36844 
81 100 36845 
81 100 36846 
81 100 36847 
81 100 36848 
81 100 36849 
81 100 36850 
81 100 36851 
81 100 36852 
81 100 36853 
81 100 36854 
81 100 36855 
81 100 36856 
81 100 36857 
81 100 36858 
81 100 36859 
81 100 36860 
81 100 36861 
81 100 36862 
81 100 36863 
81 100 36864 
81 100 36865 
81 100 36866 
81 100 36867 
81 100 36868 
81 100 36869 
81 100 36870 
81 100 36871 
81 100 36872 
81 100 36873 
81 100 36874 
81 100 36875 
81 100 36876 
81 100 36877 
81 100 36878 
81 100 36879 
81 100 36880 
81 100 36881 
81 100 36882 
81 100 36883 
81 100 36884 
81 100 36885 
81 100 36886 
81 100 36887 
81 100 36888 
81 100 36889 
81 100 36890 
81 100 36891 
81 100 36892 
81 100 36893 
81 100 36894 
81 100 36895 
81 100 36896 
81 100 36897 
