0.11 0 13957 
-0.14 0 13957 
-0.22 0 13957 
-0.29 0 13957 
-0.06 0 13957 
0.1 0 13957 
0.3 0 13957 
0.29 0 13957 
0.12 0 13957 
0.09 0 13957 
0.06 0 13957 
0.22 150 13957 
-0.06 150 13957 
-0.31 150 13957 
-0.43 150 13957 
-0.3 150 13957 
-0.24 150 13957 
-0.38 150 13957 
-0.18 150 13957 
-0.06 150 13957 
-0.49 150 13957 
-0.43 150 13957 
0.01 150 13957 
-0.02 150 13957 
-0.29 150 13957 
-0.2 150 13957 
0.33 150 13957 
0.05 150 13957 
0.15 150 13957 
0.33 150 13957 
0.22 150 13957 
0.45 150 13957 
0.23 150 13957 
0.26 150 13957 
0.04 150 13957 
-0.16 150 13957 
0.28 150 13957 
0.36 150 13957 
0.32 150 13957 
0.12 150 13957 
-0.29 150 13957 
-0.04 150 13957 
0.2 150 13957 
-0.1 150 13957 
-0.33 150 13957 
-0.37 150 13957 
0.13 150 13957 
0.11 150 13957 
0.16 150 13957 
-0.13 150 13957 
-0.32 150 13957 
-0.24 150 13957 
-0.33 150 13957 
-0.13 150 13957 
0.01 150 13957 
-0.15 150 13957 
0.15 150 13957 
0.24 150 13957 
0.07 150 13957 
0.11 150 13957 
0.11 150 13957 
-0.03 150 13957 
-0.08 150 13957 
0.02 150 13957 
-0.1 150 13957 
0.05 150 14116 
-0.12 150 14280 
-0.17 150 14443 
-0.26 150 14606 
-0.23 150 14769 
0.05 150 14933 
0.39 150 15096 
0.27 150 15259 
0 150 15422 
-0.03 150 15586 
-0.09 150 15749 
0.03 150 15912 
0.22 150 16076 
0.17 150 16239 
0.3 150 16402 
0.26 150 16565 
0.1 150 16729 
-0.03 150 16892 
-0.2 150 17055 
-0.26 150 17218 
0.02 150 17381 
-0.11 150 17544 
-0.17 150 17708 
-0.04 150 17871 
0.23 150 18034 
0.23 150 18198 
0.11 150 18361 
0.02 150 18524 
0.41 150 18687 
0.37 150 18851 
-0.06 150 19014 
-0.01 150 19177 
-0.19 150 19340 
0.01 150 19503 
0.11 150 19666 
-0.11 150 19830 
-0.39 150 19993 
-0.03 150 20156 
-0.02 150 20319 
0.02 150 20483 
-0.05 150 20646 
-0.12 150 20809 
-0.11 150 20973 
0.17 150 21136 
0.34 150 21299 
-0.06 150 21462 
0.01 150 21625 
0.17 150 21789 
0.15 150 21952 
-0.03 150 22115 
-0.11 150 22279 
-0.06 150 22442 
0.01 150 22605 
-0.08 150 22768 
-0.09 150 22931 
-0.04 150 23095 
0.12 150 23258 
0.06 150 23421 
0.1 150 23584 
0.05 150 23748 
-0.23 150 23911 
-0.13 150 24074 
0.34 150 24237 
0.32 150 24401 
0.27 150 24564 
0.41 150 24727 
0.18 150 24890 
0.05 150 25054 
-0.06 150 25217 
0.07 150 25380 
0.22 150 25543 
0.06 150 25707 
0.19 150 25870 
-0.01 150 26033 
0.21 150 26196 
0.36 150 26360 
0.01 150 26523 
0.01 150 26686 
-0.14 150 26849 
-0.2 150 27012 
-0.06 150 27176 
-0.04 150 27339 
-0.06 150 27502 
-0.36 150 27665 
-0.23 150 27828 
0.01 150 27992 
0 150 28155 
-0.13 150 28318 
0 150 28481 
-0.02 150 28644 
0.01 150 28807 
0.37 150 28971 
0.37 150 29134 
0.25 150 29297 
0.06 150 29460 
-0.11 150 29624 
-0.08 150 29787 
0.05 150 29950 
0.22 150 30113 
0.3 150 30277 
0.2 150 30440 
0.12 150 30603 
-0.13 150 30766 
0.04 150 30930 
-0.18 150 31093 
-0.43 150 31256 
-0.24 150 31419 
0.05 150 31583 
0.28 150 31746 
0.23 150 31909 
0.24 150 32072 
0.27 150 32236 
0.32 150 32399 
0 150 32562 
0.07 150 32725 
0 150 32888 
-0.18 150 33052 
-0.04 150 33215 
0.28 150 33378 
0.4 150 33542 
0.29 150 33705 
-0.06 150 33868 
-0.33 150 34031 
-0.18 150 34195 
-0.33 150 34358 
-0.09 150 34521 
-0.37 150 34684 
-0.6 150 34848 
-0.32 150 35011 
-0.15 150 35174 
0.02 150 35337 
-0.11 150 35501 
-0.4 150 35664 
-0.51 150 35827 
-0.19 150 35990 
-0.01 150 36153 
-0.01 150 36317 
0.02 150 36480 
-0.22 150 36643 
-0.02 150 36806 
0.28 150 36970 
0.11 150 37133 
-0.22 150 37296 
-0.06 150 37459 
0.04 150 37623 
-0.07 150 37786 
0.05 150 37949 
0.1 150 38112 
0.08 150 38276 
-0.22 150 38439 
-0.29 150 38602 
0 150 38765 
0.06 150 38929 
0.2 150 39092 
0.09 150 39255 
-0.15 150 39418 
-0.41 150 39582 
-0.05 150 39745 
0 150 39908 
-0.05 150 40071 
-0.15 150 40235 
-0.09 150 40398 
-0.18 150 40561 
-0.47 150 40724 
-0.21 150 40888 
-0.2 150 41051 
-0.29 150 41214 
-0.11 150 41378 
-0.18 150 41541 
-0.23 150 41704 
-0.13 150 41867 
-0.45 150 42031 
-0.55 150 42194 
-0.34 150 42357 
-0.25 150 42520 
-0.18 150 42684 
-0.52 150 42847 
-0.39 150 43010 
-0.51 150 43173 
-0.43 150 43337 
-0.03 150 43500 
-0.11 150 43663 
-0.29 150 43826 
-0.18 150 43989 
-0.34 150 44153 
-0.51 150 44316 
-0.27 150 44479 
-0.18 150 44642 
-0.12 150 44806 
-0.13 150 44969 
-0.2 150 45132 
-0.13 150 45295 
-0.31 150 45458 
-0.49 150 45622 
-0.45 150 45785 
-0.02 150 45948 
-0.21 150 46111 
-0.37 150 46275 
-0.34 150 46438 
-0.23 150 46601 
-0.24 150 46764 
-0.31 150 46928 
-0.63 150 47091 
-0.38 150 47254 
-0.23 150 47417 
-0.46 150 47580 
-0.18 150 47744 
-0.21 150 47907 
-0.25 150 48070 
-0.32 150 48233 
-0.22 150 48238 
-0.18 150 48238 
-0.32 150 48238 
-0.18 150 48238 
0 150 48238 
-0.1 150 48238 
-0.18 150 48238 
-0.16 150 48238 
-0.36 150 48238 
-0.49 150 48238 
-0.22 150 48238 
-0.12 150 48238 
-0.33 150 48238 
-0.56 150 48238 
-0.15 150 48238 
-0.13 150 48238 
-0.24 150 48238 
-0.39 150 48238 
-0.19 150 48238 
-0.4 150 48238 
-0.65 150 48238 
-0.64 150 48238 
-0.42 150 48238 
-0.32 150 48238 
-0.36 150 48238 
-0.32 150 48238 
-0.28 150 48238 
-0.43 150 48238 
-0.66 150 48238 
-0.61 150 48238 
-0.62 150 48238 
-0.63 150 48238 
-0.41 150 48238 
-0.17 150 48238 
-0.33 150 48238 
-0.36 150 48238 
-0.32 150 48238 
-0.47 150 48238 
-0.36 150 48238 
-0.4 150 48238 
-0.54 150 48238 
-0.44 150 48238 
-0.24 150 48238 
-0.26 150 48238 
-0.52 150 48238 
-0.31 150 48238 
-0.29 150 48238 
-0.65 150 48238 
-0.65 150 48397 
-0.46 150 48561 
-0.53 150 48580 
-0.45 150 48596 
-0.4 150 48612 
-0.35 150 48627 
-0.45 150 48643 
-0.42 150 48659 
-0.35 150 48675 
-0.72 150 48691 
-0.6 150 48706 
-0.3 150 48722 
-0.78 150 48738 
-0.97 150 48754 
-0.79 150 48770 
-0.56 150 48785 
-0.57 150 48801 
-0.47 150 48817 
-0.65 150 48833 
-0.47 150 48848 
-0.56 150 48864 
-0.62 150 48880 
-0.64 150 48896 
-0.33 150 48912 
-0.4 150 48927 
-0.55 150 48943 
-0.59 150 48959 
-0.18 150 48975 
-0.32 150 48991 
-0.64 150 49006 
-0.49 150 49022 
-0.36 150 49038 
-0.32 150 49054 
-0.56 150 49070 
-0.76 150 49085 
-0.39 150 49101 
-0.4 150 49117 
-0.52 150 49133 
-0.71 150 49149 
-0.39 150 49164 
-0.25 150 49180 
-0.53 150 49196 
-0.61 150 49212 
-0.49 150 49228 
-0.22 150 49243 
-0.5 150 49259 
-0.56 150 49275 
-0.43 150 49291 
-0.36 150 49307 
-0.65 150 49322 
-0.88 150 49338 
-0.59 150 49354 
-0.6 150 49370 
-0.65 150 49386 
-0.81 150 49401 
-0.79 150 49417 
-0.5 150 49433 
-0.5 150 49449 
-0.58 150 49465 
-0.56 150 49480 
-0.58 150 49496 
-0.62 150 49512 
-0.75 150 49528 
-0.64 150 49544 
-0.2 150 49559 
-0.39 150 49575 
-0.59 150 49591 
-0.45 150 49607 
-0.45 150 49623 
-0.49 150 49638 
-0.69 150 49654 
-0.83 150 49670 
-0.46 150 49686 
-0.35 150 49702 
-0.5 150 49717 
-0.4 150 49733 
-0.29 150 49749 
-0.53 150 49765 
-0.77 150 49780 
-0.69 150 49796 
-0.52 150 49812 
-0.37 150 49828 
-0.63 150 49844 
-0.64 150 49859 
-0.36 150 49875 
-0.78 150 49891 
-0.96 150 49907 
-0.75 150 49923 
-0.41 150 49938 
-0.46 150 49954 
-0.8 150 49970 
-0.75 150 49986 
-0.39 150 50002 
-0.45 150 50017 
-0.5 150 50033 
-0.81 150 50049 
-0.75 150 50065 
-0.69 150 50081 
-0.72 150 50096 
-0.87 150 50112 
-0.59 150 50128 
-0.64 150 50144 
-0.68 150 50160 
-0.78 150 50175 
-0.46 150 50191 
-0.09 150 50207 
-0.49 150 50223 
-0.71 150 50239 
-0.41 150 50254 
-0.56 150 50270 
-0.63 150 50286 
-0.62 150 50302 
-0.42 150 50318 
-0.21 150 50333 
-0.56 150 50349 
-0.62 150 50365 
-0.54 150 50381 
-0.38 150 50397 
-0.4 150 50412 
-0.57 150 50428 
-0.54 150 50444 
-0.35 150 50460 
-0.98 150 50476 
-0.94 150 50491 
-0.44 150 50507 
-0.27 150 50523 
-0.45 150 50539 
-0.68 150 50555 
-0.7 150 50570 
-0.56 150 50586 
-0.49 150 50602 
-0.51 150 50618 
-0.3 150 50634 
-0.43 150 50649 
-0.65 150 50665 
-0.59 150 50681 
-0.57 150 50697 
-0.36 150 50713 
-0.61 150 50728 
-1 150 50744 
-0.82 150 50760 
-0.59 150 50776 
-0.93 150 50792 
-0.87 150 50807 
-0.8 150 50823 
-0.32 150 50839 
-0.17 150 50855 
-0.58 150 50871 
-0.61 150 50886 
-0.23 150 50902 
-0.29 150 50918 
-0.32 150 50934 
-0.26 150 50950 
-0.38 150 50965 
-0.52 150 50981 
-0.74 150 50997 
-0.57 150 51013 
-0.41 150 51029 
-0.8 150 51044 
-0.86 150 51060 
-0.7 150 51076 
-0.42 150 51092 
-0.43 150 51108 
-0.73 150 51123 
-0.87 150 51139 
-0.78 150 51155 
-0.6 150 51171 
-0.79 150 51186 
-0.43 150 51202 
-0.47 150 51218 
-0.47 150 51234 
-0.56 150 51250 
-0.6 150 51265 
-0.41 150 51281 
-0.11 150 51297 
-0.65 150 51313 
-0.66 150 51329 
-0.46 150 51344 
-0.69 150 51360 
-1.07 150 51376 
-0.87 150 51392 
-0.5 150 51408 
-0.4 150 51423 
-0.5 150 51439 
-0.76 150 51455 
-0.68 150 51471 
-0.54 150 51487 
-0.45 150 51502 
-0.67 150 51518 
-0.37 150 51534 
-0.54 150 51550 
-0.59 150 51566 
-0.62 150 51581 
-0.65 150 51597 
-0.41 150 51613 
-0.42 150 51629 
-0.5 150 51645 
-0.68 150 51660 
-0.51 150 51676 
-0.59 150 51692 
-0.8 150 51708 
-0.7 150 51724 
-0.35 150 51739 
-0.45 150 51755 
-1.01 150 51771 
-0.46 150 51787 
-0.22 150 51803 
-0.63 150 51818 
-0.89 150 51834 
-0.62 150 51850 
-0.16 150 51866 
-0.28 150 51882 
-0.7 150 51897 
-0.75 150 51913 
-0.45 150 51929 
-0.62 150 51945 
-0.75 150 51961 
-0.73 150 51976 
-0.54 150 51992 
-0.78 150 52008 
-1.04 150 52024 
-0.46 150 52040 
0.11 150 52055 
-0.14 150 52071 
-0.53 150 52087 
-0.37 150 52103 
-0.12 150 52119 
-0.23 150 52134 
-0.65 150 52150 
-0.34 150 52166 
-0.03 150 52182 
-0.26 150 52198 
-0.95 150 52213 
-0.48 150 52229 
-0.34 150 52245 
-0.28 150 52261 
0.25 150 52277 
-0.11 150 52292 
-0.67 150 52308 
-0.58 150 52324 
-0.5 150 52340 
-0.81 150 52356 
-0.71 150 52371 
-0.76 150 52387 
-0.66 150 52403 
-1.19 150 52419 
-0.84 150 52435 
-0.7 150 52450 
-0.97 150 52466 
-0.8 150 52482 
-0.71 150 52498 
-0.74 150 52514 
-0.94 150 52529 
-0.72 150 52545 
-0.28 150 52561 
-0.55 150 52577 
-0.54 150 52593 
-0.58 150 52608 
-0.66 150 52624 
-0.62 150 52640 
-0.7 150 52656 
-0.61 150 52672 
-0.64 150 52687 
-0.54 150 52703 
-0.56 150 52719 
-0.67 150 52735 
-0.61 150 52751 
-0.92 150 52766 
-0.83 150 52782 
-0.58 150 52798 
-0.69 150 52814 
-0.81 150 52830 
-0.86 150 52845 
-0.63 150 52861 
-0.82 150 52877 
-0.5 150 52893 
-0.38 150 52908 
-0.32 150 52924 
-0.05 150 52940 
-0.59 150 52956 
-1 150 52972 
-0.47 150 52987 
-0.41 150 53003 
-0.12 150 53019 
-0.54 150 53035 
-0.83 150 53051 
-0.79 150 53066 
-0.86 150 53082 
-1.3 150 53098 
-0.2 150 53114 
-0.35 150 53130 
-1.03 150 53145 
-0.79 150 53161 
-0.52 150 53177 
-0.58 150 53193 
-0.79 150 53209 
-0.32 150 53224 
-0.82 150 53240 
-1.05 150 53256 
-0.92 150 53272 
-0.56 150 53288 
-1.18 150 53303 
-1.8 150 53319 
-0.54 150 53335 
-0.34 150 53351 
-0.33 150 53367 
0.01 150 53382 
-0.26 150 53398 
-0.62 150 53414 
-0.5 150 53430 
-0.67 150 53446 
-0.41 150 53461 
-0.68 150 53477 
-0.76 150 53493 
-0.69 150 53509 
-0.97 150 53525 
-0.85 150 53540 
-0.86 150 53556 
-0.89 150 53572 
-0.51 150 53588 
-0.83 150 53604 
-0.89 150 53619 
-0.88 150 53635 
-0.51 150 53651 
-0.54 150 53667 
-0.67 150 53683 
-0.37 150 53698 
-0.22 150 53714 
-0.8 150 53730 
-0.84 150 53746 
-0.65 150 53762 
-0.27 150 53777 
-0.41 150 53793 
-0.66 150 53809 
-0.85 150 53825 
-0.62 150 53841 
-0.51 150 53856 
-0.85 150 53872 
-0.78 150 53888 
-0.49 150 53904 
-0.45 150 53920 
-0.44 150 53935 
-0.35 150 53951 
-0.02 150 53967 
-0.22 150 53983 
-0.63 150 53999 
-0.84 150 54014 
-0.54 150 54030 
-0.41 150 54046 
-0.54 150 54062 
-0.56 150 54078 
-0.27 150 54093 
-0.38 150 54109 
-0.86 150 54125 
-1.16 150 54141 
-0.81 150 54157 
-0.72 150 54172 
-0.63 150 54188 
-0.78 150 54204 
-0.69 150 54220 
-0.69 150 54236 
-0.89 150 54251 
-0.95 150 54267 
-0.48 150 54283 
-0.27 150 54299 
-0.64 150 54315 
-0.75 150 54330 
-0.61 150 54346 
-0.5 150 54362 
-0.67 150 54378 
-0.71 150 54394 
-0.33 150 54409 
0.1 150 54425 
-0.11 150 54441 
-0.36 150 54457 
-0.42 150 54473 
-0.54 150 54488 
-0.78 150 54504 
-0.87 150 54520 
-0.68 150 54536 
-0.37 150 54552 
-0.53 150 54567 
-1.18 150 54583 
-1.16 150 54599 
-0.51 150 54615 
-0.53 150 54631 
-0.68 150 54646 
-0.54 150 54662 
-0.54 150 54678 
-0.86 150 54694 
-1.09 150 54710 
-0.54 150 54725 
-0.47 150 54741 
-0.46 150 54757 
-0.62 150 54773 
-0.88 150 54788 
-0.34 150 54804 
-0.23 150 54820 
-0.48 150 54836 
-0.13 150 54852 
-0.04 150 54867 
-0.15 150 54883 
-0.65 150 54899 
-0.61 150 54915 
-0.41 150 54931 
-0.54 150 54946 
0.07 150 54962 
-0.11 150 54978 
-0.57 150 54994 
-0.41 150 55010 
-0.63 150 55025 
-1.03 150 55041 
-0.1 150 55057 
-0.36 150 55073 
-0.97 150 55089 
-0.91 150 55104 
-0.21 150 55120 
0.03 150 55136 
-0.56 150 55152 
-0.29 150 55168 
0.04 150 55183 
-0.04 150 55199 
-0.48 150 55215 
-0.87 150 55231 
-0.6 150 55247 
-0.46 150 55262 
-0.71 150 55278 
-0.92 150 55294 
-0.73 150 55310 
-0.39 150 55326 
-0.49 150 55341 
-0.66 150 55357 
-0.22 150 55373 
-0.38 150 55389 
-0.74 150 55405 
-0.88 150 55420 
-0.62 150 55436 
-0.46 150 55452 
-0.49 150 55468 
-0.81 150 55484 
-0.64 150 55499 
-0.6 150 55515 
-0.75 150 55531 
-0.78 150 55547 
-0.35 150 55563 
-0.3 150 55578 
-0.69 150 55594 
-0.83 150 55610 
-0.22 150 55626 
-0.12 150 55642 
-0.31 150 55657 
-0.22 150 55673 
-0.8 150 55689 
-0.68 150 55705 
-0.35 150 55721 
-0.6 150 55736 
-0.84 150 55752 
-0.43 150 55768 
-0.53 150 55784 
-0.75 150 55800 
-0.64 150 55815 
-0.45 150 55831 
-0.55 150 55847 
-0.97 150 55863 
-0.75 150 55879 
-0.28 150 55894 
-0.67 150 55910 
-0.59 150 55926 
-0.57 150 55942 
-0.86 150 55957 
-0.62 150 55973 
-0.49 150 55989 
-0.29 150 56005 
-0.39 150 56021 
-0.45 150 56036 
-0.72 150 56052 
-0.83 150 56068 
-0.71 150 56084 
-0.59 150 56100 
-0.53 150 56115 
-0.09 150 56131 
-0.16 150 56147 
-0.45 150 56163 
-0.76 150 56179 
-0.66 150 56194 
-0.27 150 56210 
0.18 150 56226 
-0.06 150 56242 
-0.49 150 56258 
-0.3 150 56273 
0.18 150 56289 
-0.12 150 56305 
-0.48 150 56321 
-0.43 150 56337 
-0.65 150 56352 
-0.71 150 56368 
-0.42 150 56384 
-0.06 150 56400 
0.09 150 56416 
-0.31 150 56431 
-0.68 150 56447 
-0.65 150 56463 
-0.15 150 56479 
0.56 150 56495 
0.19 150 56510 
-0.06 150 56526 
-0.14 150 56542 
-0.4 150 56558 
-0.76 150 56574 
-0.52 150 56589 
-0.1 150 56605 
-0.37 150 56621 
-0.84 150 56637 
-0.78 150 56653 
-0.66 150 56668 
-0.22 150 56684 
-0.15 150 56700 
0 150 56716 
-0.09 150 56732 
0.07 150 56747 
0.3 150 56763 
0.19 150 56779 
0.32 150 56795 
-0.21 150 56811 
-0.33 150 56826 
0.1 150 56842 
0.19 150 56858 
0.36 150 56874 
0.2 150 56889 
-0.11 150 56890 
-0.23 150 56890 
0.28 150 56890 
0.61 150 56890 
0.03 150 56890 
-0.04 150 56890 
-0.4 150 56890 
-0.32 150 56890 
-0.21 150 56890 
0.17 150 56890 
0.14 150 56890 
0.06 150 56890 
0.44 150 56890 
0.08 150 56890 
-0.24 150 56890 
-0.08 150 56890 
-0.07 150 56890 
-0.12 150 56890 
0.04 150 56890 
-0.02 150 56890 
0.07 150 56890 
-0.1 150 56890 
-0.32 150 56890 
-0.09 150 56890 
0.08 150 56890 
0.07 150 56890 
-0.37 150 56890 
-0.38 150 56890 
-0.86 150 56890 
-0.55 150 56890 
-0.22 150 56890 
0.02 150 56890 
0.29 150 56890 
-0.17 150 56890 
-0.5 150 56890 
-0.37 150 56890 
-0.22 150 56890 
-0.11 150 56890 
-0.01 150 56890 
0.04 150 56890 
0.03 150 56890 
-0.18 150 56890 
-0.16 150 56890 
0.46 150 56890 
0.29 150 56890 
-0.02 150 56890 
-0.13 150 56890 
-0.3 150 56890 
-0.14 150 56890 
0.06 150 56890 
-0.14 150 56890 
-0.05 150 56890 
-0.02 150 56890 
0.24 150 56890 
-0.17 150 56890 
-0.19 150 56890 
0.01 150 56890 
0.04 150 56890 
-0.06 150 56890 
-0.18 150 56890 
-0.3 150 56890 
-0.15 150 56890 
-0.03 150 56890 
-0.14 150 56890 
-0.36 150 56890 
0.03 150 56890 
-0.04 150 56890 
-0.04 150 56890 
0.01 150 56890 
0.2 150 56890 
0.18 150 56890 
-0.01 150 56890 
-0.25 150 56890 
-0.25 150 56890 
0.08 150 56890 
0.34 150 56890 
0.48 150 56890 
0.14 150 56890 
-0.07 150 56890 
-0.2 150 56890 
-0.37 150 56890 
-0.2 150 56890 
-0.06 150 56906 
-0.11 150 56922 
-0.49 150 56937 
-0.34 150 56953 
0.05 150 56969 
-0.25 150 56985 
-0.86 150 57001 
-0.39 150 57016 
0.25 150 57032 
0.41 150 57048 
0.13 150 57064 
0.03 150 57080 
0.03 150 57095 
0.11 150 57111 
0.02 150 57127 
0.14 150 57143 
0.06 150 57159 
0.22 150 57174 
0.29 150 57190 
0.3 150 57206 
0.47 150 57222 
0.37 150 57238 
0.2 150 57253 
0.13 150 57269 
0.11 150 57285 
0.22 150 57285 
0.34 150 57285 
0.54 150 57285 
0.31 150 57285 
0.27 150 57285 
0.27 150 57285 
0.22 150 57285 
0.26 150 57285 
0.48 150 57285 
0.69 150 57285 
0.16 150 57285 
0.16 150 57285 
0.5 150 57285 
0.43 150 57285 
0.19 150 57285 
0.11 150 57285 
-0.09 150 57285 
0.17 150 57285 
0.34 150 57285 
0.29 150 57285 
0.26 150 57285 
0.18 150 57285 
0.07 150 57285 
0.22 150 57285 
0.28 150 57285 
0.32 150 57285 
0.97 150 57285 
0.59 150 57285 
0.32 150 57285 
0.05 150 57285 
0.04 150 57285 
0.08 150 57285 
0.46 150 57285 
0.31 150 57285 
0.16 150 57285 
0.08 150 57285 
0.2 150 57285 
0.33 150 57285 
0.22 150 57285 
-0.06 150 57285 
-0.2 150 57285 
-0.02 150 57285 
0.28 150 57285 
0.26 150 57285 
0.37 150 57285 
0.1 150 57285 
0.19 150 57285 
0.75 150 57285 
0.46 150 57285 
0.39 150 57285 
0.44 150 57285 
0.38 150 57285 
0.26 150 57285 
0.36 150 57285 
0.23 150 57285 
0.23 150 57285 
0.25 150 57285 
0.06 150 57285 
0.42 150 57285 
0.51 150 57285 
0.46 150 57285 
0.65 150 57285 
0.25 150 57285 
0.39 150 57285 
0.25 150 57285 
0.27 150 57285 
0.14 150 57285 
0.15 150 57285 
0.06 150 57285 
0.17 150 57285 
0.53 150 57285 
0.36 150 57285 
-0.03 150 57285 
-0.16 150 57285 
0.09 150 57285 
0.21 150 57285 
0.1 150 57285 
0.25 150 57285 
0.49 150 57285 
0.39 150 57285 
0.35 150 57285 
0.34 150 57285 
0.19 150 57285 
0.15 150 57285 
0.11 150 57285 
0.04 150 57285 
0.42 150 57285 
0.43 150 57285 
0.19 150 57285 
0.49 150 57285 
0.83 150 57285 
0.64 150 57285 
0.13 150 57285 
0.05 150 57285 
0.34 150 57285 
0.37 150 57285 
0.32 150 57285 
0.13 150 57285 
-0.03 150 57285 
0.22 150 57285 
0.58 150 57285 
0.39 150 57285 
0.12 150 57285 
0.26 150 57285 
0.45 150 57285 
0.54 150 57285 
0.41 150 57285 
0.29 150 57285 
0.18 150 57285 
0.1 150 57285 
0.23 150 57285 
0.19 150 57285 
0.02 150 57285 
0.18 150 57285 
0.42 150 57285 
0.36 150 57285 
0.51 150 57285 
0.15 150 57285 
0.31 150 57285 
0.32 150 57285 
0.23 150 57285 
0.22 150 57285 
0.4 150 57285 
0.45 150 57285 
0.41 150 57285 
0.24 150 57285 
0.07 150 57285 
0.09 150 57285 
0.05 150 57285 
0.03 150 57285 
0.36 150 57285 
0.57 150 57285 
0.17 150 57285 
0.34 150 57285 
0.52 150 57285 
0.65 150 57285 
0.21 150 57285 
0.14 150 57285 
0.36 150 57285 
0.19 150 57285 
0.14 150 57285 
0.55 150 57285 
0.77 150 57285 
0.19 150 57285 
0.22 150 57285 
0.42 150 57285 
0.36 150 57285 
0.32 150 57285 
0.46 150 57285 
0.35 150 57285 
0.35 150 57285 
0.54 150 57285 
0.54 150 57285 
0.36 150 57285 
0.24 150 57285 
0.35 150 57285 
0.79 150 57285 
0.48 150 57285 
0.37 150 57285 
0.32 150 57285 
0.7 150 57285 
0.63 150 57285 
0.39 150 57285 
0.27 150 57285 
0.08 150 57285 
0.28 150 57285 
0.66 150 57285 
0.45 150 57285 
0.27 150 57285 
0.32 150 57285 
0.24 150 57285 
0.01 150 57285 
0.54 150 57285 
0.23 150 57285 
0.54 150 57285 
0.57 150 57285 
0.4 150 57285 
0.31 150 57285 
0.06 150 57285 
0.26 150 57285 
0.11 150 57285 
0.33 150 57285 
0.46 150 57285 
0.29 150 57285 
0.17 150 57285 
-0.03 150 57285 
0.44 150 57285 
0.44 150 57285 
0.52 150 57285 
0.37 150 57285 
0.39 150 57285 
0.44 150 57285 
0.38 150 57285 
0.31 150 57285 
0.36 150 57285 
0 150 57285 
0.16 150 57285 
0.51 150 57285 
0.48 150 57285 
0.56 150 57285 
0.33 150 57285 
0.6 150 57285 
0.61 150 57285 
0.5 150 57285 
0.44 150 57285 
0.39 150 57285 
0.36 150 57285 
0.27 150 57285 
0.38 150 57285 
0.44 150 57285 
0.36 150 57285 
0.06 150 57285 
0.26 150 57285 
0.33 150 57285 
0.31 150 57285 
0.21 150 57285 
0.2 150 57285 
0.28 150 57285 
0.42 150 57285 
0.45 150 57285 
0.43 150 57285 
0.52 150 57285 
0.46 150 57285 
0.32 150 57285 
0.35 150 57285 
0.54 150 57285 
0.55 150 57285 
0.46 150 57285 
0.29 150 57285 
0.46 150 57285 
0.53 150 57285 
0.46 150 57285 
0.34 150 57285 
0.61 150 57285 
0.84 150 57285 
0.58 150 57285 
0.34 150 57285 
0.73 150 57285 
0.75 150 57285 
0.3 150 57285 
0.48 150 57285 
0.69 150 57285 
0.52 150 57285 
0.28 150 57285 
0.38 150 57285 
0.35 150 57285 
0.31 150 57285 
0.41 150 57285 
0.7 150 57285 
0.33 150 57285 
0.24 150 57285 
0.45 150 57285 
0.56 150 57285 
0.61 150 57285 
0.37 150 57285 
0.21 150 57285 
0.31 150 57285 
0.22 150 57285 
0.32 150 57285 
0.33 150 57285 
0.67 150 57285 
0.61 150 57285 
0.42 150 57285 
0.54 150 57285 
0.54 150 57285 
0.56 150 57285 
0.52 150 57285 
0.55 150 57285 
0.53 150 57285 
0.46 150 57285 
0.26 150 57285 
0.54 150 57285 
0.69 150 57285 
0.77 150 57285 
0.79 150 57285 
0.93 150 57285 
0.83 150 57285 
0.62 150 57285 
0.72 150 57285 
0.39 150 57285 
0.46 150 57285 
0.41 150 57285 
0.41 150 57285 
0.32 150 57285 
0.29 150 57285 
0.54 150 57285 
0.54 150 57285 
0.61 150 57285 
0.76 150 57285 
0.68 150 57285 
0.58 150 57285 
0.46 150 57285 
0.29 150 57285 
0.34 150 57285 
0.26 150 57285 
0.33 150 57285 
0.49 150 57285 
0.44 150 57285 
0.47 150 57285 
0.59 150 57285 
0.45 150 57285 
0.25 150 57285 
0.58 150 57285 
0.6 150 57285 
0.55 150 57285 
0.56 150 57285 
0.6 150 57285 
0.44 150 57285 
0.42 150 57285 
0.58 150 57285 
0.51 150 57285 
0.47 150 57285 
0.61 150 57285 
0.59 150 57285 
0.4 150 57285 
0.37 150 57285 
0.36 150 57285 
0.49 150 57285 
0.37 150 57285 
0.36 150 57285 
0.35 150 57285 
0.39 150 57285 
0.35 150 57285 
0.3 150 57285 
0.49 150 57285 
0.51 150 57285 
0.51 150 57285 
0.39 150 57285 
0.49 150 57285 
0.4 150 57285 
0.4 150 57285 
0.31 150 57285 
0.01 150 57285 
0.05 150 57285 
0.27 150 57285 
0.45 150 57285 
0.31 150 57285 
0.29 150 57285 
0.33 150 57285 
0.11 150 57285 
0.23 150 57285 
0.41 150 57285 
0.33 150 57285 
0.36 150 57285 
0.33 150 57285 
0.34 150 57285 
0.3 150 57285 
0.36 150 57285 
0.43 150 57285 
0.23 150 57285 
0.12 150 57285 
0.2 150 57285 
0.62 150 57285 
0.7 150 57285 
0.43 150 57285 
0.21 150 57285 
0.29 150 57285 
0.3 150 57285 
0.51 150 57285 
0.36 150 57285 
0.35 150 57285 
0.27 150 57285 
0.22 150 57285 
0.31 150 57285 
0.43 150 57285 
0.52 150 57285 
0.64 150 57285 
0.55 150 57285 
0.43 150 57285 
0.37 150 57285 
0.16 150 57285 
0.17 150 57285 
0.45 150 57285 
0.3 150 57285 
0.33 150 57285 
0.42 150 57285 
0.32 150 57285 
0.3 150 57285 
0.39 150 57285 
0.31 150 57285 
0.38 150 57285 
0.57 150 57285 
0.55 150 57285 
0.38 150 57285 
0.4 150 57285 
0.42 150 57285 
0.44 150 57285 
0.54 150 57285 
0.54 150 57285 
0.53 150 57285 
0.62 150 57285 
0.8 150 57285 
0.79 150 57285 
0.56 150 57285 
0.54 150 57285 
0.47 150 57285 
0.54 150 57285 
0.58 150 57285 
0.47 150 57285 
0.34 150 57285 
0.52 150 57285 
0.34 150 57285 
0.63 150 57285 
0.58 150 57285 
0.6 150 57285 
0.8 150 57285 
0.47 150 57285 
0.2 150 57285 
0.41 150 57285 
0.43 150 57285 
0.24 150 57285 
0.54 150 57285 
0.78 150 57285 
0.74 150 57285 
0.9 150 57285 
0.84 150 57285 
0.45 150 57285 
0.22 150 57285 
0.41 150 57285 
0.51 150 57285 
0.8 150 57285 
0.77 150 57285 
0.85 150 57285 
0.69 150 57285 
0.31 150 57285 
0.31 150 57285 
0.49 150 57285 
0.32 150 57285 
0.39 150 57285 
0.39 150 57285 
0.2 150 57285 
0.46 150 57285 
0.76 150 57285 
0.87 150 57285 
0.61 150 57285 
0.36 150 57285 
0.66 150 57285 
0.62 150 57285 
0.41 150 57285 
0.48 150 57285 
0.62 150 57285 
0.79 150 57285 
0.77 150 57285 
0.64 150 57285 
0.54 150 57285 
0.34 150 57285 
0.56 150 57285 
0.55 150 57285 
0.45 150 57285 
0.8 150 57285 
0.6 150 57285 
0.54 150 57285 
0.53 150 57285 
0.43 150 57285 
0.41 150 57285 
0.51 150 57285 
0.54 150 57285 
0.67 150 57285 
0.43 150 57285 
0.54 150 57285 
0.67 150 57285 
0.46 150 57285 
0.51 150 57285 
0.54 150 57285 
0.54 150 57285 
0.49 150 57285 
0.54 150 57285 
0.75 150 57285 
0.79 150 57285 
0.54 150 57285 
0.45 150 57285 
0.53 150 57285 
0.59 150 57285 
0.57 150 57285 
0.4 150 57285 
0.65 150 57285 
0.78 150 57285 
0.75 150 57301 
0.72 150 57317 
0.46 150 57333 
0.48 150 57348 
0.75 150 57364 
0.86 150 57380 
0.79 150 57396 
0.79 150 57412 
0.87 150 57427 
0.77 150 57443 
0.79 150 57459 
0.76 150 57475 
0.7 150 57490 
0.68 150 57506 
0.47 150 57522 
0.47 150 57538 
0.93 150 57554 
0.89 150 57569 
0.57 150 57585 
0.48 150 57601 
0.88 150 57617 
1.09 150 57633 
1.04 150 57648 
0.9 150 57664 
1.02 150 57680 
1.06 150 57696 
0.85 150 57712 
1.17 150 57727 
1.2 150 57743 
1.22 150 57759 
1.1 150 57775 
0.95 150 57791 
1.31 150 57806 
1.6 150 57822 
1.51 150 57838 
1 150 57854 
1.22 150 57870 
1.72 150 57885 
1.45 150 57901 
1.37 150 57917 
1.57 150 57933 
1.65 150 57949 
1.31 150 57964 
1.17 150 57980 
1.36 150 57996 
1.42 150 58012 
1.28 150 58028 
1.2 150 58043 
1.25 150 58059 
1.4 150 58075 
1.25 150 58091 
1.21 150 58107 
1.16 150 58122 
1.29 150 58138 
1.45 150 58154 
1.38 150 58170 
1.39 150 58186 
1.32 150 58201 
1.32 150 58217 
1.39 150 58233 
1.65 150 58249 
1.7 150 58265 
1.57 150 58280 
1.4 150 58296 
1.55 150 58312 
1.78 150 58328 
1.69 150 58344 
1.67 150 58359 
1.73 150 58375 
1.97 150 58391 
1.9 150 58407 
1.75 150 58423 
1.81 150 58438 
2.02 150 58454 
2.15 150 58470 
1.75 150 58486 
1.59 150 58502 
1.87 150 58517 
2.12 150 58533 
1.97 150 58549 
1.91 150 58565 
2.21 150 58581 
2.32 150 58596 
2.12 150 58612 
2.09 150 58628 
2.19 150 58644 
2.62 150 58660 
2.37 150 58675 
2.01 150 58691 
2.66 150 58707 
2.55 150 58723 
2.4 150 58739 
2.43 150 58754 
2.58 150 58770 
2.79 150 58786 
2.48 150 58802 
2.33 150 58818 
2.58 150 58833 
3.1 150 58849 
2.83 150 58865 
2.69 150 58881 
2.82 150 58897 
3.21 150 58912 
2.69 150 58928 
2.67 150 58944 
3.37 150 58960 
3.63 150 58976 
2.98 150 58991 
2.85 150 59007 
3.2 150 59023 
3.34 150 59039 
3.06 150 59055 
2.87 150 59070 
3.15 150 59086 
3.49 150 59102 
3.38 150 59118 
3.6 150 59134 
3.83 150 59149 
3.77 150 59165 
3.43 150 59181 
3.37 150 59197 
3.98 150 59213 
4.53 150 59228 
3.84 150 59244 
3.39 150 59260 
4.03 150 59276 
4.54 150 59292 
4.41 150 59307 
3.74 150 59323 
4.01 150 59339 
4.51 150 59355 
4.32 150 59371 
4.1 150 59386 
4.42 150 59402 
4.58 150 59418 
4.64 150 59434 
4.19 150 59450 
4.3 150 59465 
4.92 150 59481 
5.03 150 59497 
4.62 150 59513 
4.8 150 59529 
5.04 150 59544 
4.95 150 59560 
4.78 150 59576 
4.92 150 59592 
5.25 150 59608 
5.19 150 59623 
5.09 150 59639 
5.41 150 59655 
5.59 150 59671 
5.64 150 59687 
5.49 150 59702 
5.68 150 59718 
5.71 150 59734 
6 150 59750 
5.55 150 59766 
5.74 150 59781 
6.26 150 59797 
6.24 150 59813 
6.3 150 59829 
5.9 150 59845 
5.5 150 59860 
6.07 150 59876 
6.91 150 59892 
6.73 150 59908 
6.61 150 59923 
6.45 150 59939 
6.57 150 59955 
6.96 150 59971 
6.72 150 59987 
6.71 150 60002 
6.57 150 60018 
6.53 150 60034 
7.24 150 60050 
8.05 150 60066 
7.42 150 60081 
7.09 150 60097 
7.49 150 60113 
7.49 150 60129 
7.22 150 60145 
7.18 150 60160 
7.8 150 60176 
7.69 150 60192 
7.51 150 60208 
7.48 150 60224 
7.63 150 60239 
7.58 150 60255 
7.66 150 60271 
7.85 150 60287 
8.06 150 60303 
8.16 150 60319 
7.98 150 60334 
7.82 150 60350 
8.19 150 60366 
8.66 150 60382 
8.32 150 60398 
8.26 150 60413 
8.27 150 60429 
8.4 150 60445 
8.35 150 60461 
8.87 150 60477 
8.83 150 60492 
9.13 150 60508 
9.25 150 60524 
8.92 150 60540 
9.31 150 60556 
9.56 150 60571 
9.2 150 60587 
9.28 150 60603 
9.35 150 60619 
9.51 150 60635 
9.54 150 60650 
9.14 150 60666 
9.35 150 60682 
9.7 150 60698 
9.87 150 60714 
9.5 150 60729 
9.56 150 60745 
10 150 60761 
9.86 150 60777 
9.67 150 60792 
9.67 150 60808 
9.86 150 60824 
10.12 150 60840 
10.32 150 60856 
10.16 150 60871 
10.49 150 60887 
10.66 150 60903 
10.46 150 60919 
10.53 150 60935 
10.45 150 60950 
10.31 150 60966 
10.53 150 60982 
10.65 150 60998 
10.65 150 61014 
11.1 150 61029 
10.92 150 61045 
11.08 150 61061 
11.11 150 61077 
10.61 150 61093 
10.75 150 61108 
11.05 150 61124 
11.22 150 61140 
11.54 150 61156 
11.38 150 61172 
11.21 150 61187 
11.5 150 61203 
11.55 150 61219 
11.31 150 61235 
11.7 150 61251 
12 150 61266 
12.05 150 61282 
11.4 150 61298 
11.75 150 61314 
12.05 150 61330 
12.07 150 61345 
11.92 150 61361 
12.06 150 61377 
11.81 150 61393 
11.69 150 61409 
12.15 150 61424 
12.01 150 61440 
12.04 150 61456 
12.03 150 61472 
12.08 150 61488 
12.13 150 61503 
12.47 150 61519 
12.83 150 61535 
12.59 150 61551 
12.56 150 61567 
13.14 150 61582 
13.37 150 61598 
13.14 150 61614 
12.42 150 61630 
12.48 150 61646 
12.79 150 61661 
12.62 150 61677 
13.07 150 61693 
13.31 150 61709 
13.41 150 61725 
13.5 150 61740 
13.62 150 61756 
13.63 150 61772 
13.31 150 61788 
12.94 150 61804 
13.22 150 61819 
13.25 150 61835 
13.16 150 61851 
13.2 150 61867 
13.51 150 61883 
13.5 150 61898 
13.71 150 61914 
13.96 150 61930 
13.55 150 61946 
13.48 150 61962 
14.41 150 61977 
14.25 150 61993 
14.35 150 62009 
14.59 150 62025 
14.79 150 62041 
14.77 150 62056 
14.45 150 62072 
14.35 150 62088 
14.8 150 62104 
14.48 150 62120 
14.06 150 62135 
14.7 150 62151 
15.11 150 62167 
15.03 150 62183 
14.78 150 62199 
14.79 150 62214 
15.17 150 62230 
15.4 150 62246 
15.24 150 62262 
15.2 150 62278 
15.19 150 62293 
15.63 150 62309 
15.83 150 62325 
15.85 150 62341 
16.17 150 62357 
15.99 150 62372 
15.66 150 62388 
15.94 150 62404 
16.21 150 62420 
15.79 150 62436 
15.95 150 62451 
16.27 150 62467 
16.43 150 62483 
16.58 150 62499 
16.52 150 62515 
16.69 150 62530 
16.96 150 62546 
17.01 150 62562 
16.98 150 62578 
17.04 150 62594 
17.2 150 62609 
17.42 150 62625 
17.06 150 62641 
17.21 150 62657 
17.51 150 62673 
17.47 150 62688 
17.38 150 62704 
17.42 150 62720 
17.43 150 62736 
17.82 150 62752 
17.9 150 62767 
17.79 150 62783 
18.2 150 62799 
18.4 150 62815 
18.49 150 62831 
18.24 150 62846 
18.8 150 62862 
18.88 150 62878 
18.59 150 62894 
18.98 150 62910 
18.87 150 62925 
18.62 150 62941 
18.05 150 62957 
18.06 150 62973 
18.71 150 62989 
19.07 150 63004 
18.78 150 63020 
19.1 150 63036 
19.63 150 63052 
19.78 150 63068 
19.49 150 63083 
19.68 150 63099 
19.4 150 63115 
19.6 150 63131 
19.56 150 63147 
19.57 150 63162 
20.12 150 63178 
20.1 150 63194 
20.18 150 63210 
20.26 150 63226 
20.61 150 63241 
21 150 63257 
20.63 150 63273 
20.17 150 63289 
20.31 150 63305 
20.92 150 63320 
20.81 150 63336 
20.77 150 63352 
21.37 150 63368 
21.51 150 63384 
21.47 150 63399 
21.2 150 63415 
21.29 150 63431 
21.47 150 63447 
21.66 150 63463 
21.65 150 63478 
21.6 150 63494 
21.66 150 63510 
22.05 150 63526 
22.33 150 63542 
22.34 150 63557 
22.01 150 63573 
22.12 150 63589 
22.04 150 63605 
22.58 150 63621 
22.9 150 63636 
22.76 150 63652 
22.5 150 63668 
22.77 150 63684 
23.22 150 63700 
23.01 150 63715 
22.9 150 63731 
23.12 150 63747 
23.38 150 63763 
23.69 150 63779 
23.66 150 63794 
23.48 150 63810 
23.45 150 63826 
23.78 150 63842 
23.66 150 63858 
23.64 150 63873 
24 150 63889 
24.1 150 63905 
23.64 150 63921 
23.61 150 63937 
24.06 150 63952 
24.4 150 63968 
24.27 150 63984 
24.19 150 64000 
24.36 150 64015 
24.62 150 64031 
24.63 150 64047 
24.52 150 64063 
25.11 150 64079 
25.37 150 64094 
25.02 150 64110 
24.64 150 64126 
25.01 150 64142 
25.32 150 64158 
25.04 150 64173 
25.45 150 64189 
25.84 150 64205 
25.66 150 64221 
25.49 150 64237 
25.52 150 64252 
25.58 150 64268 
25.62 150 64284 
25.56 150 64300 
25.59 150 64316 
25.97 150 64331 
26.24 150 64347 
25.89 150 64363 
25.95 150 64379 
26.27 150 64395 
26.53 150 64410 
26.7 150 64426 
26.36 150 64442 
26.37 150 64458 
26.66 150 64474 
26.64 150 64489 
26.75 150 64505 
26.88 150 64521 
27.21 150 64537 
26.95 150 64553 
26.87 150 64568 
27.16 150 64584 
27.66 150 64600 
27.37 150 64616 
27.09 150 64632 
27.54 150 64647 
27.72 150 64663 
27.26 150 64679 
27.38 150 64695 
27.9 150 64711 
27.85 150 64726 
28.32 150 64742 
28.01 150 64758 
27.67 150 64774 
27.82 150 64790 
28.06 150 64805 
28.02 150 64821 
28.05 150 64837 
28.4 150 64853 
28.57 150 64869 
28.36 150 64884 
28.49 150 64900 
28.61 150 64916 
28.68 150 64932 
28.96 150 64948 
29.17 150 64963 
29.28 150 64979 
29.28 150 64995 
29 150 65011 
29.21 150 65027 
29.75 150 65042 
29.65 150 65058 
29.12 150 65074 
29.34 150 65090 
29.88 150 65106 
29.91 150 65121 
29.79 150 65137 
30.03 150 65153 
30.43 150 65169 
30.55 150 65185 
29.96 150 65200 
30.04 150 65216 
30.47 150 65232 
30.63 150 65248 
30.73 150 65264 
30.81 150 65279 
31.13 150 65295 
31.05 150 65311 
31.34 150 65327 
31.05 150 65343 
31.34 150 65358 
31.7 150 65374 
31.53 150 65390 
31.52 150 65406 
31.66 150 65422 
31.97 150 65437 
32.11 150 65453 
31.51 150 65469 
31.78 150 65485 
32.48 150 65501 
32.56 150 65516 
32.32 150 65532 
32.36 150 65548 
32.53 150 65564 
32.55 150 65580 
32.56 150 65595 
32.63 150 65611 
32.64 150 65627 
32.84 150 65643 
32.7 150 65658 
32.8 150 65674 
33.06 150 65690 
32.95 150 65706 
33.29 150 65722 
33.77 150 65738 
33.9 150 65753 
33.85 150 65769 
33.8 150 65785 
34.21 150 65801 
34.53 150 65817 
34.38 150 65832 
34.46 150 65848 
34.8 150 65864 
35.01 150 65880 
34.85 150 65896 
34.77 150 65911 
34.88 150 65927 
35.22 150 65943 
35.49 150 65959 
35.23 150 65975 
35.49 150 65990 
35.96 150 66006 
35.94 150 66022 
35.76 150 66038 
35.96 150 66054 
36.32 150 66069 
36.29 150 66085 
36.29 150 66101 
36.53 150 66117 
36.69 150 66133 
36.52 150 66148 
36.5 150 66164 
36.6 150 66180 
37.22 150 66196 
37.31 150 66212 
37.04 150 66227 
37.16 150 66243 
37.51 150 66259 
37.6 150 66275 
37.35 150 66290 
37.24 150 66306 
37.63 150 66322 
37.7 150 66338 
37.48 150 66354 
37.7 150 66369 
38.13 150 66385 
38.35 150 66401 
38.05 150 66417 
38.32 150 66433 
38.82 150 66448 
39.12 150 66464 
39 150 66480 
38.98 150 66496 
38.95 150 66512 
39.34 150 66527 
39.39 150 66543 
39.23 150 66559 
39.86 150 66575 
40.17 150 66591 
39.89 150 66606 
39.74 150 66622 
40 150 66638 
39.89 150 66654 
40.23 150 66670 
40.4 150 66685 
40.5 150 66701 
40.98 150 66717 
40.79 150 66733 
40.49 150 66749 
40.85 150 66764 
40.87 150 66780 
41.08 150 66796 
40.97 150 66812 
41.27 150 66828 
41.83 150 66843 
41.53 150 66859 
41.56 150 66875 
41.91 150 66891 
42.11 150 66907 
41.79 150 66922 
41.82 150 66938 
42.25 150 66954 
42.66 150 66970 
42.35 150 66986 
42.3 150 67001 
42.64 150 67017 
42.86 150 67033 
42.79 150 67049 
42.72 150 67065 
42.82 150 67080 
43.05 150 67096 
43.16 150 67112 
43.12 150 67128 
43.37 150 67144 
43.5 150 67159 
43.76 150 67175 
43.93 150 67191 
43.99 150 67207 
44.37 150 67223 
44.21 150 67238 
43.74 150 67254 
43.95 150 67270 
44.34 150 67286 
44.27 150 67302 
44.23 150 67317 
44.58 150 67333 
44.8 150 67349 
44.84 150 67365 
44.69 150 67381 
44.82 150 67396 
45.17 150 67412 
45.33 150 67428 
45.46 150 67444 
45.48 150 67460 
45.55 150 67475 
45.64 150 67491 
45.69 150 67507 
45.76 150 67523 
45.97 150 67539 
45.87 150 67554 
45.76 150 67570 
46.02 150 67586 
46.38 150 67602 
46.64 150 67618 
46.37 150 67633 
46.3 150 67649 
46.69 150 67665 
46.91 150 67681 
46.96 150 67697 
46.77 150 67712 
47.05 150 67728 
47.47 150 67744 
47.2 150 67760 
47.34 150 67776 
47.46 150 67791 
47.65 150 67807 
47.62 150 67823 
47.82 150 67839 
47.95 150 67855 
48 150 67870 
48.05 150 67886 
47.84 150 67902 
48.31 150 67918 
48.52 150 67934 
48.23 150 67949 
48.2 150 67965 
48.58 150 67981 
49.13 150 67997 
48.66 150 68013 
48.59 150 68028 
49.02 150 68044 
49.22 150 68060 
49 150 68076 
49.17 150 68092 
49.45 150 68107 
49.33 150 68123 
49.14 150 68139 
49.42 150 68155 
49.98 150 68171 
50.11 150 68186 
50.24 150 68202 
50.43 150 68218 
50.68 150 68234 
50.63 150 68250 
50.34 150 68265 
50.19 150 68281 
50.74 150 68297 
51.22 150 68313 
50.7 150 68329 
50.59 150 68344 
50.97 150 68360 
51.43 150 68376 
51.4 150 68392 
51.18 150 68408 
51.28 150 68423 
51.95 150 68439 
52.16 150 68455 
52.07 150 68471 
52.22 150 68487 
52.26 150 68502 
52.55 150 68518 
52.48 150 68534 
52.6 150 68550 
53.01 150 68566 
53.12 150 68581 
53.06 150 68597 
53.2 150 68613 
53.22 150 68629 
53.23 150 68645 
53.72 150 68660 
53.78 150 68676 
53.8 150 68692 
53.66 150 68708 
53.59 150 68724 
54.06 150 68739 
54.5 150 68755 
54.59 150 68771 
54.51 150 68787 
54.65 150 68802 
55.05 150 68818 
55.28 150 68834 
54.98 150 68850 
55.06 150 68866 
55.54 150 68881 
55.53 150 68897 
55.56 150 68913 
55.71 150 68929 
55.96 150 68945 
55.98 150 68960 
56.13 150 68976 
56.1 150 68992 
56.31 150 69008 
56.42 150 69024 
56.49 150 69039 
56.65 150 69055 
56.91 150 69071 
57 150 69087 
57.11 150 69103 
57.13 150 69118 
57.55 150 69134 
57.72 150 69150 
57.71 150 69166 
57.92 150 69182 
58.22 150 69197 
58.52 150 69213 
58.16 150 69229 
58.15 150 69245 
58.57 150 69261 
58.76 150 69276 
58.63 150 69292 
58.75 150 69308 
58.92 150 69324 
59.08 150 69340 
59.09 150 69355 
59.14 150 69371 
59.53 150 69387 
59.85 150 69403 
59.61 150 69419 
59.39 150 69434 
59.73 150 69450 
60.44 150 69466 
60.53 150 69482 
60.31 150 69498 
60.43 150 69513 
60.81 150 69529 
60.88 150 69545 
60.56 150 69561 
60.92 150 69577 
61.29 150 69592 
60.96 150 69608 
60.86 150 69624 
61.16 150 69640 
61.46 150 69656 
61.98 150 69671 
62.15 150 69687 
62.28 150 69703 
62.56 150 69719 
62.62 150 69735 
62.49 150 69750 
62.79 150 69766 
63.05 150 69782 
63 150 69798 
62.86 150 69814 
63.17 150 69829 
63.52 150 69845 
63.69 150 69861 
63.63 150 69877 
63.52 150 69892 
64.02 150 69908 
64.31 150 69924 
64.19 150 69940 
64.26 150 69956 
64.64 150 69971 
64.74 150 69987 
64.38 150 70003 
64.72 150 70019 
65.18 150 70035 
65.42 150 70050 
65.43 150 70066 
65.48 150 70082 
65.61 150 70098 
65.77 150 70114 
65.8 150 70129 
65.85 150 70145 
66.17 150 70161 
66.38 150 70177 
66.29 150 70193 
66.34 150 70208 
66.81 150 70224 
67.04 150 70240 
66.99 150 70256 
67.22 150 70272 
67.65 150 70287 
67.6 150 70303 
67.55 150 70319 
67.82 150 70335 
68.1 150 70351 
68.22 150 70366 
68.03 150 70382 
68.12 150 70398 
68.48 150 70414 
68.49 150 70430 
68.19 150 70445 
68.37 150 70461 
68.72 150 70477 
69.01 150 70493 
68.9 150 70509 
68.82 150 70524 
69.58 150 70540 
70.11 150 70556 
69.74 150 70572 
69.63 150 70588 
69.86 150 70603 
69.93 150 70619 
70.03 150 70635 
70.28 150 70651 
70.71 150 70666 
71.02 150 70682 
70.97 150 70698 
71.21 150 70714 
71.44 150 70730 
71.57 150 70745 
71.45 150 70761 
71.33 150 70777 
71.43 150 70793 
71.65 150 70809 
71.63 150 70824 
71.77 150 70840 
72.04 150 70856 
72.22 150 70872 
72.44 150 70888 
72.45 150 70903 
72.65 150 70919 
72.75 150 70935 
72.65 150 70951 
72.74 150 70967 
73.01 150 70982 
73.29 150 70998 
73.21 150 71014 
73.1 150 71030 
73.52 150 71046 
73.76 150 71061 
73.67 150 71077 
73.86 150 71093 
74.09 150 71109 
74.17 150 71125 
74.14 150 71140 
74.49 150 71156 
74.63 150 71172 
74.84 150 71188 
75.03 150 71204 
75.01 150 71219 
75.04 150 71235 
75.46 150 71251 
75.4 150 71267 
75.4 150 71283 
75.98 150 71298 
76.18 150 71314 
76.02 150 71330 
76.07 150 71346 
77.01 150 71362 
77.48 150 71377 
76.96 150 71393 
76.71 150 71409 
76.63 150 71425 
76.91 150 71441 
77.28 150 71456 
77.3 150 71472 
77.08 150 71488 
77.97 150 71504 
78.12 150 71520 
77.93 150 71535 
77.97 150 71551 
78.25 150 71567 
78.54 150 71583 
78.64 150 71599 
78.87 150 71614 
79.05 150 71630 
79.06 150 71646 
78.8 150 71662 
79.05 150 71678 
79.39 150 71693 
79.74 150 71709 
79.75 150 71725 
79.58 150 71741 
80.05 150 71757 
80.43 150 71772 
80.34 150 71788 
80.13 150 71804 
80.39 150 71820 
80.72 150 71836 
80.81 150 71851 
80.72 150 71867 
81.03 150 71883 
81.6 150 71899 
81.59 150 71915 
81.5 150 71930 
82.06 150 71946 
82.35 150 71962 
82.15 150 71978 
82.4 150 71994 
82.76 150 72009 
82.86 150 72025 
82.76 150 72041 
82.88 150 72057 
83.12 150 72073 
83.4 150 72088 
83.55 150 72104 
83.41 150 72120 
83.77 150 72136 
84.19 150 72152 
84.42 150 72167 
84.59 150 72183 
84.69 150 72199 
84.96 150 72215 
84.89 150 72231 
84.84 150 72246 
85.04 150 72262 
85.53 150 72278 
85.57 150 72294 
85.54 150 72310 
85.87 150 72325 
86.38 150 72341 
86.25 150 72357 
86.13 150 72373 
86.24 150 72389 
86.54 150 72404 
86.9 150 72420 
86.87 150 72436 
87.09 150 72452 
87.74 150 72468 
87.91 150 72483 
87.64 150 72499 
87.78 150 72515 
88.2 150 72531 
88.32 150 72547 
88.11 150 72562 
88.31 150 72578 
88.94 150 72594 
88.98 150 72610 
89.09 150 72626 
89.25 150 72641 
89.41 150 72657 
89.72 150 72673 
90.03 150 72689 
89.81 150 72705 
90.14 150 72720 
90.26 150 72736 
90.22 150 72752 
90.44 150 72768 
90.97 150 72784 
91.15 150 72799 
91.06 150 72815 
91.08 150 72831 
91.6 150 72847 
91.93 150 72847 
91.89 150 72847 
91.85 150 72847 
91.95 150 72847 
91.9 150 72847 
91.79 150 72847 
91.61 150 72847 
91.61 150 72847 
91.66 150 72847 
91.77 150 72847 
91.64 150 72847 
91.52 150 72847 
91.33 150 72847 
91.26 150 72847 
91.51 150 72847 
91.36 150 72847 
91.15 150 72847 
91.35 150 72847 
91.52 150 72847 
91.35 150 72847 
91.13 150 72847 
91.21 150 72847 
91.45 150 72847 
91.28 150 72847 
91.21 150 72847 
91.42 150 72847 
91.71 150 72847 
91.58 150 72847 
91.5 150 72847 
91.38 150 72847 
91.08 150 72847 
91.11 150 72847 
91.44 150 72847 
91.53 150 72847 
91.31 150 72847 
91.65 150 72847 
91.53 150 72847 
91.28 150 72847 
91.39 150 72847 
91.32 150 72847 
91.34 150 72847 
91.33 150 72847 
91.02 150 72847 
91.21 150 72847 
91.14 150 72847 
91.11 150 72847 
91.28 150 72847 
91.03 150 72847 
90.75 150 72847 
91.14 150 72847 
91.04 150 72847 
90.9 150 72847 
91.18 150 72847 
91.35 150 72847 
91.13 150 72847 
90.88 150 72847 
91.08 150 72847 
91.29 150 72847 
91.29 150 72847 
91.11 150 72847 
91.04 150 72847 
90.8 150 72847 
90.95 150 72847 
90.79 150 72847 
90.99 150 72847 
91.07 150 72847 
91.19 150 72847 
90.75 150 72847 
91.05 150 72847 
90.98 150 72847 
90.83 150 72847 
90.64 150 72847 
90.96 150 72847 
91.21 150 72847 
91.13 150 72847 
91.11 150 72847 
91.01 150 72847 
90.94 150 72847 
90.91 150 72847 
91.1 150 72847 
91.21 150 72847 
91.15 150 72847 
91.11 150 72847 
91.1 150 72847 
91.07 150 72847 
90.97 150 72847 
90.82 150 72847 
90.74 150 72847 
90.93 150 72847 
90.83 150 72847 
90.88 150 72847 
90.79 150 72847 
90.82 150 72847 
90.88 150 72847 
90.96 150 72847 
91.31 150 72847 
91.25 150 72847 
91.11 150 72847 
91.08 150 72847 
90.95 150 72847 
90.89 150 72847 
90.93 150 72847 
91.22 150 72847 
91.27 150 72847 
90.91 150 72847 
90.62 150 72847 
90.7 150 72847 
90.82 150 72847 
90.74 150 72847 
90.82 150 72847 
91.05 150 72847 
90.81 150 72847 
90.66 150 72847 
90.76 150 72847 
90.98 150 72847 
90.98 150 72847 
90.92 150 72847 
90.81 150 72847 
90.78 150 72847 
90.67 150 72847 
90.52 150 72847 
90.22 150 72847 
90.7 150 72847 
90.96 150 72847 
90.93 150 72847 
90.89 150 72847 
90.67 150 72847 
90.56 150 72847 
90.85 150 72847 
90.98 150 72847 
90.75 150 72847 
90.54 150 72847 
90.41 150 72847 
90.68 150 72847 
90.76 150 72847 
90.77 150 72847 
90.97 150 72847 
91.01 150 72847 
90.78 150 72847 
90.68 150 72847 
90.44 150 72847 
90.32 150 72847 
90.42 150 72847 
90.33 150 72847 
90.44 150 72847 
90.75 150 72847 
90.85 150 72847 
90.48 150 72847 
90.77 150 72847 
90.74 150 72847 
90.57 150 72847 
90.7 150 72847 
90.55 150 72847 
90.28 150 72847 
90.22 150 72847 
90.57 150 72847 
91.09 150 72847 
90.79 150 72847 
90.52 150 72847 
90.55 150 72847 
90.83 150 72847 
90.35 150 72847 
90.62 150 72847 
90.9 150 72847 
90.56 150 72847 
90.56 150 72847 
90.63 150 72847 
90.93 150 72847 
90.75 150 72847 
90.73 150 72847 
90.77 150 72847 
90.68 150 72847 
90.84 150 72847 
90.92 150 72847 
90.58 150 72847 
90.6 150 72847 
90.7 150 72847 
90.94 150 72847 
90.7 150 72847 
90.66 150 72847 
90.79 150 72847 
90.84 150 72847 
90.52 150 72847 
90.7 150 72847 
90.6 150 72847 
90.62 150 72847 
90.82 150 72847 
90.98 150 72847 
90.55 150 72847 
90.42 150 72847 
90.5 150 72847 
90.33 150 72847 
90.43 150 72847 
90.94 150 72847 
90.74 150 72847 
90.74 150 72847 
90.56 150 72847 
90.54 150 72847 
90.88 150 72847 
90.48 150 72847 
90.53 150 72847 
90.81 150 72847 
90.67 150 72847 
90.65 150 72847 
90.46 150 72847 
90.41 150 72847 
90.44 150 72847 
90.6 150 72847 
90.48 150 72847 
90.54 150 72847 
90.4 150 72847 
90.3 150 72847 
90.42 150 72847 
90.66 150 72847 
90.55 150 72847 
90.43 150 72847 
90.45 150 72847 
90.59 150 72847 
90.53 150 72847 
90.65 150 72847 
90.39 150 72847 
90.52 150 72847 
90.77 150 72847 
90.79 150 72847 
90.64 150 72847 
90.51 150 72847 
90.43 150 72847 
90.56 150 72847 
90.43 150 72847 
90.41 150 72847 
90.57 150 72847 
90.43 150 72847 
90.43 150 72847 
90.52 150 72847 
90.49 150 72847 
90.67 150 72847 
90.76 150 72847 
90.79 150 72847 
90.55 150 72847 
90.7 150 72847 
90.65 150 72847 
90.47 150 72847 
90.36 150 72847 
90.26 150 72847 
90.31 150 72847 
90.32 150 72847 
90.43 150 72847 
90.35 150 72847 
90.41 150 72847 
90.45 150 72847 
90.43 150 72847 
90.41 150 72847 
90.56 150 72847 
90.69 150 72847 
90.38 150 72847 
90.32 150 72847 
90.28 150 72847 
90.3 150 72847 
90.37 150 72847 
90.22 150 72847 
90.46 150 72847 
90.48 150 72847 
90.28 150 72847 
90.23 150 72847 
90.32 150 72847 
90.14 150 72847 
90 150 72847 
90.16 150 72847 
90.38 150 72847 
90.35 150 72847 
90.1 150 72847 
90.29 150 72847 
90.25 150 72847 
90.42 150 72847 
90.28 150 72847 
90.25 150 72847 
90.29 150 72847 
89.99 150 72847 
90.02 150 72847 
90.19 150 72847 
90.28 150 72847 
90.3 150 72847 
90.16 150 72847 
90.3 150 72847 
90.25 150 72847 
90.25 150 72847 
90.3 150 72847 
90.07 150 72847 
90.03 150 72847 
90.12 150 72847 
90.15 150 72847 
90.08 150 72847 
90.28 150 72847 
90.31 150 72847 
90.4 150 72847 
89.85 150 72847 
89.94 150 72847 
90.11 150 72847 
90.16 150 72847 
90.41 150 72847 
90.68 150 72847 
90.46 150 72847 
90.42 150 72847 
90.09 150 72847 
89.82 150 72847 
90.08 150 72847 
90.05 150 72847 
90.02 150 72847 
90.07 150 72847 
90.11 150 72847 
90.18 150 72847 
90.25 150 72847 
90.21 150 72847 
90.32 150 72847 
90.5 150 72847 
90.39 150 72847 
90.42 150 72847 
90.07 150 72847 
90.13 150 72847 
90.17 150 72847 
90.19 150 72847 
90.22 150 72847 
90.25 150 72847 
90.16 150 72847 
90.27 150 72847 
90.27 150 72847 
90.04 150 72847 
90.02 150 72847 
90.05 150 72847 
90.07 150 72847 
89.89 150 72847 
89.88 150 72847 
90.05 150 72847 
90.08 150 72847 
90.12 150 72847 
89.88 150 72847 
89.95 150 72847 
89.88 150 72847 
90.18 150 72847 
90.25 150 72847 
90.22 150 72847 
90.28 150 72847 
90.3 150 72847 
90.21 150 72847 
89.94 150 72847 
89.94 150 72847 
90 150 72847 
90.1 150 72847 
89.89 150 72847 
89.97 150 72847 
89.92 150 72847 
90.02 150 72847 
90 150 72847 
90.22 150 72847 
90.11 150 72847 
90.12 150 72847 
90.34 150 72847 
90.3 150 72847 
90.07 150 72847 
90.11 150 72847 
90.31 150 72847 
90.12 150 72847 
89.88 150 72847 
89.86 150 72847 
89.82 150 72847 
89.8 150 72847 
89.98 150 72847 
89.89 150 72847 
90.06 150 72847 
90.13 150 72847 
90.18 150 72847 
90.06 150 72847 
90.13 150 72847 
90.19 150 72847 
89.87 150 72847 
89.8 150 72847 
89.99 150 72847 
89.81 150 72847 
89.83 150 72847 
89.85 150 72847 
90.03 150 72847 
90.07 150 72847 
89.89 150 72847 
90.09 150 72847 
90.02 150 72847 
89.74 150 72847 
89.73 150 72847 
89.87 150 72847 
90.1 150 72847 
90.1 150 72847 
90.01 150 72847 
89.86 150 72847 
89.94 150 72847 
89.89 150 72847 
90.03 150 72847 
89.9 150 72847 
90.03 150 72847 
90.17 150 72847 
89.93 150 72847 
90 150 72847 
89.85 150 72847 
89.84 150 72847 
90.11 150 72847 
89.66 150 72847 
89.5 150 72847 
89.65 150 72847 
89.53 150 72847 
89.57 150 72847 
89.61 150 72847 
89.69 150 72847 
89.97 150 72847 
89.76 150 72847 
89.79 150 72847 
89.53 150 72847 
89.46 150 72847 
89.86 150 72847 
89.78 150 72847 
89.66 150 72847 
89.76 150 72847 
89.9 150 72847 
89.87 150 72847 
89.4 150 72847 
90.12 150 72847 
90.01 150 72847 
89.75 150 72847 
89.73 150 72847 
89.84 150 72847 
89.73 150 72847 
89.88 150 72847 
89.77 150 72847 
89.8 150 72847 
90.17 150 72847 
90.62 150 72847 
90.57 150 72847 
90.08 150 72847 
89.86 150 72847 
89.85 150 72847 
90.33 150 72847 
90.22 150 72847 
89.84 150 72847 
89.77 150 72847 
90 150 72847 
89.89 150 72847 
89.93 150 72847 
89.97 150 72847 
89.93 150 72847 
89.92 150 72847 
90.07 150 72847 
90.05 150 72847 
89.92 150 72847 
89.93 150 72847 
89.8 150 72847 
89.71 150 72847 
89.88 150 72847 
89.93 150 72847 
89.9 150 72847 
89.59 150 72847 
89.79 150 72847 
89.93 150 72847 
89.87 150 72847 
89.85 150 72847 
89.92 150 72847 
89.87 150 72847 
89.81 150 72847 
89.52 150 72847 
89.22 150 72847 
89.64 150 72847 
89.95 150 72847 
89.86 150 72847 
89.66 150 72831 
89.86 150 72815 
89.9 150 72814 
89.87 150 72812 
89.82 150 72811 
90.01 150 72809 
90.11 150 72808 
89.74 150 72806 
89.93 150 72804 
89.83 150 72803 
89.82 150 72801 
89.56 150 72800 
89.62 150 72798 
89.73 150 72797 
89.94 150 72795 
89.52 150 72794 
89.44 150 72792 
89.78 150 72790 
89.67 150 72789 
89.45 150 72787 
89.29 150 72786 
89.44 150 72784 
89.83 150 72783 
89.87 150 72781 
89.63 150 72779 
89.43 150 72778 
89.32 150 72776 
89.36 150 72775 
89.49 150 72773 
89.2 150 72772 
89.17 150 72770 
89.07 150 72768 
89.2 150 72767 
89.11 150 72765 
89.03 150 72764 
89.14 150 72762 
89.15 150 72761 
89.08 150 72759 
89.18 150 72757 
88.92 150 72756 
88.99 150 72754 
88.9 150 72753 
88.78 150 72751 
88.98 150 72750 
89.03 150 72748 
88.93 150 72746 
88.72 150 72745 
89.1 150 72743 
88.97 150 72742 
88.98 150 72740 
88.9 150 72739 
88.92 150 72737 
88.94 150 72735 
88.82 150 72734 
88.91 150 72732 
88.64 150 72731 
88.52 150 72729 
88.55 150 72728 
88.39 150 72726 
88.47 150 72724 
88.52 150 72723 
88.46 150 72721 
88.61 150 72720 
88.61 150 72718 
88.6 150 72717 
88.54 150 72715 
88.74 150 72713 
88.72 150 72712 
88.57 150 72710 
88.44 150 72709 
88.37 150 72707 
88.17 150 72706 
88.25 150 72704 
88.2 150 72702 
88.32 150 72701 
87.95 150 72699 
88.03 150 72698 
88.13 150 72696 
88.08 150 72695 
88.17 150 72693 
88.09 150 72691 
88.29 150 72690 
88.25 150 72688 
88.06 150 72687 
88.1 150 72685 
88.1 150 72684 
88.03 150 72682 
87.87 150 72680 
87.69 150 72679 
87.79 150 72677 
88.06 150 72676 
87.97 150 72674 
87.96 150 72673 
87.82 150 72671 
87.82 150 72669 
87.94 150 72668 
87.75 150 72666 
87.89 150 72665 
87.98 150 72663 
87.83 150 72662 
87.71 150 72660 
87.68 150 72659 
87.52 150 72657 
87.8 150 72655 
87.74 150 72654 
87.41 150 72652 
87.26 150 72651 
87.57 150 72649 
87.65 150 72648 
87.58 150 72646 
87.67 150 72644 
87.79 150 72643 
87.66 150 72641 
87.28 150 72640 
87.31 150 72638 
87.44 150 72637 
87.31 150 72635 
87.43 150 72633 
87.21 150 72632 
87.19 150 72630 
87.22 150 72629 
87.3 150 72627 
87.21 150 72626 
87.14 150 72624 
87.02 150 72622 
86.78 150 72621 
86.78 150 72619 
86.94 150 72618 
87.07 150 72616 
86.94 150 72615 
87.06 150 72613 
87.06 150 72611 
86.75 150 72610 
86.85 150 72608 
86.77 150 72607 
86.52 150 72605 
86.55 150 72604 
86.76 150 72602 
86.8 150 72600 
86.78 150 72599 
86.82 150 72597 
86.83 150 72596 
86.52 150 72594 
86.71 150 72593 
86.79 150 72591 
86.77 150 72589 
86.45 150 72588 
86.45 150 72586 
86.58 150 72585 
86.52 150 72583 
86.72 150 72582 
86.73 150 72580 
86.55 150 72578 
86.77 150 72577 
86.78 150 72575 
86.52 150 72574 
86.45 150 72572 
86.33 150 72571 
86.37 150 72569 
86.58 150 72567 
86.32 150 72559 
86.42 150 72552 
86.42 150 72544 
86.4 150 72536 
85.99 150 72528 
86.21 150 72520 
86.12 150 72512 
85.73 150 72504 
85.61 150 72496 
85.52 150 72488 
85.41 150 72480 
85.7 150 72473 
85.53 150 72465 
85.41 150 72457 
85.34 150 72449 
85.23 150 72441 
84.79 150 72433 
84.74 150 72425 
84.65 150 72417 
84.72 150 72409 
84.74 150 72401 
84.8 150 72394 
84.7 150 72386 
84.51 150 72378 
84.01 150 72370 
84.01 150 72362 
83.97 150 72354 
83.85 150 72346 
83.77 150 72338 
83.71 150 72330 
83.66 150 72322 
83.5 150 72315 
83.44 150 72307 
83.25 150 72299 
83.35 150 72291 
83.22 150 72283 
83.42 150 72275 
83.33 150 72267 
83.03 150 72259 
83.03 150 72251 
82.87 150 72243 
82.63 150 72236 
82.44 150 72228 
82.45 150 72220 
82.56 150 72212 
82.52 150 72204 
82.42 150 72196 
82.51 150 72188 
82.23 150 72180 
82.24 150 72172 
82.05 150 72164 
81.91 150 72157 
81.78 150 72149 
81.64 150 72141 
81.4 150 72133 
81.07 150 72125 
81.23 150 72117 
81.11 150 72109 
81.23 150 72101 
81.13 150 72093 
80.67 150 72085 
80.75 150 72078 
80.67 150 72070 
80.63 150 72062 
80.65 150 72054 
80.74 150 72046 
80.81 150 72038 
80.8 150 72030 
80.41 150 72022 
80.46 150 72014 
80.37 150 72006 
80.41 150 71999 
79.74 150 71991 
79.33 150 71983 
79.43 150 71975 
79.44 150 71967 
79.54 150 71959 
79.72 150 71951 
79.63 150 71943 
79.45 150 71935 
79.38 150 71927 
79.17 150 71920 
79.13 150 71912 
78.99 150 71904 
78.95 150 71896 
78.7 150 71888 
78.9 150 71880 
78.68 150 71872 
78.66 150 71864 
78.56 150 71856 
78.29 150 71848 
78.11 150 71841 
78.35 150 71833 
78.44 150 71825 
78.25 150 71817 
78.21 150 71809 
77.84 150 71801 
77.2 150 71793 
77.34 150 71785 
77.7 150 71777 
77.74 150 71770 
77.7 150 71762 
77.44 150 71754 
77.38 150 71746 
77.43 150 71738 
77.39 150 71730 
77.45 150 71722 
77.29 150 71714 
77.18 150 71706 
77.19 150 71698 
76.86 150 71691 
76.69 150 71683 
76.56 150 71675 
76.39 150 71667 
76.36 150 71667 
76.34 150 71667 
76.11 150 71667 
76.14 150 71667 
76.24 150 71667 
76.54 150 71667 
76.65 150 71667 
76.47 150 71667 
76.25 150 71667 
76.34 150 71667 
76.32 150 71667 
76.43 150 71667 
76.26 150 71667 
75.92 150 71667 
75.93 150 71667 
75.86 150 71667 
76.14 150 71667 
76.47 150 71667 
76.36 150 71667 
76.03 150 71667 
76.13 150 71667 
76.45 150 71667 
76.11 150 71667 
75.8 150 71667 
76.24 150 71667 
76.17 150 71667 
76.04 150 71667 
76.12 150 71667 
75.98 150 71667 
75.92 150 71667 
75.94 150 71667 
75.97 150 71667 
76.12 150 71667 
76.18 150 71667 
76.17 150 71667 
76.17 150 71667 
76.12 150 71667 
76.21 150 71667 
76.18 150 71667 
76.03 150 71667 
76.07 150 71667 
76.03 150 71667 
75.98 150 71667 
76.07 150 71667 
76.01 150 71667 
75.91 150 71667 
75.55 150 71667 
75.99 150 71667 
76.23 150 71667 
76.42 150 71667 
76.48 150 71667 
76.44 150 71667 
76.22 150 71667 
76.33 150 71667 
76.41 150 71667 
76.3 150 71667 
76.35 150 71667 
76.43 150 71667 
75.86 150 71667 
75.76 150 71667 
76.03 150 71667 
76.19 150 71667 
76.05 150 71667 
76.21 150 71667 
76.25 150 71667 
76.63 150 71667 
76.38 150 71667 
75.99 150 71667 
76.22 150 71667 
76.34 150 71667 
76.45 150 71667 
76.45 150 71667 
76.41 150 71667 
76.43 150 71667 
76.26 150 71667 
76.45 150 71667 
76.43 150 71667 
76.34 150 71667 
76.34 150 71667 
76.27 150 71667 
76.19 150 71667 
76.2 150 71667 
76.31 150 71667 
76.75 150 71667 
76.59 150 71667 
76.16 150 71667 
76.24 150 71667 
76.21 150 71667 
76.28 150 71667 
76.38 150 71667 
76.37 150 71667 
76.21 150 71667 
76.27 150 71667 
76.35 150 71667 
76.42 150 71667 
76.09 150 71667 
76.08 150 71667 
76.24 150 71667 
76.17 150 71667 
76.24 150 71667 
76.27 150 71667 
76.25 150 71667 
76.28 150 71667 
76.16 150 71667 
76.22 150 71667 
76.19 150 71667 
76.05 150 71667 
76.08 150 71667 
75.91 150 71667 
75.97 150 71667 
76.34 150 71667 
76.66 150 71667 
76.35 150 71667 
76.3 150 71667 
76.14 150 71667 
76.21 150 71667 
76.21 150 71667 
76.26 150 71667 
76.09 150 71667 
76.27 150 71667 
76.38 150 71667 
76.34 150 71667 
76.23 150 71667 
76.45 150 71667 
76.49 150 71667 
76.3 150 71667 
76.29 150 71667 
76.35 150 71667 
76.29 150 71667 
76.33 150 71667 
76.73 150 71667 
76.4 150 71667 
76.43 150 71667 
76.57 150 71667 
76.26 150 71667 
76.12 150 71667 
76.47 150 71667 
76.43 150 71667 
75.95 150 71667 
76.23 150 71667 
76.32 150 71667 
76.23 150 71667 
76.26 150 71667 
75.98 150 71667 
76.52 150 71667 
76.56 150 71667 
76.2 150 71667 
76.41 150 71667 
76.28 150 71667 
75.99 150 71667 
76.16 150 71667 
76.24 150 71667 
76.52 150 71667 
76.69 150 71667 
76.24 150 71667 
76.21 150 71667 
76.24 150 71667 
76.07 150 71667 
75.9 150 71667 
76.37 150 71667 
76.38 150 71667 
76.28 150 71667 
76.48 150 71667 
76.87 150 71667 
76.59 150 71667 
76.29 150 71667 
76.08 150 71667 
75.88 150 71667 
75.7 150 71667 
76.24 150 71667 
76.5 150 71667 
76.43 150 71667 
76.45 150 71667 
76.52 150 71667 
76.36 150 71667 
76.13 150 71667 
76.21 150 71667 
76.19 150 71667 
76.19 150 71667 
76.26 150 71667 
76.23 150 71667 
76.44 150 71667 
76.37 150 71667 
76.27 150 71667 
76.17 150 71667 
75.87 150 71667 
75.7 150 71667 
76.3 150 71667 
76.52 150 71667 
76.41 150 71667 
76.35 150 71667 
76.31 150 71667 
76.54 150 71667 
76.56 150 71667 
76.49 150 71667 
76.34 150 71667 
76.62 150 71667 
76.6 150 71667 
76.26 150 71667 
76.05 150 71667 
75.62 150 71667 
76.1 150 71667 
76.62 150 71667 
76.35 150 71667 
76.39 150 71667 
76.4 150 71667 
76.47 150 71667 
76.5 150 71667 
76.48 150 71667 
76.76 150 71667 
76.17 150 71667 
75.27 150 71667 
76.01 150 71667 
76.56 150 71667 
76.38 150 71667 
76.4 150 71667 
76.27 150 71667 
75.93 150 71667 
75.72 150 71667 
76.07 150 71667 
76.57 150 71667 
76.26 150 71667 
76.3 150 71667 
76.05 150 71667 
76.04 150 71667 
76.36 150 71667 
76.51 150 71667 
76.21 150 71667 
76.11 150 71667 
76.1 150 71667 
76.08 150 71667 
76.19 150 71667 
76.16 150 71667 
76.14 150 71667 
76.02 150 71667 
76.18 150 71667 
76.5 150 71667 
76.66 150 71667 
76.44 150 71667 
76.29 150 71667 
76.71 150 71667 
76.28 150 71667 
76.03 150 71667 
76.3 150 71667 
76.42 150 71667 
76.53 150 71667 
76.34 150 71667 
76.11 150 71667 
76.26 150 71667 
76.1 150 71667 
76.2 150 71667 
76.32 150 71667 
76.37 150 71667 
76.43 150 71667 
76.3 150 71667 
76.51 150 71667 
76.38 150 71667 
76.08 150 71667 
76.38 150 71667 
76.4 150 71667 
76.46 150 71667 
76.54 150 71667 
76.44 150 71667 
76.6 150 71667 
76.56 150 71667 
76.26 150 71667 
76.19 150 71667 
76.37 150 71667 
76.51 150 71667 
76.46 150 71667 
76.37 150 71667 
76.15 150 71667 
76.09 150 71667 
76.39 150 71667 
76.35 150 71667 
76.44 150 71667 
76.26 150 71667 
76.13 150 71667 
76.11 150 71667 
76.1 150 71667 
76.28 150 71667 
76.44 150 71667 
76.38 150 71667 
76.25 150 71667 
76.19 150 71667 
76.3 150 71667 
76.34 150 71667 
76.08 150 71667 
76.06 150 71667 
76.17 150 71667 
76.29 150 71667 
76.2 150 71667 
76.22 150 71667 
76.05 150 71667 
76.18 150 71667 
76.2 150 71667 
76.12 150 71667 
76.3 150 71667 
76.3 150 71667 
76.2 150 71667 
76.18 150 71667 
76.25 150 71667 
76.16 150 71667 
76.13 150 71667 
76.07 150 71667 
76.36 150 71667 
76.23 150 71667 
76.31 150 71667 
76.55 150 71667 
76.42 150 71667 
76.37 150 71667 
76.52 150 71667 
76.41 150 71667 
76.27 150 71667 
76.23 150 71667 
76.37 150 71667 
76.38 150 71667 
76.11 150 71667 
76.24 150 71667 
76.39 150 71667 
76.37 150 71667 
76.15 150 71667 
76.29 150 71667 
76.46 150 71667 
76.1 150 71667 
76.04 150 71667 
76.31 150 71667 
76.28 150 71667 
76.4 150 71667 
76.54 150 71667 
76.51 150 71667 
76.79 150 71667 
76.56 150 71667 
76.38 150 71667 
76.45 150 71667 
76.29 150 71667 
76.26 150 71667 
76.58 150 71667 
76.37 150 71667 
76.24 150 71667 
76.17 150 71667 
76.1 150 71667 
76.25 150 71667 
76.24 150 71667 
76.45 150 71667 
76.43 150 71667 
76.22 150 71667 
76.34 150 71667 
76.31 150 71667 
76.32 150 71667 
76.21 150 71667 
76.11 150 71667 
76.11 150 71667 
76.28 150 71667 
76.35 150 71667 
76.53 150 71667 
76.51 150 71667 
76.48 150 71667 
76.49 150 71667 
76.5 150 71667 
76.42 150 71667 
76.22 150 71667 
76.16 150 71667 
76.28 150 71667 
76.29 150 71667 
76.27 150 71667 
76.62 150 71667 
76.66 150 71667 
76.31 150 71667 
76.53 150 71667 
76.22 150 71667 
76.07 150 71667 
76.31 150 71667 
76.56 150 71667 
76.43 150 71667 
76.28 150 71667 
76.36 150 71667 
76.3 150 71667 
76.23 150 71667 
76.49 150 71667 
76.54 150 71667 
76.4 150 71667 
76.43 150 71667 
76.34 150 71667 
76.37 150 71667 
76.33 150 71667 
76.32 150 71667 
76.41 150 71667 
76.33 150 71667 
76.1 150 71667 
76.27 150 71667 
76.61 150 71667 
76.55 150 71667 
76.42 150 71667 
76.57 150 71667 
76.47 150 71667 
76.55 150 71667 
76.24 150 71667 
76.03 150 71667 
76.13 150 71667 
75.98 150 71667 
76.14 150 71667 
76.4 150 71667 
76.3 150 71667 
76.4 150 71667 
76.51 150 71667 
76.44 150 71667 
76.58 150 71667 
76.44 150 71667 
76.35 150 71667 
76.29 150 71667 
76.32 150 71667 
76.39 150 71667 
76.36 150 71667 
76.33 150 71667 
76.23 150 71667 
76.13 150 71667 
76.38 150 71667 
76.62 150 71667 
76.56 150 71667 
76.64 150 71667 
76.7 150 71667 
76.4 150 71667 
76.2 150 71667 
76.24 150 71667 
76.33 150 71667 
76.3 150 71659 
76.33 150 71651 
76.67 150 71492 
76.28 150 71328 
74.77 150 71165 
73.11 150 71002 
71.78 150 70839 
70.44 150 70675 
68.89 150 70512 
66.96 150 70349 
65.61 150 70186 
64.24 150 70022 
62.7 150 69859 
60.9 150 69696 
59.41 150 69532 
58.36 150 69369 
57.23 150 69206 
55.25 150 69043 
53.92 150 68879 
52.79 150 68716 
51.33 150 68553 
50.05 150 68390 
49.13 150 68226 
47.54 150 68063 
46.16 150 67900 
45.19 150 67737 
44.09 150 67573 
42.72 150 67410 
41.8 150 67247 
41.11 150 67084 
40.03 150 66921 
39.16 150 66758 
37.78 150 66594 
36.3 150 66431 
35.13 150 66268 
33.88 150 66104 
32.68 150 65941 
31.82 150 65778 
30.96 150 65615 
29.99 150 65451 
28.79 150 65288 
27.67 150 65125 
26.77 150 64962 
25.77 150 64798 
25.27 150 64635 
24.68 150 64472 
23.83 150 64309 
22.71 150 64145 
21.78 150 63982 
21.5 150 63819 
21.2 150 63656 
20.21 150 63492 
19.19 150 63329 
18.24 150 63166 
17.45 150 63003 
16.39 150 62840 
15.51 150 62676 
15.06 150 62513 
14.27 150 62350 
13.6 150 62187 
13 150 62023 
12.36 150 61860 
11.38 150 61697 
10.79 150 61534 
10.24 150 61370 
9.78 150 61207 
9.3 150 61044 
8.3 150 60881 
7.96 150 60717 
7.58 150 60554 
6.82 150 60391 
6.12 150 60228 
5.9 150 60064 
5.17 150 59901 
4.19 150 59738 
3.76 150 59575 
3.33 150 59411 
2.69 150 59248 
2.71 150 59085 
2.18 150 58922 
1.69 150 58758 
1.36 150 58595 
1.17 150 58432 
0.98 150 58269 
1.02 150 58106 
0.81 150 57942 
0.41 150 57779 
0.43 150 57616 
0.22 150 57453 
0.11 150 57290 
0 150 57126 
0.11 150 56963 
0.11 150 56800 
-0.07 150 56637 
-0.03 150 56473 
0.03 150 56310 
0.11 150 56147 
-0.14 150 55984 
0.12 150 55820 
0.18 150 55657 
0.06 150 55494 
0.01 150 55331 
0.4 150 55167 
0.19 150 55004 
-0.15 150 54841 
-0.03 150 54678 
-0.17 150 54514 
-0.07 150 54351 
-0.14 150 54188 
-0.16 150 54025 
-0.11 150 53862 
0.01 150 53698 
0.13 150 53535 
0.28 150 53372 
0.07 150 53208 
-0.02 150 53045 
-0.06 150 52882 
0 150 52719 
0.11 150 52555 
0.2 150 52392 
-0.02 150 52229 
-0.14 150 52066 
0.13 150 51902 
0.2 150 51739 
0.03 150 51576 
0.23 150 51413 
-0.05 150 51250 
0.01 150 51086 
0.32 150 50923 
0.03 150 50760 
-0.06 150 50597 
0.19 150 50433 
0.39 150 50270 
0.34 150 50107 
0.01 150 49944 
-0.18 150 49781 
-0.07 150 49617 
0.04 150 49454 
-0.12 150 49291 
-0.22 150 49128 
0.05 150 48965 
0.04 150 48802 
0.05 150 48638 
-0.03 150 48475 
-0.08 150 48312 
0.17 150 48148 
0.25 150 47985 
0.12 150 47822 
0.14 150 47659 
0.1 150 47496 
0.09 150 47333 
0.38 150 47169 
0.13 150 47006 
0.23 150 46843 
0.32 150 46680 
0.01 150 46517 
0.31 150 46353 
0 150 46190 
-0.11 150 46027 
0.14 150 45864 
0.05 150 45700 
0.05 150 45537 
0.22 150 45374 
-0.05 150 45210 
0.15 150 45047 
-0.08 150 44884 
-0.12 150 44721 
0.08 150 44557 
0.07 150 44394 
0.24 150 44231 
0.14 150 44068 
0.21 150 43904 
0.37 150 43741 
0.51 150 43578 
0.21 150 43415 
0.06 150 43251 
0.07 150 43088 
0.09 150 42925 
0.29 150 42762 
0.22 150 42598 
0.5 150 42435 
0.27 150 42272 
0.11 150 42109 
0.02 150 41945 
-0.03 150 41782 
0.1 150 41619 
0.09 150 41455 
-0.06 150 41292 
0.27 150 41129 
-0.08 150 40966 
-0.06 150 40802 
-0.11 150 40639 
0.17 150 40476 
0.32 150 40313 
0.36 150 40149 
0.3 150 39986 
0.32 150 39823 
0.33 150 39660 
0.16 150 39496 
0.1 150 39333 
-0.03 150 39170 
0.06 150 39007 
0.18 150 38843 
0.27 150 38680 
0.03 150 38517 
-0.05 150 38353 
0.27 150 38190 
0.29 150 38027 
0 150 37864 
0.14 150 37700 
0.18 150 37537 
-0.09 150 37374 
-0.2 150 37211 
0.17 150 37047 
0.28 150 36884 
0.07 150 36721 
0.07 150 36558 
0.03 150 36394 
0 150 36231 
0.12 150 36068 
0.11 150 35904 
