0.5 150 59049 
0.22 150 59065 
0.49 150 59080 
0.67 150 59096 
0.53 150 59112 
0.51 150 59128 
0.4 150 59144 
0.58 150 59159 
0.39 150 59175 
0.27 150 59191 
0.32 150 59207 
0.58 150 59223 
0.74 150 59238 
0.6 150 59254 
0.55 150 59270 
0.72 150 59286 
0.55 150 59302 
0.43 150 59317 
0.64 150 59333 
0.97 150 59349 
0.86 150 59365 
0.76 150 59380 
0.98 150 59396 
1 150 59412 
1.07 150 59428 
0.86 150 59444 
0.74 150 59459 
0.8 150 59475 
0.89 150 59491 
0.79 150 59507 
0.6 150 59523 
0.82 150 59538 
1.13 150 59554 
0.91 150 59570 
0.87 150 59586 
1.06 150 59602 
1.15 150 59617 
0.99 150 59633 
1.17 150 59649 
1.24 150 59665 
1.45 150 59681 
1.46 150 59696 
1.07 150 59712 
1.28 150 59728 
1.54 150 59744 
1.32 150 59760 
1.29 150 59775 
1.43 150 59791 
1.68 150 59807 
1.52 150 59823 
1.36 150 59839 
1.73 150 59854 
1.98 150 59870 
1.77 150 59886 
1.65 150 59902 
2.05 150 59918 
2.36 150 59933 
2.15 150 59949 
1.61 150 59965 
1.94 150 59981 
2.3 150 59996 
2.24 150 60012 
1.99 150 60028 
2.13 150 60044 
2.16 150 60060 
2.01 150 60075 
1.91 150 60091 
2 150 60107 
2.27 150 60123 
2.24 150 60139 
2.06 150 60154 
2.11 150 60170 
2.28 150 60186 
2.45 150 60202 
2.34 150 60218 
2.36 150 60233 
2.6 150 60249 
2.65 150 60265 
2.33 150 60281 
2.6 150 60297 
2.86 150 60312 
2.67 150 60328 
2.36 150 60344 
2.39 150 60360 
2.68 150 60376 
2.66 150 60391 
2.81 150 60407 
2.91 150 60423 
3.12 150 60439 
3.18 150 60455 
2.98 150 60470 
2.86 150 60486 
3.12 150 60502 
3.14 150 60518 
2.99 150 60534 
3.03 150 60549 
3.35 150 60565 
3.52 150 60581 
3.44 150 60597 
3.43 150 60613 
3.44 150 60628 
3.46 150 60644 
3.17 150 60660 
3.43 150 60676 
3.65 150 60692 
3.66 150 60707 
3.34 150 60723 
3.28 150 60739 
3.48 150 60755 
3.52 150 60771 
3.44 150 60786 
3.66 150 60802 
3.93 150 60818 
3.96 150 60834 
3.79 150 60849 
3.65 150 60865 
3.88 150 60881 
3.87 150 60897 
4.06 150 60913 
4.29 150 60928 
4.2 150 60944 
4.41 150 60960 
4.19 150 60976 
4.17 150 60992 
4.4 150 61007 
4.5 150 61023 
4.41 150 61039 
4.01 150 61055 
4.19 150 61071 
4.3 150 61086 
4.33 150 61102 
4.02 150 61118 
4.14 150 61134 
4.4 150 61150 
4.36 150 61165 
4.43 150 61181 
4.57 150 61197 
4.47 150 61213 
4.33 150 61229 
4.1 150 61244 
4.64 150 61260 
5.05 150 61276 
4.64 150 61292 
4.34 150 61308 
4.71 150 61323 
5.01 150 61339 
4.72 150 61355 
4.52 150 61371 
4.82 150 61387 
4.92 150 61402 
5.01 150 61418 
4.98 150 61434 
5.15 150 61450 
5.39 150 61465 
5.29 150 61481 
5.04 150 61497 
5.22 150 61513 
5.51 150 61529 
5.36 150 61544 
5.12 150 61560 
5.26 150 61576 
5.43 150 61592 
5.53 150 61608 
5.41 150 61623 
5.71 150 61639 
6.18 150 61655 
5.9 150 61671 
5.51 150 61687 
5.61 150 61702 
5.81 150 61718 
5.71 150 61734 
5.79 150 61750 
6.05 150 61766 
6.25 150 61781 
6.28 150 61797 
6.25 150 61813 
6.51 150 61829 
6.65 150 61845 
6.65 150 61860 
6.67 150 61876 
6.48 150 61892 
6.47 150 61908 
6.63 150 61924 
6.6 150 61939 
6.56 150 61955 
6.78 150 61971 
6.84 150 61987 
6.93 150 62003 
6.83 150 62018 
7.05 150 62034 
7.2 150 62050 
7.07 150 62066 
6.94 150 62081 
7.4 150 62097 
7.87 150 62113 
7.62 150 62129 
7.46 150 62145 
7.47 150 62160 
7.97 150 62176 
7.85 150 62192 
7.79 150 62208 
8.22 150 62224 
8.35 150 62239 
7.97 150 62255 
7.7 150 62271 
8 150 62287 
8.31 150 62303 
8.35 150 62318 
8.35 150 62334 
8.41 150 62350 
8.57 150 62366 
8.04 150 62382 
8.03 150 62397 
8.64 150 62413 
8.98 150 62429 
8.87 150 62445 
8.79 150 62461 
8.87 150 62476 
9.07 150 62492 
8.83 150 62508 
8.87 150 62524 
9.12 150 62540 
9.19 150 62555 
9.2 150 62571 
9.18 150 62587 
9.32 150 62603 
9.44 150 62618 
9.34 150 62634 
9.44 150 62650 
9.75 150 62666 
10.05 150 62682 
9.82 150 62697 
9.62 150 62713 
9.95 150 62729 
9.92 150 62745 
9.96 150 62761 
9.93 150 62776 
10.33 150 62792 
10.48 150 62808 
10.26 150 62824 
10.19 150 62840 
10.4 150 62855 
10.66 150 62871 
10.76 150 62887 
10.56 150 62903 
10.73 150 62919 
11.13 150 62934 
11.23 150 62950 
11.05 150 62966 
10.9 150 62982 
11.01 150 62998 
11.55 150 63013 
11.32 150 63029 
11.32 150 63045 
11.45 150 63061 
11.33 150 63077 
11.29 150 63092 
11.29 150 63108 
11.57 150 63124 
11.69 150 63140 
11.61 150 63155 
11.94 150 63171 
11.99 150 63187 
12.25 150 63203 
12.04 150 63219 
11.9 150 63234 
12.02 150 63250 
12.42 150 63266 
12.19 150 63282 
12.05 150 63298 
12.55 150 63313 
12.8 150 63329 
12.61 150 63345 
12.58 150 63361 
12.73 150 63377 
12.91 150 63392 
12.87 150 63408 
12.9 150 63424 
13.17 150 63440 
13.28 150 63456 
13.08 150 63471 
13.04 150 63487 
13.2 150 63503 
13.41 150 63519 
13.43 150 63535 
13.56 150 63550 
13.92 150 63566 
14.07 150 63582 
13.63 150 63598 
13.44 150 63614 
13.71 150 63629 
14.1 150 63645 
13.98 150 63661 
13.77 150 63677 
14.02 150 63693 
14.35 150 63708 
14.32 150 63724 
14.13 150 63740 
14.75 150 63756 
15.03 150 63772 
14.81 150 63787 
14.35 150 63803 
14.51 150 63819 
14.99 150 63835 
14.93 150 63851 
14.92 150 63866 
14.9 150 63882 
15.27 150 63898 
14.99 150 63914 
14.95 150 63930 
15.27 150 63945 
15.55 150 63961 
15.33 150 63977 
15.19 150 63993 
15.41 150 64008 
15.62 150 64024 
15.89 150 64040 
16.01 150 64056 
16.13 150 64072 
16.09 150 64087 
15.82 150 64103 
15.9 150 64119 
16.02 150 64135 
16.25 150 64151 
16.24 150 64166 
16.13 150 64182 
16.07 150 64198 
16.58 150 64214 
16.55 150 64230 
16.35 150 64245 
16.23 150 64261 
16.74 150 64277 
16.72 150 64293 
16.42 150 64309 
16.55 150 64324 
16.77 150 64340 
16.88 150 64356 
16.66 150 64372 
16.94 150 64388 
17.37 150 64403 
17.39 150 64419 
17.02 150 64435 
17.08 150 64451 
17.23 150 64467 
17.27 150 64482 
17.04 150 64498 
17.3 150 64514 
17.5 150 64530 
17.57 150 64545 
17.54 150 64561 
17.72 150 64577 
17.96 150 64593 
17.99 150 64609 
17.66 150 64624 
17.4 150 64640 
17.54 150 64656 
17.97 150 64672 
17.92 150 64688 
17.85 150 64703 
18.07 150 64719 
18.21 150 64735 
18.22 150 64751 
17.98 150 64767 
18.39 150 64782 
18.65 150 64798 
18.6 150 64814 
18.32 150 64830 
18.44 150 64846 
19.09 150 64861 
19.28 150 64877 
19.01 150 64893 
19.17 150 64909 
19.26 150 64925 
19.2 150 64940 
19.2 150 64956 
19.22 150 64972 
19.53 150 64988 
19.54 150 65004 
19.25 150 65019 
19.27 150 65035 
19.61 150 65051 
19.97 150 65067 
19.95 150 65083 
20.13 150 65098 
20.34 150 65114 
20.06 150 65130 
19.91 150 65146 
20.28 150 65161 
20.47 150 65177 
20.5 150 65193 
20.57 150 65209 
20.95 150 65225 
21.09 150 65240 
20.9 150 65256 
20.87 150 65272 
21.18 150 65288 
21.3 150 65304 
21.18 150 65319 
21.07 150 65335 
21.21 150 65351 
21.36 150 65367 
21.43 150 65383 
21.46 150 65398 
21.47 150 65414 
21.83 150 65430 
21.91 150 65446 
21.76 150 65462 
21.92 150 65477 
22.34 150 65493 
22.47 150 65509 
22.27 150 65525 
22.09 150 65541 
22.51 150 65556 
22.73 150 65572 
22.61 150 65588 
22.64 150 65604 
22.96 150 65620 
23.19 150 65635 
23.07 150 65651 
22.85 150 65667 
23.22 150 65683 
23.23 150 65698 
23.16 150 65714 
23.43 150 65730 
23.64 150 65746 
23.81 150 65762 
23.57 150 65777 
23.29 150 65793 
23.98 150 65809 
24.22 150 65825 
24.12 150 65841 
24.08 150 65856 
24.57 150 65872 
24.68 150 65888 
24.42 150 65904 
24.73 150 65920 
24.95 150 65935 
25.05 150 65951 
24.65 150 65967 
24.7 150 65983 
25.26 150 65999 
25.65 150 66014 
25.42 150 66030 
25.25 150 66046 
25.51 150 66062 
25.83 150 66078 
25.89 150 66093 
25.51 150 66109 
25.71 150 66125 
26.13 150 66141 
26.1 150 66156 
25.86 150 66172 
26.2 150 66188 
26.38 150 66204 
26.45 150 66220 
26.43 150 66235 
26.81 150 66251 
27.15 150 66267 
27.04 150 66283 
26.84 150 66299 
26.97 150 66314 
27.35 150 66330 
27.31 150 66346 
27.31 150 66362 
27.43 150 66378 
27.75 150 66393 
27.78 150 66409 
27.84 150 66425 
27.67 150 66441 
27.89 150 66457 
27.9 150 66472 
27.73 150 66488 
27.91 150 66504 
28.14 150 66520 
28.29 150 66536 
28.38 150 66551 
28.46 150 66567 
28.73 150 66583 
28.86 150 66599 
28.81 150 66615 
28.93 150 66630 
29.33 150 66646 
29.42 150 66662 
29.6 150 66678 
29.56 150 66694 
29.68 150 66709 
29.55 150 66725 
29.53 150 66741 
29.6 150 66757 
30.19 150 66773 
30.4 150 66788 
30.1 150 66804 
29.97 150 66820 
30.37 150 66836 
30.3 150 66852 
29.94 150 66867 
30.06 150 66883 
30.45 150 66899 
31.03 150 66915 
30.81 150 66931 
30.66 150 66946 
30.95 150 66962 
31.14 150 66978 
31.08 150 66994 
30.98 150 67010 
31.29 150 67025 
31.35 150 67041 
31.03 150 67057 
31.35 150 67073 
31.82 150 67089 
31.76 150 67104 
31.81 150 67120 
32.01 150 67136 
32.43 150 67152 
32.33 150 67167 
32.15 150 67183 
32.24 150 67199 
32.58 150 67215 
32.81 150 67231 
32.34 150 67246 
32.3 150 67262 
32.83 150 67278 
33.03 150 67294 
32.84 150 67310 
32.64 150 67325 
32.83 150 67341 
33.31 150 67357 
33.21 150 67373 
33.32 150 67389 
33.65 150 67404 
33.74 150 67420 
33.68 150 67436 
33.46 150 67452 
33.65 150 67468 
33.97 150 67483 
33.99 150 67499 
33.98 150 67515 
34.01 150 67531 
34.15 150 67547 
34.08 150 67562 
34.05 150 67578 
34.09 150 67594 
34.5 150 67610 
34.45 150 67626 
34.37 150 67641 
34.41 150 67657 
34.62 150 67673 
34.69 150 67689 
34.41 150 67705 
35.03 150 67720 
35.27 150 67736 
35.22 150 67752 
34.99 150 67768 
35.24 150 67784 
35.4 150 67799 
35.14 150 67815 
35.2 150 67831 
35.31 150 67847 
35.45 150 67863 
35.59 150 67878 
35.71 150 67894 
36.03 150 67910 
36.18 150 67926 
36.15 150 67942 
35.93 150 67957 
36 150 67973 
36.34 150 67989 
36.36 150 68005 
36.25 150 68020 
36.43 150 68036 
36.95 150 68052 
36.71 150 68068 
36.81 150 68084 
36.68 150 68099 
37.01 150 68115 
37.31 150 68131 
37.02 150 68147 
37.05 150 68163 
37.53 150 68178 
37.61 150 68194 
37.35 150 68210 
37.3 150 68226 
37.85 150 68242 
38.18 150 68257 
38.02 150 68273 
38.03 150 68289 
38.23 150 68305 
38.28 150 68321 
38.54 150 68336 
38.55 150 68352 
38.86 150 68368 
38.97 150 68384 
39.11 150 68400 
39.3 150 68415 
39.37 150 68431 
39.57 150 68447 
39.57 150 68463 
39.78 150 68479 
39.88 150 68494 
40.13 150 68510 
40.3 150 68526 
40.22 150 68542 
40.31 150 68557 
40.57 150 68573 
40.67 150 68589 
40.19 150 68605 
40.31 150 68621 
40.9 150 68636 
41.26 150 68652 
41.05 150 68668 
41.13 150 68684 
41.65 150 68700 
41.81 150 68715 
41.53 150 68731 
41.85 150 68747 
42.33 150 68763 
42.3 150 68779 
42.04 150 68794 
42.26 150 68810 
42.59 150 68826 
42.57 150 68842 
42.53 150 68858 
42.64 150 68873 
42.91 150 68889 
42.95 150 68905 
42.99 150 68921 
43.46 150 68937 
43.75 150 68952 
43.73 150 68968 
43.73 150 68984 
44.03 150 69000 
44.09 150 69016 
44 150 69031 
43.87 150 69047 
44.08 150 69063 
44.57 150 69079 
44.76 150 69095 
44.62 150 69110 
44.77 150 69126 
45.26 150 69142 
45.35 150 69158 
45.16 150 69174 
45.28 150 69189 
45.8 150 69205 
45.95 150 69221 
45.85 150 69237 
45.87 150 69252 
46.25 150 69268 
46.16 150 69284 
45.93 150 69300 
45.97 150 69316 
46.61 150 69331 
46.84 150 69347 
46.72 150 69363 
46.74 150 69379 
47.1 150 69395 
47.26 150 69410 
47.15 150 69426 
47.43 150 69442 
47.63 150 69458 
47.85 150 69474 
47.71 150 69489 
47.63 150 69505 
47.95 150 69521 
48.18 150 69537 
47.96 150 69553 
48.35 150 69568 
48.72 150 69584 
48.83 150 69600 
48.73 150 69616 
48.74 150 69632 
49.14 150 69647 
49.11 150 69663 
48.88 150 69679 
49.14 150 69695 
49.73 150 69711 
50.06 150 69726 
49.61 150 69742 
49.57 150 69758 
49.86 150 69774 
50.13 150 69790 
50.12 150 69805 
50.11 150 69821 
50.37 150 69837 
50.75 150 69853 
50.64 150 69869 
50.54 150 69884 
50.96 150 69900 
51.18 150 69916 
51.29 150 69932 
51.2 150 69947 
51.48 150 69963 
51.65 150 69979 
51.63 150 69995 
51.6 150 70011 
51.74 150 70026 
51.96 150 70042 
51.91 150 70058 
51.65 150 70074 
52.23 150 70090 
52.79 150 70105 
52.51 150 70121 
52.3 150 70137 
52.6 150 70153 
53.15 150 70169 
53.2 150 70184 
53.03 150 70200 
53 150 70216 
53.33 150 70232 
53.2 150 70248 
53.22 150 70263 
53.72 150 70279 
54.2 150 70295 
54.22 150 70311 
53.94 150 70327 
54.1 150 70342 
54.28 150 70358 
54.49 150 70374 
54.29 150 70390 
54.43 150 70406 
54.64 150 70421 
54.66 150 70437 
54.61 150 70453 
54.93 150 70469 
55.64 150 70485 
55.7 150 70500 
55.42 150 70516 
55.38 150 70532 
55.96 150 70548 
56.16 150 70564 
55.6 150 70579 
55.7 150 70595 
56.31 150 70611 
56.54 150 70627 
56.49 150 70643 
56.29 150 70658 
56.64 150 70674 
56.84 150 70690 
56.75 150 70706 
56.89 150 70721 
57.21 150 70737 
57.37 150 70753 
57.19 150 70769 
57.14 150 70785 
57.46 150 70800 
57.58 150 70816 
57.37 150 70832 
57.45 150 70848 
57.88 150 70864 
58.35 150 70879 
58.1 150 70895 
57.93 150 70911 
58.4 150 70927 
58.78 150 70943 
58.48 150 70958 
58.16 150 70974 
58.49 150 70990 
59.02 150 71006 
59.11 150 71022 
59.36 150 71037 
59.59 150 71053 
59.68 150 71069 
59.65 150 71085 
59.41 150 71101 
59.77 150 71116 
60.31 150 71132 
60.17 150 71148 
59.94 150 71164 
60.16 150 71180 
60.37 150 71195 
60.47 150 71211 
60.46 150 71227 
60.98 150 71243 
61.2 150 71259 
61.15 150 71274 
61.11 150 71290 
61.5 150 71306 
62.01 150 71322 
61.54 150 71338 
61.34 150 71353 
61.82 150 71369 
62.17 150 71385 
62.3 150 71401 
62.24 150 71416 
62.52 150 71432 
62.82 150 71448 
62.75 150 71464 
62.88 150 71480 
63.47 150 71495 
63.54 150 71511 
63.47 150 71527 
63.33 150 71543 
63.57 150 71559 
63.98 150 71574 
64.14 150 71590 
64.07 150 71606 
64.17 150 71622 
64.55 150 71638 
64.52 150 71653 
64.57 150 71669 
64.72 150 71685 
65.13 150 71701 
65.37 150 71717 
65.26 150 71732 
65.16 150 71748 
65.7 150 71764 
65.84 150 71780 
65.7 150 71796 
66.03 150 71811 
66.33 150 71827 
66.38 150 71843 
66.4 150 71859 
66.4 150 71875 
67.03 150 71890 
67.2 150 71906 
66.8 150 71922 
66.92 150 71938 
67.6 150 71953 
67.89 150 71969 
67.77 150 71985 
67.55 150 72001 
67.99 150 72017 
68.44 150 72032 
68.34 150 72048 
68.33 150 72064 
68.69 150 72080 
69.17 150 72096 
69.07 150 72111 
68.77 150 72127 
69.21 150 72143 
69.48 150 72159 
69.59 150 72175 
69.59 150 72190 
70.17 150 72206 
70.48 150 72222 
70.32 150 72238 
70.21 150 72254 
70.7 150 72269 
70.82 150 72285 
70.85 150 72301 
70.87 150 72317 
71.17 150 72333 
71.62 150 72348 
71.48 150 72364 
71.15 150 72380 
71.53 150 72396 
71.97 150 72412 
72.19 150 72427 
72.15 150 72443 
72.18 150 72459 
72.8 150 72475 
72.8 150 72491 
72.58 150 72506 
73.01 150 72522 
73.22 150 72538 
72.96 150 72554 
72.86 150 72569 
73.09 150 72585 
73.6 150 72601 
73.67 150 72617 
73.39 150 72633 
74.09 150 72648 
74.46 150 72664 
74.8 150 72680 
74.37 150 72696 
74.58 150 72712 
74.97 150 72727 
74.94 150 72743 
74.63 150 72759 
75.04 150 72775 
75.48 150 72791 
75.3 150 72806 
75.32 150 72822 
75.52 150 72838 
75.83 150 72854 
75.96 150 72870 
75.97 150 72885 
75.98 150 72901 
76.45 150 72917 
76.62 150 72933 
76.65 150 72949 
76.55 150 72964 
76.98 150 72980 
77.07 150 72996 
76.97 150 73012 
77.16 150 73027 
77.53 150 73043 
77.71 150 73059 
77.79 150 73075 
78.06 150 73091 
78.36 150 73106 
78.65 150 73122 
78.61 150 73138 
78.57 150 73154 
78.92 150 73170 
79.19 150 73185 
79.28 150 73201 
79.18 150 73217 
79.7 150 73233 
80.05 150 73249 
80.12 150 73264 
80.07 150 73280 
80.22 150 73296 
80.51 150 73312 
80.46 150 73328 
80.65 150 73343 
80.98 150 73359 
81.14 150 73375 
81.13 150 73391 
81.29 150 73407 
81.68 150 73422 
82.23 150 73438 
82.28 150 73454 
82.05 150 73470 
82.37 150 73486 
82.58 150 73501 
82.47 150 73517 
82.37 150 73533 
82.76 150 73549 
83.19 150 73565 
83.17 150 73580 
83.05 150 73596 
83.4 150 73612 
83.76 150 73628 
83.72 150 73644 
83.44 150 73659 
83.64 150 73675 
84.11 150 73691 
84.06 150 73707 
83.95 150 73722 
84.4 150 73738 
84.72 150 73754 
84.79 150 73770 
84.62 150 73786 
85.1 150 73801 
85.4 150 73817 
85.24 150 73833 
85.12 150 73849 
85.63 150 73865 
86.12 150 73880 
85.95 150 73896 
85.63 150 73912 
85.92 150 73928 
86.52 150 73944 
86.5 150 73959 
86.4 150 73975 
86.61 150 73991 
87.18 150 74007 
87.22 150 74023 
87.06 150 74038 
87.33 150 74054 
87.76 150 74070 
87.86 150 74086 
87.69 150 74102 
87.89 150 74117 
88.16 150 74133 
88.22 150 74149 
88.18 150 74165 
88.5 150 74181 
88.86 150 74196 
88.92 150 74212 
88.75 150 74228 
88.92 150 74244 
89.2 150 74260 
89.55 150 74275 
89.68 150 74291 
89.58 150 74307 
89.95 150 74323 
90.21 150 74339 
89.97 150 74354 
90.15 150 74370 
90.6 150 74386 
90.79 150 74402 
90.79 150 74417 
90.75 150 74433 
91.13 150 74449 
91.54 150 74465 
91.43 150 74481 
91.44 150 74496 
91.94 150 74512 
92.2 150 74528 
92.26 150 74544 
92.38 150 74560 
92.76 150 74575 
92.93 150 74591 
92.82 150 74607 
92.58 150 74623 
92.77 150 74639 
93.33 150 74654 
93.4 150 74670 
93.44 150 74686 
93.79 150 74702 
94.09 150 74718 
94.12 150 74733 
93.87 150 74749 
94.29 150 74765 
94.8 150 74781 
94.92 150 74797 
94.96 150 74812 
95.34 150 74828 
95.69 150 74844 
95.46 150 74860 
95.28 150 74876 
96.03 150 74891 
96.41 150 74907 
96.34 150 74923 
96.59 150 74939 
97 150 74955 
97.2 150 74970 
97.09 150 74986 
97.19 150 75002 
97.59 150 75018 
97.9 150 75034 
97.84 150 75049 
98.03 150 75065 
98.34 150 75081 
98.55 150 75097 
98.57 150 75112 
98.66 150 75128 
99.01 150 75144 
99.21 150 75160 
99.2 150 75176 
99.14 150 75191 
99.5 150 75207 
100.2 150 75223 
100.37 150 75239 
100.29 150 75255 
100.52 150 75270 
101.21 150 75286 
101.34 150 75302 
101.09 150 75318 
101.2 150 75334 
101.73 150 75349 
101.92 150 75365 
101.76 150 75381 
102.13 150 75397 
102.29 150 75413 
102.48 150 75428 
102.37 150 75444 
102.66 150 75460 
103.27 150 75476 
103.45 150 75492 
103.25 150 75507 
103.38 150 75523 
103.74 150 75539 
104.16 150 75555 
103.99 150 75571 
104.19 150 75586 
104.59 150 75602 
104.89 150 75618 
104.9 150 75634 
104.97 150 75650 
105.48 150 75665 
105.44 150 75681 
105.54 150 75697 
105.59 150 75713 
106.06 150 75729 
106.45 150 75744 
106.22 150 75760 
106.23 150 75776 
106.45 150 75792 
106.94 150 75807 
106.83 150 75823 
106.82 150 75839 
107.45 150 75855 
107.59 150 75871 
107.67 150 75886 
107.96 150 75902 
108.45 150 75918 
108.72 150 75934 
108.54 150 75950 
108.36 150 75965 
108.53 150 75981 
109.03 150 75997 
109.2 150 76013 
109.2 150 76029 
109.51 150 76044 
109.56 150 76060 
109.49 150 76076 
109.59 150 76092 
109.92 150 76108 
110.21 150 76123 
110.25 150 76139 
110.32 150 76155 
110.63 150 76171 
110.84 150 76187 
111.15 150 76202 
111.25 150 76218 
111.74 150 76234 
112.12 150 76250 
112.18 150 76266 
112.22 150 76281 
112.45 150 76297 
112.74 150 76313 
112.91 150 76329 
112.79 150 76345 
113.33 150 76360 
114.03 150 76376 
113.96 150 76392 
113.58 150 76408 
113.91 150 76424 
114.46 150 76439 
114.57 150 76455 
114.36 150 76471 
114.77 150 76487 
115.31 150 76503 
115.43 150 76518 
115.44 150 76534 
115.73 150 76550 
116.22 150 76566 
116.02 150 76582 
115.95 150 76597 
116.36 150 76613 
116.87 150 76629 
117.07 150 76645 
117.29 150 76661 
117.63 150 76676 
117.8 150 76692 
118.07 150 76708 
118.03 150 76724 
118.03 150 76740 
118.31 150 76755 
118.54 150 76771 
118.48 150 76787 
118.39 150 76803 
118.83 150 76819 
119.29 150 76834 
119.29 150 76850 
119.37 150 76866 
119.84 150 76882 
120.03 150 76898 
120.05 150 76913 
119.99 150 76929 
120.51 150 76945 
120.75 150 76961 
120.78 150 76977 
121.11 150 76992 
121.38 150 77008 
121.41 150 77024 
121.38 150 77040 
121.64 150 77056 
121.91 150 77071 
122.17 150 77087 
122.18 150 77103 
122.58 150 77119 
122.72 150 77134 
123 150 77150 
122.95 150 77166 
123.17 150 77182 
123.66 150 77198 
124.05 150 77213 
123.89 150 77229 
123.71 150 77245 
124.19 150 77261 
124.41 150 77277 
124.29 150 77292 
124.54 150 77308 
125.08 150 77324 
125.38 150 77340 
125.26 150 77356 
125.19 150 77371 
125.61 150 77387 
125.88 150 77403 
125.74 150 77419 
125.91 150 77435 
126.47 150 77450 
126.72 150 77466 
126.69 150 77482 
126.7 150 77498 
126.9 150 77514 
127.39 150 77529 
127.87 150 77545 
127.77 150 77561 
127.86 150 77577 
127.87 150 77593 
128.02 150 77608 
128.23 150 77624 
128.95 150 77640 
129.3 150 77656 
129.3 150 77672 
129.28 150 77687 
129.37 150 77703 
129.89 150 77719 
129.87 150 77735 
129.74 150 77751 
130.16 150 77766 
130.71 150 77782 
130.63 150 77798 
130.61 150 77814 
130.78 150 77830 
131.55 150 77845 
131.86 150 77861 
131.7 150 77877 
131.86 150 77893 
132.45 150 77909 
132.46 150 77924 
132.45 150 77940 
132.65 150 77956 
132.89 150 77972 
133.2 150 77987 
133.28 150 78003 
133.3 150 78019 
133.74 150 78035 
134 150 78051 
134.24 150 78066 
134.61 150 78082 
134.92 150 78098 
135.03 150 78114 
134.94 150 78130 
135.08 150 78145 
135.49 150 78161 
135.83 150 78177 
135.76 150 78193 
135.91 150 78209 
136.25 150 78224 
136.69 150 78240 
136.72 150 78256 
136.65 150 78272 
137.34 150 78288 
137.59 150 78303 
137.46 150 78319 
137.55 150 78335 
138.21 150 78351 
138.62 150 78367 
138.6 150 78382 
138.92 150 78398 
139.4 150 78414 
139.7 150 78430 
139.6 150 78446 
139.38 150 78461 
139.85 150 78477 
140.28 150 78493 
140.26 150 78509 
140.33 150 78525 
140.9 150 78540 
141.21 150 78556 
141 150 78572 
141.01 150 78588 
141.51 150 78604 
142.17 150 78619 
142.18 150 78635 
142.18 150 78651 
142.51 150 78667 
142.88 150 78682 
142.89 150 78698 
142.89 150 78714 
143.35 150 78730 
144.12 150 78746 
144.1 150 78761 
144 150 78777 
144.31 150 78793 
144.63 150 78809 
144.77 150 78825 
144.79 150 78840 
145.34 150 78856 
145.57 150 78872 
145.57 150 78888 
145.59 150 78904 
145.97 150 78919 
146.46 150 78935 
146.6 150 78951 
146.53 150 78967 
146.77 150 78983 
147.27 150 78998 
147.32 150 79014 
147.37 150 79030 
147.54 150 79046 
148.3 150 79062 
148.37 150 79077 
148.2 150 79093 
148.3 150 79109 
148.99 150 79125 
149.15 150 79141 
148.83 150 79156 
149.01 150 79172 
149.52 150 79188 
149.8 150 79204 
149.71 150 79220 
149.8 150 79235 
150.38 150 79251 
150.92 150 79267 
150.5 150 79267 
150.45 150 79267 
150.28 150 79267 
149.96 150 79267 
149.95 150 79267 
150.16 150 79267 
149.96 150 79267 
150.01 150 79267 
149.95 150 79267 
149.95 150 79267 
150.15 150 79267 
150.08 150 79267 
150.03 150 79267 
149.83 150 79267 
149.82 150 79267 
149.66 150 79267 
149.33 150 79267 
149.25 150 79267 
149.5 150 79267 
149.47 150 79267 
149.61 150 79267 
149.52 150 79267 
149.31 150 79267 
149.4 150 79267 
149.79 150 79267 
149.74 150 79267 
149.35 150 79267 
149.42 150 79267 
149.48 150 79267 
149.52 150 79267 
149.22 150 79267 
149.28 150 79267 
149.29 150 79267 
149.1 150 79267 
149.11 150 79267 
149.31 150 79267 
149.25 150 79267 
149.19 150 79267 
149.04 150 79267 
148.78 150 79267 
148.94 150 79267 
149.21 150 79267 
149.37 150 79267 
149.45 150 79267 
149.48 150 79267 
149.2 150 79267 
149.01 150 79267 
149.4 150 79267 
149.52 150 79267 
149.02 150 79267 
148.78 150 79267 
148.95 150 79267 
149.09 150 79267 
148.66 150 79267 
148.64 150 79267 
148.77 150 79267 
148.93 150 79267 
148.69 150 79267 
148.92 150 79267 
148.77 150 79267 
148.92 150 79267 
148.92 150 79267 
148.76 150 79267 
148.81 150 79267 
148.77 150 79267 
148.86 150 79267 
149.01 150 79267 
148.88 150 79267 
148.8 150 79267 
148.86 150 79267 
148.81 150 79267 
148.83 150 79267 
148.79 150 79267 
148.55 150 79267 
148.47 150 79267 
148.56 150 79267 
148.55 150 79267 
148.27 150 79267 
148.39 150 79267 
148.28 150 79267 
148.28 150 79267 
148.18 150 79267 
148.41 150 79267 
148.68 150 79267 
148.61 150 79267 
148.43 150 79267 
148.44 150 79267 
148.43 150 79267 
148.25 150 79267 
148.41 150 79267 
148.34 150 79267 
148.42 150 79267 
148.34 150 79267 
148.36 150 79267 
148.39 150 79267 
148.32 150 79267 
148.25 150 79267 
148.21 150 79267 
148.3 150 79267 
148.29 150 79267 
148.22 150 79267 
148.16 150 79267 
148.26 150 79267 
148.07 150 79267 
148.27 150 79267 
148.36 150 79267 
148.28 150 79267 
148.11 150 79267 
148.13 150 79267 
148.43 150 79267 
148.2 150 79267 
148.05 150 79267 
148.26 150 79267 
148.28 150 79267 
148.26 150 79267 
148.06 150 79267 
148.1 150 79267 
148.22 150 79267 
148.33 150 79267 
148.2 150 79267 
147.82 150 79267 
147.75 150 79267 
148.1 150 79267 
147.93 150 79267 
147.86 150 79267 
147.85 150 79267 
147.72 150 79267 
147.85 150 79267 
148.09 150 79267 
147.87 150 79267 
147.96 150 79267 
148.06 150 79267 
147.98 150 79267 
147.84 150 79267 
147.81 150 79267 
147.78 150 79267 
147.81 150 79267 
147.91 150 79267 
147.96 150 79267 
147.82 150 79267 
147.72 150 79267 
147.85 150 79267 
147.73 150 79267 
147.8 150 79267 
147.91 150 79267 
147.84 150 79267 
147.81 150 79267 
147.88 150 79267 
148.11 150 79267 
148.21 150 79267 
148.13 150 79267 
147.98 150 79267 
147.76 150 79267 
147.9 150 79267 
147.85 150 79267 
147.69 150 79267 
147.75 150 79267 
147.8 150 79267 
147.85 150 79267 
147.79 150 79267 
147.78 150 79267 
147.63 150 79267 
147.59 150 79267 
147.75 150 79267 
147.65 150 79267 
147.43 150 79267 
147.71 150 79267 
147.68 150 79267 
147.6 150 79267 
147.51 150 79267 
147.48 150 79267 
147.51 150 79267 
147.57 150 79267 
147.7 150 79267 
147.72 150 79267 
147.51 150 79267 
147.61 150 79267 
147.45 150 79267 
147.38 150 79267 
147.41 150 79267 
147.3 150 79267 
147.4 150 79267 
147.48 150 79267 
147.36 150 79267 
147.27 150 79267 
147.29 150 79267 
147.28 150 79267 
147.36 150 79267 
147.2 150 79267 
147.22 150 79267 
147.31 150 79267 
147.29 150 79267 
147.31 150 79267 
147.19 150 79267 
147.1 150 79267 
147.22 150 79267 
147.15 150 79267 
147.29 150 79267 
147.46 150 79267 
147.41 150 79267 
147.08 150 79267 
147.25 150 79267 
147.29 150 79267 
147.16 150 79267 
147.25 150 79267 
147.17 150 79267 
147.11 150 79267 
147.33 150 79267 
147.01 150 79267 
146.88 150 79267 
146.84 150 79267 
146.77 150 79267 
146.86 150 79267 
147.08 150 79267 
147.08 150 79267 
147.11 150 79267 
147.21 150 79267 
147.07 150 79267 
147.01 150 79267 
147.04 150 79267 
146.98 150 79267 
146.45 150 79267 
146.77 150 79267 
146.97 150 79267 
146.88 150 79251 
147.16 150 79235 
147.57 150 79076 
147.15 150 78912 
145.63 150 78749 
142.91 150 78586 
140.1 150 78423 
137.15 150 78259 
134.64 150 78096 
132.12 150 77933 
129.19 150 77770 
126.46 150 77607 
124.01 150 77443 
121.84 150 77280 
119.58 150 77117 
117.35 150 76954 
115.16 150 76791 
113.32 150 76627 
111.51 150 76464 
109.25 150 76301 
107.06 150 76138 
105.01 150 75975 
102.86 150 75811 
100.71 150 75648 
98.81 150 75485 
96.78 150 75322 
94.85 150 75159 
92.62 150 74996 
90.37 150 74833 
88.54 150 74669 
86.87 150 74506 
84.69 150 74343 
82.75 150 74180 
81.09 150 74017 
79.42 150 73853 
77.69 150 73690 
76.39 150 73527 
74.88 150 73364 
73.44 150 73200 
71.72 150 73037 
70.22 150 72874 
69.03 150 72711 
67.6 150 72548 
65.8 150 72384 
63.99 150 72221 
62.74 150 72058 
61.29 150 71895 
59.48 150 71731 
57.74 150 71568 
56.04 150 71405 
54.38 150 71242 
53.33 150 71079 
52.16 150 70915 
50.57 150 70752 
49.24 150 70589 
48.08 150 70426 
47.28 150 70262 
46.46 150 70099 
45.61 150 69936 
44.21 150 69773 
42.65 150 69610 
41.75 150 69446 
40.95 150 69283 
39.56 150 69120 
38.24 150 68957 
37.16 150 68793 
35.86 150 68630 
34.55 150 68467 
33.63 150 68304 
32.59 150 68141 
31.45 150 67977 
30.39 150 67814 
29.4 150 67651 
28.35 150 67488 
27.46 150 67324 
26.92 150 67161 
26.12 150 66998 
25.44 150 66835 
24.84 150 66672 
23.91 150 66509 
23 150 66346 
22.15 150 66182 
21.1 150 66019 
20.3 150 65856 
19.62 150 65693 
18.62 150 65529 
17.68 150 65366 
16.72 150 65203 
15.85 150 65040 
15.21 150 64877 
14.6 150 64713 
13.94 150 64550 
13.31 150 64387 
12.74 150 64224 
12.3 150 64061 
11.79 150 63898 
11.31 150 63735 
10.69 150 63571 
10.19 150 63408 
9.5 150 63245 
8.82 150 63082 
8.29 150 62918 
7.65 150 62755 
6.78 150 62592 
6.04 150 62429 
5.58 150 62266 
5.14 150 62102 
4.54 150 61939 
3.65 150 61776 
3.08 150 61613 
2.85 150 61450 
2.66 150 61286 
2.3 150 61123 
1.95 150 60960 
1.57 150 60797 
1.18 150 60634 
0.85 150 60471 
0.48 150 60307 
0.22 150 60144 
0 150 59981 
-0.37 150 59818 
-0.58 150 59655 
-0.58 150 59491 
-0.58 150 59328 
-0.74 150 59165 
-0.87 150 59002 
-1.12 150 58838 
-1.13 150 58675 
-1.04 150 58512 
-0.98 150 58349 
-1.08 150 58186 
-1.09 150 58022 
-0.87 150 57859 
-0.87 150 57696 
-1.07 150 57533 
-1.1 150 57369 
-1.07 150 57206 
-0.96 150 57043 
-0.85 150 56880 
-1.02 150 56717 
-1.19 150 56553 
-1.03 150 56390 
-0.91 150 56227 
-0.99 150 56064 
-1.1 150 55901 
-1.01 150 55737 
-1.18 150 55574 
-1.09 150 55411 
-1.11 150 55248 
-1.11 150 55084 
-1.18 150 54921 
-0.97 150 54758 
-1.21 150 54595 
-1.23 150 54432 
-1.14 150 54269 
-1 150 54105 
-1.17 150 53942 
-1.13 150 53779 
-1.2 150 53616 
-0.93 150 53453 
-0.87 150 53289 
-1.06 150 53126 
-1.2 150 52963 
-1.23 150 52800 
-1.15 150 52636 
-1.22 150 52473 
-0.97 150 52310 
-0.88 150 52147 
-0.95 150 51984 
-0.99 150 51820 
-1.15 150 51657 
-1.14 150 51494 
-0.98 150 51331 
-0.99 150 51167 
-0.93 150 51004 
-1.15 150 50841 
-1.29 150 50678 
-1.28 150 50514 
-1.31 150 50351 
-1.3 150 50188 
-1.13 150 50025 
-1.06 150 49862 
-1.14 150 49698 
-1.34 150 49535 
-1.53 150 49372 
-1.2 150 49209 
-1.08 150 49046 
-0.98 150 48882 
-1.09 150 48719 
-1.11 150 48556 
-1.14 150 48393 
-1.12 150 48229 
-1.15 150 48066 
-1.05 150 47903 
-1.02 150 47740 
-1.18 150 47577 
-1.46 150 47413 
-1.47 150 47250 
-1.28 150 47087 
-1.04 150 46924 
-0.99 150 46761 
-1.2 150 46598 
-1.22 150 46434 
-1.24 150 46271 
-1.43 150 46108 
-1.31 150 45945 
-1.09 150 45782 
-1.53 150 45618 
-1.61 150 45455 
-1.43 150 45292 
-1.25 150 45129 
-1.27 150 44965 
-1.13 150 44802 
-1.16 150 44639 
-0.97 150 44476 
-0.87 150 44313 
-0.85 150 44150 
-1.09 150 43987 
-1.19 150 43823 
-1.17 150 43660 
-1.2 150 43497 
-1.12 150 43334 
-0.99 150 43170 
-0.99 150 43007 
-1.19 150 42844 
-1.29 150 42681 
-1.02 150 42518 
-1.15 150 42355 
-1.47 150 42191 
-1.09 150 42028 
-1.29 150 41865 
-1.36 150 41702 
-1.24 150 41539 
-1.43 150 41375 
-1.08 150 41212 
-0.94 150 41049 
-1.14 150 40886 
-1.29 150 40723 
-1.34 150 40560 
-1.19 150 40396 
-1.27 150 40233 
-1.42 150 40070 
-1.4 150 39907 
-1.12 150 39744 
-1.3 150 39580 
-1.35 150 39417 
-1.18 150 39254 
-1 150 39091 
-1.04 150 38928 
-1.13 150 38764 
-1.24 150 38601 
-1.24 150 38438 
-1.19 150 38275 
-1.32 150 38111 
-1.24 150 37948 
-1.19 150 37785 
-1.13 150 37622 
-1.53 150 37458 
-1.19 150 37295 
-1.05 150 37132 
-1.23 150 36969 
-1.26 150 36805 
-1.16 150 36642 
-1.23 150 36479 
-1.2 150 36316 
-1.19 150 36153 
-0.97 150 35990 
-1.1 150 35826 
-1.18 150 35663 
-1.12 150 35500 
-0.96 150 35337 
-1.01 150 35174 
-1.13 150 35010 
-1.26 150 34847 
-1.45 150 34684 
-1.28 150 34521 
-1.1 150 34357 
-1.16 150 34194 
-1.18 150 34031 
-1.42 150 33868 
-1.43 150 33705 
-1.18 150 33541 
-1.22 150 33378 
-1.41 150 33215 
-1.39 150 33052 
-1.31 150 32889 
-1.09 150 32726 
-0.94 150 32562 
-0.9 150 32399 
-1.03 150 32236 
-1.29 150 32073 
-1.39 150 31910 
-1.29 150 31746 
-1.18 150 31583 
-1.25 150 31420 
-1.5 150 31257 
-1.26 150 31093 
-1.16 150 30930 
-1.19 150 30767 
-1.4 150 30604 
-1.14 150 30441 
-1.16 150 30277 
-1.21 150 30114 
-1.09 150 29951 
-0.9 150 29788 
-0.96 150 29625 
-1.14 150 29461 
-1.24 150 29298 
-1.27 150 29135 
-1.48 150 28972 
-1.29 150 28809 
-1.17 150 28646 
-1.26 150 28482 
-1.23 150 28319 
-1.47 150 28156 
-1.6 150 27993 
-1.42 150 27830 
-1.19 150 27666 
-1.22 150 27503 
-1.38 150 27340 
-1.32 150 27177 
-1.23 150 27013 
-1.4 150 26850 
-1.59 150 26687 
-1.38 150 26524 
-1.29 150 26361 
-1.23 150 26197 
-1.41 150 26034 
-1.19 150 25871 
-1.36 150 25708 
-1.45 150 25544 
-1.19 150 25381 
-1.16 150 25218 
-1.37 150 25055 
-1.41 150 24891 
-1.26 150 24728 
-1.26 150 24565 
-1.3 150 24402 
-1.46 150 24239 
-1.36 150 24075 
-1.3 150 23912 
-1.55 150 23749 
-1.48 150 23586 
-1.4 150 23423 
-1.49 150 23260 
-1.32 150 23096 
-1.43 150 22933 
-1.59 150 22770 
-1.56 150 22607 
-1.54 150 22444 
-1.42 150 22280 
-1.75 150 22117 
-1.66 150 21954 
-1.31 150 21791 
-1.31 150 21628 
-1.2 150 21465 
-1.29 150 21301 
-1.13 150 21138 
-1.18 150 20975 
-1.33 150 20812 
-1.2 150 20649 
-1.1 150 20486 
-1.15 150 20323 
-1.09 150 20159 
-1.4 150 19996 
-1.44 150 19833 
-1.19 150 19670 
-1.4 150 19507 
-1.37 150 19343 
-1.27 150 19180 
-1.18 150 19017 
-1.41 150 18854 
-1.5 150 18690 
-1.57 150 18527 
-1.49 150 18364 
-1.31 150 18201 
-1.3 150 18038 
-1.29 150 17875 
-1.24 150 17711 
-1.28 150 17548 
-1.29 150 17222 
-1.28 150 17059 
-1.33 150 17054 
-1.42 150 17054 
-1.65 150 17054 
-1.56 150 17054 
-1.54 150 17054 
-1.69 150 17054 
-1.68 150 17054 
-1.52 150 17054 
-1.7 150 17054 
-1.86 150 17054 
-1.9 150 17054 
-2.01 150 17054 
-1.83 150 17054 
-1.49 150 17054 
-1.59 150 17054 
-1.63 150 17054 
-1.5 150 17054 
-1.67 150 17054 
-1.84 150 17054 
-1.75 150 17054 
-1.81 150 17054 
-1.68 150 17054 
-1.6 150 17054 
-1.53 150 17054 
-1.57 150 17054 
-1.63 150 17054 
-1.61 150 17054 
-1.35 150 17054 
-1.36 150 17054 
-1.85 150 17054 
-2.4 150 17054 
-1.79 150 17054 
-1.25 150 17054 
-0.76 150 17054 
-0.91 150 17054 
-1.5 150 17054 
-2.7 150 17054 
3.26 150 17054 
4.06 150 17054 
5.35 150 17054 
16.83 150 17054 
21.72 150 17054 
5.5 150 17054 
-18.63 150 17054 
-17.22 150 17054 
-20.4 150 17054 
-46.34 150 17054 
-58.69 150 17054 
-68.82 150 17054 
-50.72 150 17054 
-10.68 150 17054 
-18.28 150 17054 
12.86 150 17054 
79.35 150 17054 
12.82 150 17054 
-34.95 150 17054 
-16.89 150 17054 
-2.35 150 17054 
-26.29 150 17054 
-35.48 150 17054 
-22.01 150 17054 
-1.68 150 17054 
14.38 150 17054 
16.99 150 17054 
16.41 150 17054 
16.34 150 17054 
16.4 150 17054 
16.45 150 17054 
16.3 150 17054 
16.42 150 17054 
16.6 150 17054 
16.46 150 17054 
16.34 150 17054 
16.02 150 17054 
15.87 150 17054 
16.12 150 17054 
16.2 150 17054 
16.34 150 17054 
16.23 150 17054 
16.45 150 17054 
16.29 150 17054 
16.37 150 17054 
16.49 150 17054 
16.63 150 17054 
16.7 150 17054 
16.62 150 17054 
16.45 150 17054 
16.38 150 17054 
16.15 150 17054 
16.02 150 17054 
15.96 150 17054 
16.35 150 17054 
16.56 150 17054 
16.55 150 17054 
16.36 150 17054 
16.15 150 17054 
16.49 150 17054 
16.17 150 17054 
16.31 150 17054 
16.42 150 17054 
16.27 150 17054 
16.38 150 17054 
16.34 150 17054 
16.33 150 17054 
16.4 150 17054 
16.41 150 17054 
16.24 150 17054 
16.01 150 17054 
16.03 150 17054 
16.39 150 17054 
16.21 150 17054 
16 150 17054 
16.13 150 17054 
16.47 150 17054 
16.41 150 17054 
16.34 150 17054 
16.16 150 17054 
16.16 150 17054 
16.45 150 17054 
16.46 150 17054 
16.27 150 17054 
16.33 150 17054 
16.22 150 17054 
16.46 150 17054 
16.5 150 17054 
16.48 150 17054 
16.35 150 17054 
16.53 150 17054 
16.35 150 17054 
16.28 150 17054 
16.33 150 17054 
16.28 150 17054 
16.24 150 17054 
16.21 150 17054 
16.36 150 17054 
16.61 150 17054 
16.59 150 17054 
16.42 150 17054 
16.47 150 17054 
16.31 150 17054 
16.31 150 17054 
16.22 150 17054 
16.12 150 17054 
16.06 150 17054 
16.32 150 17054 
16.38 150 17054 
16.54 150 17054 
16.57 150 17054 
16.56 150 17054 
16.56 150 17054 
16.43 150 17054 
16.32 150 17054 
16.32 150 17054 
16.29 150 17054 
16.38 150 17054 
16.45 150 17054 
16.42 150 17054 
16.38 150 17054 
16.53 150 17054 
16.35 150 17054 
16.32 150 17054 
16.19 150 17054 
16.02 150 17054 
16.09 150 17054 
16.5 150 17054 
16.34 150 17054 
16.47 150 17054 
16.44 150 17054 
16.42 150 17054 
16.3 150 17054 
16.14 150 17054 
16.27 150 17054 
16.57 150 17054 
16.48 150 17054 
16.34 150 17054 
16.43 150 17054 
16.23 150 17054 
16.54 150 17054 
16.43 150 17054 
16.24 150 17054 
16.2 150 17054 
16.16 150 17054 
16.58 150 17054 
16.46 150 17054 
16.3 150 17054 
16.42 150 17054 
16.41 150 17054 
16.49 150 17054 
16.36 150 17054 
16.25 150 17054 
16.56 150 17054 
16.39 150 17054 
16.42 150 17054 
16.33 150 17054 
16.24 150 17054 
16.25 150 17054 
16.62 150 17054 
16.54 150 17054 
16.1 150 17054 
16.2 150 17054 
16.62 150 17054 
16.49 150 17054 
16.27 150 17054 
16.48 150 17054 
16.55 150 17054 
16.47 150 17054 
16.45 150 17054 
16.45 150 17054 
16.27 150 17054 
16.2 150 17054 
16.42 150 17054 
16.43 150 17054 
16.28 150 17054 
16.31 150 17054 
16.29 150 17054 
16.34 150 17054 
16.44 150 17054 
16.35 150 17054 
16.38 150 17054 
16.64 150 17054 
16.56 150 17054 
16.67 150 17054 
16.41 150 17054 
16.21 150 17054 
16.08 150 17054 
16.55 150 17054 
16.41 150 17054 
16.26 150 17054 
16.45 150 17054 
16.44 150 17054 
16.35 150 17054 
16.37 150 17054 
16.51 150 17054 
16.26 150 17054 
16.14 150 17054 
16.25 150 17054 
16.56 150 17054 
16.47 150 17054 
16.29 150 17054 
16.32 150 17054 
16.2 150 17054 
16.29 150 17054 
16.31 150 17054 
16.3 150 17054 
16.39 150 17054 
16.33 150 17054 
16.38 150 17054 
16.66 150 17054 
16.6 150 17054 
16.35 150 17054 
16.32 150 17054 
16.41 150 17054 
16.08 150 17054 
16.2 150 17054 
16.48 150 17054 
16.5 150 17054 
16.36 150 17054 
16.5 150 17054 
16.67 150 17054 
16.55 150 17054 
16.62 150 17054 
16.22 150 17054 
16.2 150 17054 
16.37 150 17054 
16.28 150 17054 
16.32 150 17054 
16.25 150 17054 
16.55 150 17054 
16.56 150 17054 
16.53 150 17054 
16.36 150 17054 
16.2 150 17054 
16.48 150 17054 
16.26 150 17054 
16.13 150 17054 
16.34 150 17054 
16.34 150 17054 
16.42 150 17054 
16.68 150 17054 
16.52 150 17054 
16.38 150 17054 
16.53 150 17054 
16.45 150 17054 
16.3 150 17054 
16.47 150 17054 
16.41 150 17054 
16.28 150 17054 
16.35 150 17054 
16.28 150 17054 
16.42 150 17054 
16.59 150 17054 
16.45 150 17054 
16.49 150 17054 
16.58 150 17054 
16.54 150 17054 
16.51 150 17054 
16.68 150 17054 
16.61 150 17054 
16.72 150 17054 
16.58 150 17054 
16.43 150 17054 
16.39 150 17054 
16.51 150 17054 
16.52 150 17054 
16.58 150 17054 
16.55 150 17054 
16.48 150 17054 
16.28 150 17054 
16.6 150 17054 
16.45 150 17054 
16.28 150 17054 
16.77 150 17054 
16.79 150 17054 
16.28 150 17054 
16.16 150 17054 
16.16 150 17054 
16.27 150 17054 
16.35 150 17054 
16.38 150 17054 
16.44 150 17054 
16.65 150 17054 
16.45 150 17054 
16.47 150 17054 
16.56 150 17054 
16.54 150 17054 
16.43 150 17054 
16.25 150 17054 
16.55 150 17054 
16.51 150 17054 
16.5 150 17054 
16.57 150 17054 
16.54 150 17054 
16.24 150 17054 
16.25 150 17054 
15.97 150 17054 
16.24 150 17054 
16.46 150 17054 
16.35 150 17054 
16.34 150 17054 
16.37 150 17054 
16.18 150 17054 
16.36 150 17054 
16.46 150 17054 
16.55 150 17054 
16.62 150 17054 
16.64 150 17054 
16.77 150 17054 
16.71 150 17054 
16.73 150 17054 
16.47 150 17054 
16.52 150 17054 
16.42 150 17054 
16.3 150 17054 
16.29 150 17054 
16.47 150 17054 
16.5 150 17054 
16.32 150 17054 
16.53 150 17054 
16.64 150 17054 
16.98 150 17054 
16.77 150 17054 
16.49 150 17054 
16.32 150 17054 
16.67 150 17054 
16.67 150 17054 
16.4 150 17054 
16.54 150 17054 
16.54 150 17054 
16.65 150 17054 
16.94 150 17054 
16.88 150 17054 
16.74 150 17054 
16.53 150 17054 
16.39 150 17054 
16.39 150 17054 
16.35 150 17054 
16.52 150 17054 
16.29 150 17054 
16.36 150 17054 
16.6 150 17054 
16.5 150 17054 
16.67 150 17054 
16.56 150 17054 
16.65 150 17054 
16.57 150 17054 
16.38 150 17054 
16.54 150 17054 
16.61 150 17054 
16.54 150 17054 
16.44 150 17054 
16.37 150 17054 
16.65 150 17054 
16.7 150 17054 
16.68 150 17054 
16.75 150 17054 
16.61 150 17054 
16.75 150 17054 
16.77 150 17054 
16.29 150 17054 
16.1 150 17054 
16.37 150 17054 
16.42 150 17054 
16.74 150 17054 
16.79 150 17054 
16.55 150 17054 
16.58 150 17054 
16.46 150 17054 
16.6 150 17054 
16.69 150 17054 
16.65 150 17054 
16.64 150 17054 
16.61 150 17054 
16.54 150 17054 
16.57 150 17054 
16.48 150 17054 
16.42 150 17054 
16.77 150 17054 
16.61 150 17054 
16.55 150 17054 
16.49 150 17054 
16.35 150 17054 
16.47 150 17054 
16.59 150 17054 
16.66 150 17054 
16.46 150 17054 
16.49 150 17054 
16.41 150 17054 
16.36 150 17054 
16.44 150 17054 
16.77 150 17054 
16.76 150 17054 
16.51 150 17054 
16.48 150 17054 
16.55 150 17054 
16.59 150 17054 
16.37 150 17054 
16.52 150 17054 
16.72 150 17054 
16.6 150 17054 
16.61 150 17054 
16.75 150 17054 
16.65 150 17054 
16.73 150 17054 
16.45 150 17054 
16.6 150 17054 
16.55 150 17054 
16.34 150 17054 
16.15 150 17054 
16.32 150 17054 
16.72 150 17054 
16.51 150 17054 
16.48 150 17054 
16.81 150 17054 
16.92 150 17054 
16.76 150 17054 
16.56 150 17054 
16.57 150 17054 
16.69 150 17054 
16.6 150 17054 
16.58 150 17054 
16.53 150 17054 
16.34 150 17054 
16.52 150 17054 
16.46 150 17054 
16.52 150 17054 
16.91 150 17054 
16.89 150 17054 
16.62 150 17054 
16.54 150 17054 
16.69 150 17054 
16.55 150 17054 
16.4 150 17054 
16.36 150 17054 
16.44 150 17054 
16.55 150 17054 
16.66 150 17054 
16.56 150 17054 
16.53 150 17054 
16.54 150 17054 
16.53 150 17054 
16.2 150 17054 
16.41 150 17054 
16.83 150 17054 
16.88 150 17054 
16.73 150 17054 
16.61 150 17054 
16.57 150 17054 
16.79 150 17054 
16.64 150 17054 
16.51 150 17054 
16.54 150 17054 
16.77 150 17054 
16.66 150 17054 
16.73 150 17054 
16.52 150 17054 
16.59 150 17054 
16.48 150 17054 
16.48 150 17054 
16.19 150 17054 
16.22 150 17054 
16.37 150 17054 
16.7 150 17054 
16.77 150 17054 
16.36 150 17054 
16.38 150 17054 
16.68 150 17054 
16.71 150 17054 
16.68 150 17054 
16.47 150 17054 
16.56 150 17054 
16.74 150 17054 
16.43 150 17054 
16.53 150 17054 
16.45 150 17054 
16.47 150 17054 
16.45 150 17054 
16.36 150 17054 
16.48 150 17054 
16.52 150 17054 
16.5 150 17054 
16.58 150 17054 
16.52 150 17054 
16.69 150 17054 
16.7 150 17054 
16.52 150 17054 
16.54 150 17054 
16.74 150 17054 
16.83 150 17054 
16.63 150 17054 
16.71 150 17054 
16.81 150 17054 
16.55 150 17054 
16.71 150 17054 
16.69 150 17054 
16.65 150 17054 
16.7 150 17054 
16.54 150 17054 
16.43 150 17054 
16.54 150 17054 
16.56 150 17054 
16.76 150 17054 
16.75 150 17054 
16.6 150 17054 
16.59 150 17054 
16.49 150 17054 
16.6 150 17054 
16.51 150 17054 
16.48 150 17054 
16.4 150 17054 
16.35 150 17054 
16.68 150 17054 
16.57 150 17054 
16.27 150 17054 
16.35 150 17054 
16.6 150 17054 
16.92 150 17054 
16.87 150 17054 
16.62 150 17054 
16.65 150 17054 
16.68 150 17054 
16.59 150 17054 
16.43 150 17054 
16.59 150 17054 
16.53 150 17054 
16.6 150 17054 
16.72 150 17054 
16.59 150 17054 
16.7 150 17054 
16.66 150 17054 
16.59 150 17054 
16.57 150 17054 
16.67 150 17054 
16.72 150 17054 
16.66 150 17054 
16.62 150 17054 
16.82 150 17054 
16.7 150 17054 
16.53 150 17054 
16.52 150 17054 
16.73 150 17054 
16.58 150 17054 
16.4 150 17054 
16.52 150 17054 
16.44 150 17054 
16.54 150 17054 
16.65 150 17054 
16.79 150 17054 
16.87 150 17054 
16.65 150 17054 
16.83 150 17054 
16.81 150 17054 
16.4 150 17054 
16.45 150 17054 
16.76 150 17054 
16.61 150 17054 
16.64 150 17054 
16.78 150 17054 
16.64 150 17054 
16.81 150 17054 
16.76 150 17054 
16.63 150 17054 
16.47 150 17054 
16.56 150 17054 
16.65 150 17054 
16.52 150 17054 
16.55 150 17054 
16.71 150 17054 
16.77 150 17054 
16.63 150 17054 
16.68 150 17054 
16.78 150 17054 
16.69 150 17054 
16.78 150 17054 
16.89 150 17054 
16.84 150 17054 
16.69 150 17054 
16.41 150 17054 
16.59 150 17054 
16.76 150 17054 
16.79 150 17054 
16.58 150 17054 
16.48 150 17054 
16.6 150 17054 
16.68 150 17054 
16.64 150 17054 
16.88 150 17054 
16.69 150 17054 
16.58 150 17054 
16.71 150 17054 
16.8 150 17054 
16.74 150 17054 
16.67 150 17054 
16.79 150 17054 
16.71 150 17054 
16.67 150 17054 
16.46 150 17054 
16.59 150 17054 
16.76 150 17054 
16.66 150 17054 
16.63 150 17054 
16.97 150 17054 
16.97 150 17054 
17.03 150 17054 
16.77 150 17054 
16.9 150 17054 
16.85 150 17054 
16.71 150 17054 
16.93 150 17054 
16.89 150 17054 
16.83 150 17054 
16.77 150 17054 
16.87 150 17054 
16.95 150 17054 
16.86 150 17054 
16.84 150 17054 
16.82 150 17054 
16.64 150 17054 
16.64 150 17054 
16.76 150 17054 
17.13 150 17054 
17.15 150 17054 
16.79 150 17054 
16.88 150 17054 
16.86 150 17054 
17 150 17054 
16.78 150 17054 
16.37 150 17054 
16.56 150 17054 
16.98 150 17054 
17.05 150 17054 
16.76 150 17054 
16.77 150 17054 
17.01 150 17054 
17.15 150 17054 
17.26 150 17054 
17 150 17054 
17.07 150 17054 
16.98 150 17054 
16.93 150 17054 
17.1 150 17054 
16.85 150 17054 
16.99 150 17054 
17.01 150 17054 
16.73 150 17054 
16.7 150 17054 
17.08 150 17054 
16.87 150 17054 
16.93 150 17054 
17.22 150 17054 
17.1 150 17054 
17.12 150 17054 
17.14 150 17054 
17.11 150 17054 
16.82 150 17054 
16.69 150 17054 
16.94 150 17054 
17.04 150 17054 
17 150 17054 
17.07 150 17054 
17.02 150 17054 
17.15 150 17054 
16.94 150 17054 
16.87 150 17054 
16.88 150 17054 
16.8 150 17054 
16.78 150 17054 
16.97 150 17054 
17.18 150 17054 
17.09 150 17054 
16.91 150 17054 
16.7 150 17054 
16.6 150 17054 
17.03 150 17054 
17.09 150 17054 
17.16 150 17054 
16.88 150 17054 
16.81 150 17054 
16.87 150 17054 
16.94 150 17054 
16.8 150 17054 
16.87 150 17054 
16.83 150 17054 
16.78 150 17054 
17.01 150 17054 
17.37 150 17054 
17.15 150 17054 
17.01 150 17054 
17.06 150 17054 
16.84 150 17054 
16.96 150 17054 
17.16 150 17054 
17.08 150 17054 
16.99 150 17054 
16.93 150 17054 
16.88 150 17054 
17.05 150 17054 
17.39 150 17054 
17.41 150 17054 
17.17 150 17054 
17.35 150 17054 
17.25 150 17054 
17.21 150 17054 
16.95 150 17054 
17.08 150 17054 
17.04 150 17054 
17.05 150 17054 
17.25 150 17054 
17.15 150 17054 
17.08 150 17054 
16.96 150 17054 
17.21 150 17054 
17.32 150 17054 
17.14 150 17054 
17.13 150 17054 
17.21 150 17054 
17.31 150 17054 
17.06 150 17054 
16.91 150 17054 
17.12 150 17054 
17.2 150 17054 
17.31 150 17054 
17.37 150 17054 
17.35 150 17054 
17.14 150 17054 
17.24 150 17054 
17.29 150 17054 
17.29 150 17054 
17.12 150 17054 
17.08 150 17054 
17.24 150 17054 
17.06 150 17054 
17.01 150 17054 
16.99 150 17054 
17.2 150 17054 
16.84 150 17054 
16.9 150 17054 
17.05 150 17054 
17.41 150 17054 
17.42 150 17054 
17.47 150 17054 
17.37 150 17054 
17.35 150 17054 
17.22 150 17054 
17.3 150 17054 
17.32 150 17054 
17.19 150 17054 
17.17 150 17054 
17.28 150 17054 
17.47 150 17054 
17.37 150 17054 
17.38 150 17054 
17.36 150 17054 
17.36 150 17054 
17.56 150 17054 
17.41 150 17054 
17.26 150 17054 
17.44 150 17054 
17.53 150 17054 
17.31 150 17054 
17.27 150 17054 
17.22 150 17054 
17.13 150 17054 
17.21 150 17054 
17.38 150 17054 
17.35 150 17054 
17.07 150 17054 
17.37 150 17054 
17.29 150 17054 
17.36 150 17054 
17.1 150 17054 
17.04 150 17054 
17.15 150 17054 
17.45 150 17054 
17.45 150 17054 
17.39 150 17054 
17.44 150 17054 
17.28 150 17054 
17.26 150 17054 
17.38 150 17054 
17.22 150 17054 
17.22 150 17054 
17.37 150 17054 
17.15 150 17054 
17.3 150 17054 
17.41 150 17054 
17.2 150 17054 
17.16 150 17054 
17.15 150 17054 
17.12 150 17054 
16.86 150 17054 
17.15 150 17054 
17.39 150 17054 
17.47 150 17054 
17.35 150 17054 
17.31 150 17054 
17.22 150 17054 
17.22 150 17054 
17.3 150 17054 
17.12 150 17054 
17.21 150 17054 
17.14 150 17054 
17.28 150 17054 
17.6 150 17054 
17.35 150 17054 
17.1 150 17054 
17.18 150 17054 
17.38 150 17054 
17.14 150 17054 
16.9 150 17054 
16.84 150 17054 
17.03 150 17054 
17.43 150 17054 
17.4 150 17054 
17.11 150 17054 
17.12 150 17054 
17.08 150 17054 
17.25 150 17054 
17.28 150 17054 
17.24 150 17054 
17.1 150 17054 
16.83 150 17054 
17.12 150 17054 
17.4 150 17054 
17.42 150 17054 
17.1 150 17054 
17.05 150 17054 
16.62 150 17054 
16.57 150 17054 
16.81 150 17054 
16.12 150 17054 
13.73 150 17054 
16.24 150 17054 
19.46 150 17054 
19.18 150 17054 
17.56 150 17054 
17.37 150 17054 
17.1 150 17054 
17.32 150 17054 
17.29 150 17054 
17.18 150 17054 
17.14 150 17054 
17.17 150 17054 
17.21 150 17054 
17.2 150 17054 
17.2 150 17054 
17.09 150 17054 
16.94 150 17054 
17.07 150 17054 
17.02 150 17054 
17.1 150 17054 
17.45 150 17054 
17.45 150 17054 
17.48 150 17054 
17.32 150 17054 
17.29 150 17054 
17.27 150 17054 
17.13 150 17054 
17.11 150 17054 
17.27 150 17054 
17.05 150 17054 
17.02 150 17054 
17.13 150 17054 
17.15 150 17054 
17.1 150 17054 
17.3 150 17054 
17.25 150 17054 
17.19 150 17054 
17.3 150 17054 
17.01 150 17054 
17.03 150 17054 
17.14 150 17054 
17.33 150 17054 
17.07 150 17054 
16.98 150 17054 
17.03 150 17054 
17.22 150 17054 
17.11 150 17054 
17.04 150 17054 
17.2 150 17054 
17.12 150 17054 
17.04 150 17054 
16.95 150 17054 
16.95 150 17054 
13.75 150 17054 
5.33 150 17054 
11.85 150 17054 
17.28 150 17054 
17.32 150 17054 
17.2 150 17054 
17.06 150 17054 
16.93 150 17054 
16.94 150 17054 
16.74 150 17054 
16.82 150 17054 
16.86 150 17054 
17.22 150 17054 
17.21 150 17054 
17.21 150 17054 
17.11 150 17054 
16.88 150 17054 
16.71 150 17054 
16.86 150 17054 
17.04 150 17054 
17.01 150 17054 
17.21 150 17054 
17.25 150 17054 
17.21 150 17054 
17.11 150 17054 
16.98 150 17054 
16.89 150 17054 
16.81 150 17054 
16.84 150 17054 
17.08 150 17054 
17.24 150 17054 
17.2 150 17054 
17.03 150 17054 
17.03 150 17054 
17.05 150 17054 
17.03 150 17054 
17.05 150 17054 
16.94 150 17054 
16.87 150 17054 
17.04 150 17054 
17.14 150 17054 
16.97 150 17054 
17.03 150 17054 
17.3 150 17054 
17.07 150 17054 
17.03 150 17054 
17.18 150 17054 
17.31 150 17054 
16.99 150 17054 
17.12 150 17054 
17.29 150 17054 
17.18 150 17054 
17.21 150 17054 
17.04 150 17054 
17.12 150 17054 
16.95 150 17054 
16.9 150 17054 
17.14 150 17054 
17.26 150 17054 
17.15 150 17054 
17.39 150 17054 
17.32 150 17054 
17.02 150 17054 
17 150 17054 
17.07 150 17054 
16.98 150 17054 
16.96 150 17054 
17.05 150 17054 
17.06 150 17054 
17 150 17054 
16.98 150 17054 
17.13 150 17054 
17.28 150 17054 
17.35 150 17054 
17.42 150 17054 
17.24 150 17054 
17.08 150 17054 
17.16 150 17054 
17.12 150 17054 
16.96 150 17054 
17.06 150 17054 
17.2 150 17054 
17.11 150 17054 
17.12 150 17054 
16.98 150 17054 
16.96 150 17054 
17.13 150 17054 
17.24 150 17054 
17.2 150 17054 
17.14 150 17054 
17.02 150 17054 
17.05 150 17054 
16.96 150 17054 
16.89 150 17054 
17.03 150 17054 
17.17 150 17054 
17.03 150 17054 
17.06 150 17054 
17.05 150 17054 
17.14 150 17054 
17.07 150 17054 
16.68 150 17054 
16.77 150 17054 
16.86 150 17054 
16.7 150 17054 
17.02 150 17054 
17.24 150 17054 
17.36 150 17054 
17.2 150 17054 
17.26 150 17054 
17.16 150 17054 
17 150 17054 
16.95 150 17054 
16.99 150 17054 
17.02 150 17054 
17.14 150 17054 
16.99 150 17054 
17.02 150 17054 
17.26 150 17054 
17.53 150 17054 
17.54 150 17054 
17.19 150 17054 
16.99 150 17054 
17.08 150 17054 
17.17 150 17054 
16.77 150 17054 
16.58 150 17054 
16.77 150 17054 
17.05 150 17054 
16.86 150 17054 
16.91 150 17054 
17.07 150 17054 
17.36 150 17054 
17.17 150 17054 
16.78 150 17054 
16.86 150 17054 
16.99 150 17054 
17.17 150 17054 
17.14 150 17054 
17.21 150 17054 
17.14 150 17054 
17.1 150 17054 
16.92 150 17054 
16.81 150 17054 
16.91 150 17054 
17.07 150 17054 
17.17 150 17054 
16.99 150 17054 
16.81 150 17054 
17 150 17054 
17.13 150 17054 
17.1 150 17054 
17.22 150 17054 
17.26 150 17054 
17.06 150 17054 
17.2 150 17054 
16.97 150 17054 
16.82 150 17054 
16.93 150 17054 
17.04 150 17054 
17.19 150 17054 
17.26 150 17054 
17.17 150 17054 
17.06 150 17054 
16.87 150 17054 
16.88 150 17054 
16.94 150 17054 
16.99 150 17054 
16.82 150 17054 
16.75 150 17054 
17.05 150 17054 
17.17 150 17054 
17.01 150 17054 
16.82 150 17054 
16.92 150 17054 
16.97 150 17054 
17.03 150 17054 
17.01 150 17054 
17.15 150 17054 
17.11 150 17054 
16.87 150 17054 
17.03 150 17054 
17.32 150 17054 
17.6 150 17054 
17.4 150 17054 
17.12 150 17054 
17.28 150 17054 
17.03 150 17054 
16.72 150 17054 
16.59 150 17054 
16.84 150 17054 
17.09 150 17054 
17.32 150 17054 
17.46 150 17054 
17.26 150 17054 
16.97 150 17054 
16.94 150 17054 
17.02 150 17054 
17.04 150 17054 
17 150 17054 
17.06 150 17054 
17.29 150 17054 
17.23 150 17054 
17.26 150 17054 
17.34 150 17054 
17.34 150 17054 
17.08 150 17054 
16.9 150 17054 
17.09 150 17054 
17.41 150 17054 
16.97 150 17054 
16.61 150 17054 
16.71 150 17054 
17.2 150 17054 
17.21 150 17054 
16.8 150 17054 
16.65 150 17054 
16.7 150 17054 
16.34 150 17054 
17.2 150 17054 
17.6 150 17054 
17.51 150 17054 
17.49 150 17054 
17.23 150 17054 
16.88 150 17054 
17.11 150 17054 
17.29 150 17054 
17.22 150 17054 
17.08 150 17054 
17.15 150 17054 
17.04 150 17054 
17.17 150 17054 
17.14 150 17054 
16.8 150 17054 
16.67 150 17054 
16.89 150 17054 
16.79 150 17054 
16.69 150 17054 
17.06 150 17054 
17 150 17054 
17.12 150 17054 
17.4 150 17054 
17.11 150 17054 
16.78 150 17054 
16.8 150 17054 
16.92 150 17054 
16.93 150 17054 
16.97 150 17054 
17.02 150 17054 
17.06 150 17054 
17.23 150 17054 
17.13 150 17054 
16.99 150 17054 
17.09 150 17054 
16.99 150 17054 
16.99 150 17054 
16.92 150 17054 
17.16 150 17054 
17.17 150 17054 
16.98 150 17054 
17.08 150 17054 
17.13 150 17054 
17.25 150 17054 
17.22 150 17054 
