0.23 100 58643 
0.49 100 58659 
0.39 100 58675 
0.23 100 58690 
0.33 100 58706 
0.47 100 58722 
0.37 100 58738 
0.01 100 58753 
0.19 100 58769 
0.63 100 58785 
0.54 100 58801 
0.31 100 58816 
0.5 100 58832 
0.98 100 58848 
0.72 100 58864 
0.27 100 58880 
0.45 100 58895 
0.81 100 58911 
0.81 100 58927 
0.37 100 58943 
0.64 100 58958 
1.2 100 58974 
1.17 100 58990 
0.78 100 59006 
0.57 100 59021 
1 100 59037 
0.94 100 59053 
0.54 100 59069 
0.74 100 59084 
0.96 100 59100 
0.94 100 59116 
0.69 100 59132 
0.63 100 59148 
1.36 100 59163 
1.47 100 59179 
1.1 100 59195 
0.98 100 59211 
1.28 100 59226 
1.45 100 59242 
1.11 100 59258 
0.87 100 59274 
1.19 100 59289 
1.36 100 59305 
1.1 100 59321 
1.17 100 59337 
1.41 100 59352 
1.54 100 59368 
1.31 100 59384 
1.18 100 59400 
1.7 100 59416 
1.8 100 59431 
1.56 100 59447 
1.31 100 59463 
1.67 100 59479 
1.86 100 59494 
1.61 100 59510 
1.64 100 59526 
1.94 100 59542 
2.01 100 59557 
1.93 100 59573 
1.63 100 59589 
1.97 100 59605 
2.46 100 59620 
2.07 100 59636 
1.8 100 59652 
2.3 100 59668 
2.66 100 59684 
2.34 100 59699 
2 100 59715 
2.08 100 59731 
2.5 100 59747 
2.46 100 59762 
2.15 100 59778 
2.51 100 59794 
2.8 100 59810 
2.76 100 59825 
2.29 100 59841 
2.37 100 59857 
2.65 100 59873 
2.73 100 59888 
2.53 100 59904 
2.66 100 59920 
2.9 100 59936 
2.9 100 59952 
2.63 100 59967 
2.81 100 59983 
3.37 100 59999 
3.18 100 60015 
3.07 100 60030 
3.22 100 60046 
3.5 100 60062 
3.35 100 60078 
3.02 100 60093 
3.16 100 60109 
3.44 100 60125 
3.59 100 60141 
3.37 100 60156 
3.05 100 60172 
3.48 100 60188 
3.75 100 60204 
3.41 100 60220 
3.38 100 60235 
3.51 100 60251 
3.8 100 60267 
3.91 100 60283 
3.96 100 60298 
4.03 100 60314 
4.14 100 60330 
3.86 100 60346 
3.87 100 60361 
4.3 100 60377 
4.61 100 60393 
3.94 100 60409 
3.76 100 60424 
4.44 100 60440 
4.96 100 60456 
4.77 100 60472 
4.54 100 60488 
4.61 100 60503 
4.78 100 60519 
4.37 100 60535 
4.5 100 60551 
4.98 100 60566 
4.8 100 60582 
4.48 100 60598 
4.51 100 60614 
4.72 100 60629 
4.92 100 60645 
4.81 100 60661 
4.54 100 60677 
4.88 100 60693 
5.09 100 60708 
5.01 100 60724 
4.89 100 60740 
5.36 100 60756 
5.62 100 60771 
5.39 100 60787 
5.19 100 60803 
5.46 100 60819 
6.05 100 60834 
6.08 100 60850 
5.67 100 60866 
6.02 100 60882 
6.13 100 60897 
5.81 100 60913 
5.77 100 60929 
5.97 100 60945 
6.2 100 60960 
6.15 100 60976 
5.96 100 60992 
6.56 100 61008 
6.91 100 61024 
6.51 100 61039 
6.04 100 61055 
6.1 100 61071 
6.46 100 61087 
6.26 100 61102 
6.01 100 61118 
6.2 100 61134 
6.7 100 61150 
6.43 100 61165 
5.81 100 61181 
6.09 100 61197 
6.63 100 61213 
6.64 100 61229 
6.32 100 61244 
6.54 100 61260 
6.82 100 61276 
7.01 100 61292 
6.77 100 61307 
6.6 100 61323 
6.76 100 61339 
6.96 100 61355 
6.58 100 61370 
6.7 100 61386 
7.25 100 61402 
7.46 100 61418 
7.18 100 61433 
7.07 100 61449 
7.42 100 61465 
7.56 100 61481 
7.24 100 61497 
7.24 100 61512 
7.65 100 61528 
7.71 100 61544 
7.52 100 61560 
7.39 100 61575 
7.68 100 61591 
8.34 100 61607 
7.92 100 61623 
7.45 100 61638 
7.68 100 61654 
7.93 100 61670 
8.06 100 61686 
7.98 100 61701 
8.03 100 61717 
8.3 100 61733 
8.21 100 61749 
8.02 100 61765 
8.36 100 61780 
8.48 100 61796 
8.44 100 61812 
8.53 100 61828 
8.68 100 61843 
8.95 100 61859 
9.05 100 61875 
8.68 100 61891 
9.03 100 61906 
9.51 100 61922 
9.35 100 61938 
9.12 100 61954 
9.4 100 61970 
9.76 100 61985 
9.68 100 62001 
9.45 100 62017 
9.6 100 62033 
9.92 100 62048 
9.79 100 62064 
9.61 100 62080 
9.69 100 62096 
10.14 100 62111 
10.17 100 62127 
10.08 100 62143 
10.24 100 62159 
10.4 100 62174 
10.66 100 62190 
10.3 100 62206 
10.22 100 62222 
10.81 100 62238 
11.19 100 62253 
10.99 100 62269 
10.85 100 62285 
11.3 100 62301 
11.25 100 62316 
10.9 100 62332 
10.92 100 62348 
11.56 100 62364 
11.61 100 62379 
11.41 100 62395 
11.43 100 62411 
11.64 100 62427 
11.77 100 62442 
11.55 100 62458 
11.82 100 62474 
12.09 100 62490 
12.23 100 62506 
12.07 100 62521 
11.94 100 62537 
12.55 100 62553 
12.7 100 62569 
12.49 100 62584 
12.49 100 62600 
12.63 100 62616 
12.93 100 62632 
12.96 100 62647 
12.79 100 62663 
12.91 100 62679 
13.47 100 62695 
13.32 100 62710 
13.21 100 62726 
13.59 100 62742 
13.94 100 62758 
13.52 100 62774 
13.32 100 62789 
13.59 100 62805 
14.12 100 62821 
13.81 100 62837 
13.48 100 62852 
13.92 100 62868 
14.29 100 62884 
14.22 100 62900 
14.09 100 62915 
14.62 100 62931 
14.82 100 62947 
14.4 100 62963 
13.96 100 62978 
14.49 100 62994 
14.97 100 63010 
14.92 100 63026 
14.7 100 63042 
14.84 100 63057 
15.21 100 63073 
15.06 100 63089 
14.72 100 63105 
14.79 100 63120 
15.45 100 63136 
15.29 100 63152 
15.04 100 63168 
15.27 100 63183 
15.63 100 63199 
15.9 100 63215 
15.82 100 63231 
15.79 100 63246 
16.07 100 63262 
15.99 100 63278 
15.94 100 63294 
16.1 100 63310 
16.38 100 63325 
16.66 100 63341 
16.44 100 63357 
16.24 100 63373 
16.55 100 63388 
16.91 100 63404 
16.64 100 63420 
16.73 100 63436 
17.2 100 63451 
17.16 100 63467 
16.89 100 63483 
16.97 100 63499 
17.43 100 63514 
17.68 100 63530 
17.41 100 63546 
17.46 100 63562 
17.85 100 63578 
17.94 100 63593 
17.79 100 63609 
17.75 100 63625 
18.31 100 63641 
18.61 100 63656 
18.01 100 63672 
17.94 100 63688 
18.53 100 63704 
18.69 100 63719 
18.22 100 63735 
18.41 100 63751 
18.61 100 63767 
19.12 100 63782 
18.85 100 63798 
18.59 100 63814 
18.92 100 63830 
19.03 100 63845 
18.8 100 63861 
18.9 100 63877 
19.17 100 63893 
19.37 100 63909 
19.35 100 63924 
19.11 100 63940 
19.49 100 63956 
19.56 100 63972 
19.6 100 63987 
19.35 100 64003 
19.5 100 64019 
20.28 100 64035 
20.21 100 64050 
19.88 100 64066 
20.22 100 64082 
20.85 100 64098 
20.63 100 64113 
20.51 100 64129 
20.77 100 64145 
21.23 100 64161 
21.13 100 64177 
20.94 100 64192 
20.99 100 64208 
21.47 100 64224 
21.41 100 64240 
21.07 100 64255 
21.27 100 64271 
21.83 100 64287 
21.73 100 64303 
21.46 100 64318 
21.68 100 64334 
22.16 100 64350 
22.03 100 64366 
21.68 100 64381 
21.85 100 64397 
22.06 100 64413 
22.12 100 64429 
22.36 100 64445 
22.36 100 64460 
22.7 100 64476 
22.39 100 64492 
22.18 100 64508 
22.45 100 64523 
22.85 100 64539 
23.08 100 64555 
22.51 100 64571 
22.51 100 64586 
22.83 100 64602 
23.01 100 64618 
23.03 100 64634 
23.12 100 64649 
23.32 100 64665 
23.56 100 64681 
23.5 100 64697 
23.51 100 64713 
23.7 100 64728 
23.93 100 64744 
24.09 100 64760 
24.24 100 64776 
24.81 100 64791 
24.61 100 64807 
24.21 100 64823 
24.32 100 64839 
24.87 100 64854 
25.15 100 64870 
25.02 100 64886 
25 100 64902 
25.41 100 64917 
25.86 100 64933 
25.79 100 64949 
25.4 100 64965 
25.51 100 64981 
25.98 100 64996 
25.89 100 65012 
25.81 100 65028 
26.26 100 65044 
26.64 100 65059 
26.61 100 65075 
26.39 100 65091 
26.8 100 65107 
27.01 100 65122 
27.31 100 65138 
27.45 100 65154 
27.87 100 65170 
27.8 100 65185 
27.69 100 65201 
27.83 100 65217 
28.36 100 65233 
28.56 100 65249 
28.34 100 65264 
28.17 100 65280 
28.48 100 65296 
29.2 100 65312 
29.1 100 65327 
28.94 100 65343 
29.35 100 65359 
29.78 100 65375 
29.95 100 65390 
29.8 100 65406 
29.63 100 65422 
29.77 100 65438 
29.89 100 65453 
29.84 100 65469 
30.27 100 65485 
30.58 100 65501 
30.75 100 65517 
30.67 100 65532 
30.43 100 65548 
30.77 100 65564 
31.23 100 65580 
30.96 100 65595 
30.85 100 65611 
31.56 100 65627 
31.7 100 65643 
31.39 100 65658 
31.66 100 65674 
32.11 100 65690 
32.2 100 65706 
32.04 100 65721 
32.12 100 65737 
32.59 100 65753 
32.92 100 65769 
32.62 100 65785 
32.38 100 65800 
32.91 100 65816 
33.22 100 65832 
33.02 100 65848 
33.17 100 65863 
33.53 100 65879 
33.78 100 65895 
33.78 100 65911 
33.66 100 65926 
34.02 100 65942 
34.29 100 65958 
34.1 100 65974 
34.22 100 65990 
34.8 100 66005 
34.82 100 66021 
34.65 100 66037 
34.38 100 66053 
34.78 100 66068 
35.18 100 66084 
35.17 100 66100 
34.91 100 66116 
35.36 100 66131 
35.63 100 66147 
35.62 100 66163 
35.63 100 66179 
35.78 100 66194 
36.19 100 66210 
36.12 100 66226 
35.79 100 66242 
36.02 100 66258 
36.2 100 66273 
36.27 100 66289 
36.05 100 66305 
36.36 100 66321 
36.76 100 66336 
36.99 100 66352 
36.86 100 66368 
37.02 100 66384 
37.44 100 66399 
37.32 100 66415 
37.13 100 66431 
37.52 100 66447 
38.26 100 66462 
38.35 100 66478 
37.96 100 66494 
38.08 100 66510 
38.45 100 66526 
38.65 100 66541 
38.49 100 66557 
38.64 100 66573 
39.17 100 66589 
39.29 100 66604 
38.99 100 66620 
39.13 100 66636 
39.54 100 66652 
39.66 100 66667 
39.69 100 66683 
39.72 100 66699 
39.86 100 66715 
40.19 100 66730 
39.99 100 66746 
40.15 100 66762 
40.6 100 66778 
40.81 100 66794 
40.77 100 66809 
40.88 100 66825 
40.98 100 66841 
40.98 100 66857 
40.98 100 66872 
40.89 100 66888 
41.49 100 66904 
41.8 100 66920 
41.27 100 66935 
41.19 100 66951 
41.72 100 66967 
41.88 100 66983 
41.82 100 66999 
42 100 67014 
42.42 100 67030 
42.62 100 67046 
42.23 100 67062 
42.17 100 67077 
42.25 100 67093 
42.72 100 67109 
42.74 100 67125 
42.4 100 67140 
42.83 100 67156 
43.41 100 67172 
43.38 100 67188 
43.04 100 67203 
43.44 100 67219 
43.96 100 67235 
43.75 100 67251 
43.47 100 67267 
43.98 100 67282 
44.39 100 67298 
44.31 100 67314 
44.19 100 67330 
44.31 100 67345 
44.96 100 67361 
45.1 100 67377 
44.74 100 67393 
44.83 100 67408 
45.27 100 67424 
45.3 100 67440 
45.23 100 67456 
45.35 100 67471 
46.02 100 67487 
46.02 100 67503 
45.95 100 67519 
46.32 100 67535 
46.69 100 67550 
46.78 100 67566 
46.38 100 67582 
46.46 100 67598 
46.96 100 67613 
46.93 100 67629 
46.76 100 67645 
47.05 100 67661 
47.33 100 67676 
47.72 100 67692 
47.59 100 67708 
47.61 100 67724 
48.15 100 67740 
48.39 100 67755 
48.42 100 67771 
48.55 100 67787 
48.93 100 67803 
49.21 100 67818 
49.34 100 67834 
49.33 100 67850 
49.56 100 67866 
49.99 100 67881 
50 100 67897 
50.12 100 67913 
50.45 100 67929 
50.89 100 67944 
50.8 100 67960 
50.99 100 67976 
51.58 100 67992 
51.94 100 68008 
51.81 100 68023 
52.03 100 68039 
52.65 100 68055 
52.98 100 68071 
53 100 68086 
52.96 100 68102 
53.53 100 68118 
53.98 100 68134 
54.14 100 68149 
54.13 100 68165 
54.46 100 68181 
54.73 100 68197 
54.25 100 68213 
54.43 100 68228 
54.86 100 68244 
55.54 100 68260 
55.38 100 68276 
55.22 100 68291 
55.69 100 68307 
56.14 100 68323 
56.47 100 68339 
56.29 100 68354 
56.56 100 68370 
56.94 100 68386 
56.9 100 68402 
56.79 100 68417 
57.4 100 68433 
57.81 100 68449 
57.57 100 68465 
57.29 100 68481 
57.7 100 68496 
58.27 100 68512 
58.38 100 68528 
58.41 100 68544 
58.56 100 68559 
58.58 100 68575 
58.81 100 68591 
58.72 100 68607 
59.23 100 68622 
59.84 100 68638 
59.89 100 68654 
59.64 100 68670 
59.9 100 68686 
60.39 100 68701 
60.54 100 68717 
60.45 100 68733 
60.74 100 68749 
61.2 100 68764 
61.57 100 68780 
61.37 100 68796 
61.67 100 68812 
62.15 100 68827 
62.29 100 68843 
62.22 100 68859 
62.45 100 68875 
62.82 100 68891 
63.2 100 68906 
62.94 100 68922 
62.93 100 68938 
63.52 100 68954 
63.98 100 68969 
63.97 100 68985 
63.85 100 69001 
64.18 100 69017 
64.52 100 69032 
64.33 100 69048 
64.41 100 69064 
65.07 100 69080 
65.28 100 69095 
65.17 100 69111 
65.27 100 69127 
65.69 100 69143 
66.07 100 69159 
65.8 100 69174 
65.89 100 69190 
66.35 100 69206 
66.67 100 69222 
66.74 100 69237 
66.66 100 69253 
66.92 100 69269 
67.28 100 69285 
67.41 100 69300 
67.41 100 69316 
67.47 100 69332 
67.94 100 69348 
67.96 100 69364 
67.63 100 69379 
68.15 100 69395 
68.66 100 69411 
68.44 100 69427 
68.42 100 69442 
69.08 100 69458 
69.36 100 69474 
69.36 100 69490 
69.47 100 69505 
69.75 100 69521 
69.99 100 69537 
69.94 100 69553 
69.8 100 69568 
69.84 100 69584 
70.62 100 69600 
70.69 100 69616 
70.5 100 69631 
70.69 100 69647 
71.08 100 69663 
71.38 100 69679 
71.37 100 69694 
71.66 100 69710 
72.09 100 69726 
72.42 100 69742 
72.5 100 69758 
72.51 100 69773 
73.08 100 69789 
73.34 100 69805 
73.42 100 69821 
73.62 100 69836 
74.08 100 69852 
74.2 100 69868 
73.98 100 69884 
74.02 100 69899 
74.71 100 69915 
75.03 100 69931 
74.94 100 69947 
75.08 100 69963 
75.31 100 69978 
75.46 100 69994 
75.45 100 70010 
75.48 100 70026 
75.82 100 70041 
76.32 100 70057 
76.21 100 70073 
76.23 100 70089 
76.65 100 70104 
76.66 100 70120 
76.64 100 70136 
76.91 100 70152 
77.51 100 70168 
77.62 100 70183 
77.64 100 70199 
77.77 100 70215 
78.05 100 70231 
78.46 100 70246 
78.28 100 70262 
78.16 100 70278 
78.71 100 70294 
79.07 100 70309 
78.82 100 70325 
78.73 100 70341 
79.35 100 70357 
79.76 100 70372 
79.65 100 70388 
79.57 100 70404 
79.93 100 70420 
80.46 100 70436 
80.35 100 70451 
80.18 100 70467 
80.8 100 70483 
81.19 100 70499 
80.89 100 70514 
81 100 70530 
81.12 100 70546 
81.63 100 70562 
81.81 100 70577 
81.5 100 70593 
81.59 100 70609 
82.06 100 70625 
82.08 100 70641 
82.35 100 70656 
82.72 100 70672 
83.46 100 70688 
83.64 100 70704 
83.55 100 70719 
83.79 100 70735 
84.34 100 70751 
84.42 100 70767 
84.42 100 70782 
84.5 100 70798 
85.09 100 70814 
85.58 100 70830 
85.29 100 70845 
85.7 100 70861 
86.37 100 70877 
86.47 100 70893 
86.34 100 70909 
86.92 100 70924 
87.45 100 70940 
87.46 100 70956 
87.53 100 70972 
87.53 100 70987 
88.08 100 71003 
88.49 100 71019 
88.59 100 71035 
88.69 100 71050 
89.23 100 71066 
89.6 100 71082 
89.66 100 71098 
89.52 100 71114 
90.4 100 71129 
90.87 100 71145 
90.71 100 71161 
90.8 100 71177 
91.33 100 71192 
92.15 100 71208 
92.26 100 71224 
92.35 100 71240 
92.71 100 71255 
93.22 100 71271 
93.52 100 71287 
93.68 100 71303 
94.13 100 71318 
94.56 100 71334 
94.52 100 71350 
94.87 100 71366 
95.56 100 71382 
95.8 100 71397 
95.9 100 71413 
95.96 100 71429 
96.47 100 71445 
97.12 100 71460 
97.28 100 71476 
97.36 100 71492 
97.83 100 71508 
98.24 100 71523 
98.52 100 71539 
98.41 100 71555 
98.84 100 71571 
99.33 100 71586 
99.62 100 71602 
99.88 100 71618 
100.02 100 71634 
100.58 100 71650 
100.52 100 71650 
100.8 100 71650 
100.78 100 71650 
100.75 100 71650 
101.03 100 71650 
101.19 100 71650 
100.99 100 71650 
100.72 100 71650 
100.91 100 71650 
100.87 100 71650 
100.82 100 71650 
100.77 100 71650 
100.68 100 71650 
100.68 100 71650 
100.67 100 71650 
100.85 100 71650 
100.74 100 71650 
100.79 100 71650 
100.7 100 71650 
101.01 100 71650 
100.75 100 71650 
100.62 100 71650 
100.59 100 71650 
100.65 100 71650 
100.6 100 71650 
100.47 100 71650 
100.51 100 71650 
100.49 100 71650 
100.47 100 71650 
100.38 100 71650 
100.44 100 71650 
100.56 100 71650 
100.44 100 71650 
100.45 100 71650 
100.47 100 71650 
100.38 100 71650 
100.66 100 71650 
100.58 100 71650 
100.35 100 71650 
100.42 100 71650 
100.32 100 71650 
100.16 100 71650 
100.09 100 71650 
100.43 100 71650 
100.26 100 71650 
100.17 100 71650 
100.05 100 71650 
100.32 100 71650 
100.65 100 71650 
100.43 100 71650 
100.24 100 71650 
100.26 100 71650 
100.19 100 71650 
100.22 100 71650 
100.19 100 71650 
100.2 100 71650 
100.07 100 71650 
100.41 100 71650 
100.67 100 71650 
100.28 100 71650 
100.24 100 71650 
100.29 100 71650 
100.1 100 71650 
100.08 100 71650 
99.91 100 71650 
99.77 100 71650 
99.98 100 71650 
100.23 100 71650 
100.22 100 71650 
100.12 100 71650 
100.11 100 71650 
100.06 100 71650 
100.13 100 71650 
100.27 100 71650 
100.04 100 71650 
99.72 100 71650 
99.79 100 71650 
100 100 71650 
100.15 100 71650 
99.94 100 71650 
99.97 100 71650 
100.33 100 71650 
100.39 100 71650 
100.11 100 71650 
100.02 100 71650 
100.05 100 71650 
100.1 100 71650 
99.99 100 71650 
99.89 100 71650 
100.04 100 71650 
99.93 100 71650 
99.89 100 71650 
100.4 100 71650 
100.3 100 71650 
99.99 100 71650 
100.21 100 71650 
100.12 100 71650 
100.05 100 71650 
100.1 100 71650 
99.95 100 71650 
99.91 100 71650 
100.04 100 71650 
100.12 100 71650 
100.04 100 71650 
100.01 100 71650 
99.8 100 71650 
99.95 100 71650 
100.1 100 71650 
99.91 100 71650 
