-0.14 100 58323 
-0.03 100 58338 
0.1 100 58354 
-0.03 100 58370 
0.22 100 58386 
0.5 100 58401 
0.14 100 58417 
-0.36 100 58433 
0.04 100 58449 
0.62 100 58465 
0.42 100 58480 
0.11 100 58496 
0.19 100 58512 
0.45 100 58528 
0.43 100 58543 
0.24 100 58559 
-0.06 100 58575 
0.21 100 58591 
0.43 100 58607 
0.35 100 58622 
0.6 100 58638 
0.87 100 58654 
0.52 100 58670 
0.28 100 58685 
0.43 100 58701 
0.7 100 58717 
0.76 100 58733 
0.54 100 58748 
0.55 100 58764 
0.89 100 58780 
0.92 100 58796 
0.65 100 58812 
0.6 100 58827 
0.86 100 58843 
0.96 100 58859 
0.67 100 58875 
0.64 100 58890 
0.96 100 58906 
1.06 100 58922 
0.8 100 58938 
0.87 100 58953 
1.14 100 58969 
1.15 100 58985 
1.09 100 59001 
0.74 100 59016 
0.95 100 59032 
1.39 100 59048 
0.97 100 59064 
0.75 100 59080 
1.07 100 59095 
1.4 100 59111 
1.24 100 59127 
1.01 100 59143 
1.14 100 59158 
1.43 100 59174 
1.21 100 59190 
1.09 100 59206 
1.54 100 59222 
1.73 100 59237 
1.37 100 59253 
1.12 100 59269 
1.61 100 59285 
1.67 100 59300 
1.47 100 59316 
1.29 100 59332 
1.69 100 59348 
1.94 100 59363 
1.77 100 59379 
1.58 100 59395 
1.72 100 59411 
2.27 100 59427 
1.88 100 59442 
1.53 100 59458 
1.91 100 59474 
2.16 100 59490 
2.01 100 59505 
1.91 100 59521 
2.11 100 59537 
2.51 100 59553 
2.19 100 59568 
2.02 100 59584 
2.17 100 59600 
2.36 100 59616 
2.41 100 59632 
2.16 100 59647 
2.37 100 59663 
2.66 100 59679 
2.72 100 59695 
2.45 100 59710 
2.51 100 59726 
2.87 100 59742 
2.61 100 59758 
2.66 100 59773 
2.65 100 59789 
3.17 100 59805 
3.21 100 59821 
2.55 100 59837 
2.7 100 59852 
2.96 100 59868 
3.07 100 59884 
2.72 100 59900 
2.72 100 59915 
2.9 100 59931 
3.26 100 59947 
3.25 100 59963 
3.15 100 59978 
3.5 100 59994 
3.58 100 60010 
3.27 100 60026 
3.13 100 60042 
3.4 100 60057 
3.48 100 60073 
3.6 100 60089 
3.6 100 60105 
3.64 100 60120 
3.92 100 60136 
3.63 100 60152 
3.6 100 60168 
3.97 100 60183 
4.02 100 60199 
3.89 100 60215 
3.59 100 60231 
3.69 100 60247 
4.08 100 60262 
4.03 100 60278 
3.76 100 60294 
3.96 100 60310 
4.23 100 60325 
4.11 100 60341 
3.97 100 60357 
4.31 100 60373 
4.72 100 60389 
4.52 100 60404 
4.23 100 60420 
4.69 100 60436 
5.03 100 60452 
4.84 100 60467 
4.6 100 60483 
4.87 100 60499 
5.12 100 60515 
4.84 100 60530 
4.54 100 60546 
4.63 100 60562 
5.32 100 60578 
5.11 100 60594 
4.71 100 60609 
4.91 100 60625 
5.05 100 60641 
4.88 100 60657 
4.54 100 60672 
4.94 100 60688 
5.37 100 60704 
5.43 100 60720 
5.16 100 60735 
5.24 100 60751 
5.69 100 60767 
5.7 100 60783 
5.26 100 60799 
5.6 100 60814 
5.94 100 60830 
5.94 100 60846 
5.45 100 60862 
5.81 100 60877 
6.31 100 60893 
6.13 100 60909 
5.92 100 60925 
5.81 100 60940 
6.04 100 60956 
6.06 100 60972 
6.01 100 60988 
6.28 100 61004 
6.52 100 61019 
6.56 100 61035 
6.55 100 61051 
6.43 100 61067 
6.87 100 61082 
6.99 100 61098 
6.45 100 61114 
6.51 100 61130 
6.81 100 61145 
6.97 100 61161 
6.67 100 61177 
6.67 100 61193 
6.74 100 61209 
6.91 100 61224 
6.75 100 61240 
6.53 100 61256 
6.86 100 61272 
6.98 100 61287 
6.74 100 61303 
6.57 100 61319 
7.02 100 61335 
7.3 100 61350 
7.14 100 61366 
6.89 100 61382 
7.22 100 61398 
7.37 100 61414 
7.01 100 61429 
6.95 100 61445 
7.36 100 61461 
7.53 100 61477 
7.14 100 61492 
7.1 100 61508 
7.51 100 61524 
7.96 100 61540 
7.6 100 61555 
7.56 100 61571 
8.04 100 61587 
8.03 100 61603 
8.07 100 61619 
7.82 100 61634 
7.83 100 61650 
8.17 100 61666 
7.88 100 61682 
7.87 100 61697 
8.27 100 61713 
8.37 100 61729 
8.47 100 61745 
8.17 100 61760 
8.58 100 61776 
9.27 100 61792 
8.78 100 61808 
8.27 100 61824 
8.55 100 61839 
8.89 100 61855 
8.95 100 61871 
8.67 100 61887 
8.91 100 61902 
9.2 100 61918 
9.14 100 61934 
8.94 100 61950 
9.2 100 61965 
9.64 100 61981 
9.65 100 61997 
9.35 100 62013 
9.46 100 62028 
9.93 100 62044 
10.09 100 62060 
9.71 100 62076 
9.66 100 62092 
10.11 100 62107 
10.4 100 62123 
10.37 100 62139 
10.06 100 62155 
10.54 100 62170 
10.55 100 62186 
10.48 100 62202 
10.51 100 62218 
10.87 100 62233 
11.05 100 62249 
10.72 100 62265 
10.57 100 62281 
10.93 100 62297 
11.21 100 62312 
10.96 100 62328 
11.1 100 62344 
11.4 100 62360 
11.73 100 62375 
11.55 100 62391 
11.3 100 62407 
11.45 100 62423 
11.93 100 62438 
11.88 100 62454 
11.6 100 62470 
11.99 100 62486 
12.23 100 62502 
11.91 100 62517 
11.86 100 62533 
12.37 100 62549 
12.36 100 62565 
12.14 100 62580 
12.11 100 62596 
12.61 100 62612 
12.75 100 62628 
12.66 100 62644 
12.5 100 62659 
12.91 100 62675 
13.59 100 62691 
13.39 100 62707 
13.25 100 62722 
13.46 100 62738 
13.91 100 62754 
13.57 100 62770 
13.49 100 62785 
13.89 100 62801 
14.12 100 62817 
14.07 100 62833 
13.85 100 62849 
14.02 100 62864 
14.58 100 62880 
14.39 100 62896 
14.01 100 62912 
14.31 100 62927 
14.96 100 62943 
15.05 100 62959 
14.49 100 62975 
14.24 100 62990 
14.8 100 63006 
15.21 100 63022 
14.96 100 63038 
14.88 100 63054 
15.28 100 63069 
15.24 100 63085 
15.07 100 63101 
15.33 100 63117 
15.7 100 63132 
15.5 100 63148 
15.63 100 63164 
15.47 100 63180 
15.73 100 63195 
16.08 100 63211 
16.02 100 63227 
16.21 100 63243 
16.43 100 63259 
16.32 100 63274 
16.07 100 63290 
16.12 100 63306 
16.75 100 63322 
16.73 100 63337 
16.69 100 63353 
16.68 100 63369 
16.91 100 63385 
17.35 100 63401 
17.23 100 63416 
16.93 100 63432 
17.17 100 63448 
17.55 100 63464 
17.29 100 63479 
17.32 100 63495 
17.69 100 63511 
17.98 100 63527 
17.76 100 63542 
17.6 100 63558 
18.19 100 63574 
18.46 100 63590 
17.96 100 63606 
18.07 100 63621 
18.27 100 63637 
18.47 100 63653 
18.15 100 63669 
17.92 100 63684 
18.21 100 63700 
18.8 100 63716 
18.81 100 63732 
18.61 100 63747 
18.79 100 63763 
18.78 100 63779 
18.88 100 63795 
18.76 100 63810 
19.15 100 63826 
19.58 100 63842 
19.32 100 63858 
18.9 100 63874 
19.26 100 63889 
19.71 100 63905 
19.55 100 63921 
19.53 100 63937 
19.57 100 63952 
19.84 100 63968 
19.78 100 63984 
19.65 100 64000 
19.97 100 64015 
20.29 100 64031 
20.52 100 64047 
20.03 100 64063 
20.37 100 64079 
20.74 100 64094 
20.77 100 64110 
20.61 100 64126 
20.49 100 64142 
20.92 100 64157 
21.26 100 64173 
20.99 100 64189 
21.08 100 64205 
21.6 100 64221 
21.56 100 64236 
20.91 100 64252 
20.9 100 64268 
21.46 100 64284 
21.83 100 64299 
21.61 100 64315 
21.76 100 64331 
22.21 100 64347 
22.15 100 64362 
21.92 100 64378 
22.16 100 64394 
22.62 100 64410 
22.75 100 64426 
22.61 100 64441 
22.4 100 64457 
22.49 100 64473 
22.5 100 64489 
22.53 100 64504 
22.47 100 64520 
22.78 100 64536 
23.05 100 64552 
22.89 100 64567 
22.63 100 64583 
23.03 100 64599 
23.27 100 64615 
23.28 100 64631 
23 100 64646 
23.44 100 64662 
23.84 100 64678 
23.57 100 64694 
23.43 100 64709 
23.65 100 64725 
23.87 100 64741 
23.47 100 64757 
23.36 100 64772 
23.76 100 64788 
24.19 100 64804 
24.25 100 64820 
24.14 100 64836 
24.5 100 64851 
24.87 100 64867 
24.68 100 64883 
24.53 100 64899 
24.92 100 64914 
25.39 100 64930 
25.28 100 64946 
25.06 100 64962 
25.26 100 64977 
25.55 100 64993 
25.71 100 65009 
25.75 100 65025 
26.09 100 65041 
26.34 100 65056 
26.01 100 65072 
25.88 100 65088 
26.12 100 65104 
26.65 100 65119 
26.75 100 65135 
26.58 100 65151 
26.89 100 65167 
27.3 100 65183 
27.32 100 65198 
27.12 100 65214 
27.37 100 65230 
27.73 100 65246 
27.88 100 65261 
27.9 100 65277 
27.98 100 65293 
28.4 100 65309 
28.71 100 65324 
28.43 100 65340 
28.29 100 65356 
28.99 100 65372 
29.34 100 65387 
29.21 100 65403 
29.25 100 65419 
29.71 100 65435 
29.8 100 65451 
29.48 100 65466 
29.78 100 65482 
30.2 100 65498 
30.27 100 65514 
30.13 100 65529 
30.14 100 65545 
30.72 100 65561 
30.97 100 65577 
30.56 100 65592 
30.67 100 65608 
31.36 100 65624 
31.68 100 65640 
31.13 100 65656 
31.08 100 65671 
31.4 100 65687 
31.8 100 65703 
31.85 100 65719 
31.75 100 65734 
32.41 100 65750 
32.37 100 65766 
32.05 100 65782 
32.26 100 65797 
32.71 100 65813 
33.21 100 65829 
33.05 100 65845 
32.94 100 65861 
33.13 100 65876 
33.46 100 65892 
33.3 100 65908 
33.31 100 65924 
33.74 100 65939 
34.36 100 65955 
34.15 100 65971 
33.77 100 65987 
34.1 100 66002 
34.55 100 66018 
34.64 100 66034 
34.45 100 66050 
34.87 100 66066 
35.16 100 66081 
35.15 100 66097 
34.96 100 66113 
35.21 100 66129 
35.4 100 66144 
35.4 100 66160 
35.34 100 66176 
35.7 100 66192 
36.04 100 66207 
35.86 100 66223 
35.76 100 66239 
36.05 100 66255 
36.58 100 66270 
36.68 100 66286 
36.53 100 66302 
36.55 100 66318 
36.9 100 66334 
36.96 100 66349 
36.61 100 66365 
36.87 100 66381 
37.39 100 66397 
37.46 100 66412 
37.24 100 66428 
37.42 100 66444 
37.64 100 66460 
37.81 100 66475 
37.93 100 66491 
37.76 100 66507 
38.08 100 66523 
38.39 100 66539 
38.57 100 66554 
38.65 100 66570 
39.1 100 66586 
39.39 100 66602 
39.22 100 66617 
39.05 100 66633 
39.42 100 66649 
39.85 100 66665 
39.8 100 66680 
39.87 100 66696 
39.96 100 66712 
40.35 100 66728 
40.24 100 66744 
40.24 100 66759 
40.55 100 66775 
40.69 100 66791 
40.8 100 66807 
40.94 100 66822 
41.34 100 66838 
41.4 100 66854 
41.13 100 66870 
41.26 100 66885 
41.39 100 66901 
41.56 100 66917 
41.47 100 66933 
41.36 100 66949 
41.73 100 66964 
42 100 66980 
41.88 100 66996 
41.61 100 67012 
42.01 100 67027 
42.56 100 67043 
42.39 100 67059 
42.38 100 67075 
42.75 100 67090 
42.95 100 67106 
42.86 100 67122 
43.09 100 67138 
43.55 100 67154 
43.75 100 67169 
43.52 100 67185 
43.37 100 67201 
43.58 100 67217 
43.97 100 67232 
43.97 100 67248 
43.61 100 67264 
43.77 100 67280 
44.38 100 67295 
44.65 100 67311 
44.55 100 67327 
44.66 100 67343 
45.1 100 67359 
45.28 100 67374 
45.14 100 67390 
45.15 100 67406 
45.47 100 67422 
45.54 100 67437 
45.63 100 67453 
45.62 100 67469 
46.03 100 67485 
46.28 100 67500 
46.08 100 67516 
45.94 100 67532 
46.39 100 67548 
46.58 100 67564 
46.59 100 67579 
46.82 100 67595 
47.35 100 67611 
47.34 100 67627 
46.99 100 67642 
47.2 100 67658 
47.63 100 67674 
47.69 100 67690 
47.59 100 67705 
47.66 100 67721 
48.28 100 67737 
48.37 100 67753 
48.27 100 67769 
48.4 100 67784 
48.8 100 67800 
49.2 100 67816 
49.05 100 67832 
48.93 100 67847 
49.18 100 67863 
49.43 100 67879 
49.38 100 67895 
49.36 100 67910 
49.89 100 67926 
50.51 100 67942 
50.21 100 67958 
49.97 100 67974 
50.47 100 67989 
50.85 100 68005 
50.8 100 68021 
50.88 100 68037 
51.51 100 68052 
51.93 100 68068 
51.93 100 68084 
51.78 100 68100 
52.4 100 68115 
52.71 100 68131 
52.67 100 68147 
52.73 100 68163 
53.27 100 68179 
53.63 100 68194 
53.35 100 68210 
53.45 100 68226 
54.01 100 68242 
54.38 100 68257 
54.43 100 68273 
54.5 100 68289 
54.72 100 68305 
55.07 100 68320 
55.2 100 68336 
55.4 100 68352 
55.75 100 68368 
56.28 100 68384 
56.74 100 68399 
56.51 100 68415 
56.39 100 68431 
56.97 100 68447 
57.45 100 68462 
57.23 100 68478 
57.25 100 68494 
57.93 100 68510 
58.33 100 68525 
58.13 100 68541 
58.17 100 68557 
58.71 100 68573 
59.19 100 68589 
58.99 100 68604 
59.24 100 68620 
59.89 100 68636 
59.88 100 68652 
59.87 100 68667 
60.06 100 68683 
60.42 100 68699 
60.75 100 68715 
60.74 100 68730 
60.81 100 68746 
61.21 100 68762 
61.5 100 68778 
61.38 100 68794 
61.54 100 68809 
62.13 100 68825 
62.28 100 68841 
62.1 100 68857 
62.32 100 68872 
62.75 100 68888 
63.13 100 68904 
62.99 100 68920 
63.09 100 68935 
63.68 100 68951 
64.07 100 68967 
63.95 100 68983 
63.75 100 68999 
64.05 100 69014 
64.39 100 69030 
64.42 100 69046 
64.41 100 69062 
64.93 100 69077 
65.36 100 69093 
65.32 100 69109 
64.96 100 69125 
65.34 100 69140 
65.98 100 69156 
65.99 100 69172 
65.68 100 69188 
66.05 100 69204 
66.88 100 69219 
66.94 100 69235 
66.67 100 69251 
67.1 100 69267 
67.74 100 69282 
67.89 100 69298 
67.61 100 69314 
67.96 100 69330 
68.33 100 69345 
68.3 100 69361 
68.28 100 69377 
68.53 100 69393 
68.98 100 69409 
69.01 100 69424 
68.63 100 69440 
69.09 100 69456 
69.67 100 69472 
69.54 100 69487 
69.58 100 69503 
69.88 100 69519 
70.16 100 69535 
70.28 100 69550 
70.37 100 69566 
70.75 100 69582 
70.98 100 69598 
71.29 100 69614 
71.14 100 69629 
71.28 100 69645 
71.46 100 69661 
71.77 100 69677 
71.72 100 69692 
72.02 100 69708 
72.59 100 69724 
72.58 100 69740 
72.44 100 69755 
72.61 100 69771 
73.28 100 69787 
73.73 100 69803 
73.72 100 69819 
73.91 100 69834 
74.49 100 69850 
74.63 100 69866 
74.42 100 69882 
74.57 100 69897 
75.22 100 69913 
75.39 100 69929 
75.17 100 69945 
75.18 100 69961 
75.65 100 69976 
76.01 100 69992 
75.85 100 70008 
75.73 100 70024 
76.41 100 70039 
76.52 100 70055 
76.54 100 70071 
76.5 100 70087 
76.79 100 70102 
77.15 100 70118 
76.92 100 70134 
77.17 100 70150 
77.76 100 70166 
78 100 70181 
77.65 100 70197 
77.79 100 70213 
78.37 100 70229 
78.63 100 70244 
78.6 100 70260 
78.6 100 70276 
79.2 100 70292 
79.63 100 70307 
79.58 100 70323 
79.26 100 70339 
79.69 100 70355 
80.06 100 70371 
80.05 100 70386 
79.94 100 70402 
80.47 100 70418 
81.09 100 70434 
81.24 100 70449 
80.83 100 70465 
81.14 100 70481 
81.75 100 70497 
81.67 100 70512 
81.29 100 70528 
81.51 100 70544 
81.99 100 70560 
82.09 100 70576 
82.03 100 70591 
82.1 100 70607 
82.35 100 70623 
82.61 100 70639 
82.84 100 70654 
83.2 100 70670 
83.4 100 70686 
83.52 100 70702 
83.67 100 70717 
84.16 100 70733 
84.79 100 70749 
84.85 100 70765 
85 100 70781 
85.3 100 70796 
85.7 100 70812 
86.07 100 70828 
85.91 100 70844 
86.05 100 70859 
86.55 100 70875 
86.53 100 70891 
86.59 100 70907 
86.71 100 70922 
87.39 100 70938 
87.63 100 70954 
87.63 100 70970 
87.84 100 70986 
88.41 100 71001 
88.99 100 71017 
88.64 100 71033 
88.84 100 71049 
89.52 100 71064 
89.78 100 71080 
89.73 100 71096 
90.25 100 71112 
90.89 100 71127 
90.92 100 71143 
91.12 100 71159 
91.38 100 71175 
91.93 100 71191 
92.37 100 71206 
92.62 100 71222 
92.81 100 71238 
93.17 100 71254 
93.67 100 71269 
93.78 100 71285 
93.83 100 71301 
94.39 100 71317 
94.95 100 71333 
95 100 71348 
94.98 100 71364 
95.31 100 71380 
95.94 100 71396 
96.2 100 71411 
96.2 100 71427 
96.88 100 71443 
97.51 100 71459 
97.41 100 71474 
97.57 100 71490 
98.21 100 71506 
98.92 100 71522 
99.1 100 71538 
99.17 100 71553 
99.47 100 71569 
99.99 100 71585 
100.13 100 71601 
100.12 100 71616 
100.48 100 71617 
100.75 100 71617 
100.6 100 71617 
100.74 100 71617 
100.65 100 71617 
100.51 100 71617 
100.59 100 71617 
100.63 100 71617 
100.71 100 71617 
100.69 100 71617 
100.61 100 71617 
100.8 100 71617 
100.75 100 71617 
100.63 100 71617 
100.56 100 71617 
100.63 100 71617 
100.59 100 71617 
100.4 100 71617 
100.57 100 71617 
100.65 100 71617 
100.88 100 71617 
100.8 100 71617 
100.68 100 71617 
100.6 100 71617 
100.31 100 71617 
100.1 100 71617 
100.14 100 71617 
100.2 100 71617 
100.25 100 71617 
100.27 100 71617 
100.16 100 71617 
100.24 100 71617 
100.53 100 71617 
100.33 100 71601 
100.54 100 71601 
100.61 100 71601 
100.26 100 71601 
100.1 100 71601 
100.26 100 71601 
100.67 100 71601 
100.38 100 71601 
100.1 100 71601 
100.52 100 71601 
100.47 100 71601 
100.31 100 71442 
99.89 100 71439 
97.99 100 71439 
96.56 100 71439 
96.65 100 71439 
96.76 100 71439 
96.83 100 71439 
96.77 100 71439 
96.65 100 71439 
96.71 100 71439 
96.59 100 71439 
96.67 100 71439 
96.78 100 71439 
96.66 100 71439 
96.61 100 71439 
96.78 100 71439 
96.63 100 71439 
96.49 100 71439 
96.71 100 71439 
96.67 100 71439 
96.73 100 71439 
96.86 100 71439 
96.89 100 71439 
96.74 100 71439 
96.53 100 71439 
96.55 100 71439 
96.55 100 71439 
96.64 100 71439 
96.64 100 71439 
96.62 100 71439 
96.69 100 71439 
96.68 100 71439 
96.74 100 71439 
96.79 100 71439 
96.79 100 71439 
96.79 100 71439 
96.64 100 71439 
96.67 100 71439 
96.6 100 71439 
96.49 100 71439 
96.51 100 71439 
96.51 100 71439 
96.62 100 71439 
96.52 100 71439 
96.56 100 71439 
96.66 100 71439 
96.59 100 71439 
96.55 100 71280 
95.95 100 71117 
93.54 100 70954 
90.5 100 70791 
88.18 100 70628 
85.92 100 70465 
84.41 100 70302 
82.2 100 70139 
80.26 100 69976 
77.96 100 69813 
75.34 100 69650 
73.18 100 69487 
71.33 100 69324 
69.44 100 69161 
67.77 100 68998 
66.08 100 68836 
64.02 100 68673 
62.04 100 68510 
60.07 100 68347 
57.69 100 68184 
55.41 100 68021 
53.05 100 67858 
50.68 100 67695 
48.33 100 67532 
46.49 100 67369 
45.34 100 67206 
44.03 100 67043 
42.5 100 66880 
40.91 100 66717 
39.51 100 66554 
38.57 100 66391 
37.44 100 66228 
36.26 100 66065 
34.93 100 65903 
33.8 100 65740 
32.46 100 65577 
31.22 100 65414 
29.66 100 65251 
28.17 100 65088 
26.78 100 64925 
25.58 100 64762 
24.18 100 64599 
22.89 100 64436 
21.77 100 64273 
20.88 100 64110 
19.91 100 63947 
19.52 100 63784 
18.73 100 63621 
17.63 100 63458 
16.86 100 63295 
16.02 100 63132 
15.32 100 62969 
14.3 100 62807 
13.48 100 62644 
12.87 100 62481 
12.2 100 62318 
11.12 100 62155 
10.43 100 61992 
9.7 100 61829 
8.77 100 61666 
7.87 100 61503 
7.03 100 61340 
6.42 100 61177 
5.93 100 61014 
5.59 100 60851 
5.39 100 60688 
5.07 100 60525 
4.23 100 60362 
3.73 100 60199 
3.28 100 60036 
2.58 100 59873 
2.37 100 59711 
1.86 100 59548 
1.46 100 59385 
1.18 100 59222 
0.85 100 59059 
0.47 100 58896 
0.26 100 58733 
0.36 100 58570 
0.14 100 58407 
-0.05 100 58244 
-0.18 100 58082 
-0.55 100 57919 
-0.59 100 57756 
-0.77 100 57593 
-0.77 100 57430 
-0.88 100 57267 
-0.97 100 57104 
-0.89 100 56941 
-0.58 100 56778 
-0.8 100 56615 
-0.75 100 56453 
-0.78 100 56290 
-0.77 100 56127 
-0.77 100 55964 
-0.52 100 55801 
-0.39 100 55638 
-0.41 100 55475 
-0.54 100 55312 
-0.71 100 55149 
-0.62 100 54986 
-0.73 100 54824 
-0.64 100 54661 
-0.54 100 54498 
-0.58 100 54335 
-0.75 100 54172 
-0.84 100 54009 
-0.82 100 53846 
-0.97 100 53683 
-0.99 100 53520 
-1.13 100 53357 
-1.11 100 53194 
-0.66 100 53031 
-0.78 100 52868 
-0.86 100 52706 
-0.59 100 52543 
-0.72 100 52380 
-0.71 100 52217 
-0.72 100 52054 
-0.94 100 51891 
-0.96 100 51728 
-0.97 100 51565 
-0.44 100 51402 
-0.46 100 51239 
-0.64 100 51076 
-0.88 100 50913 
-0.76 100 50750 
-0.86 100 50587 
-0.75 100 50424 
-0.54 100 50262 
-0.65 100 50099 
-0.57 100 49936 
-0.57 100 49773 
-0.72 100 49610 
-0.86 100 49447 
-1 100 49284 
-1.06 100 49121 
-0.71 100 48958 
-0.92 100 48795 
-1.1 100 48632 
-1 100 48469 
-0.97 100 48306 
-0.9 100 48143 
-0.71 100 47980 
-0.7 100 47817 
-0.73 100 47654 
-0.69 100 47491 
-0.81 100 47328 
-0.73 100 47165 
-0.85 100 47003 
-0.96 100 46840 
-0.54 100 46677 
-0.51 100 46514 
-0.83 100 46351 
-0.89 100 46188 
-1.05 100 46025 
-0.95 100 45862 
-0.97 100 45699 
-1 100 45536 
-0.72 100 45373 
-0.78 100 45210 
-0.85 100 45047 
-0.91 100 44885 
-1.08 100 44722 
-1.02 100 44559 
-0.74 100 44396 
-0.72 100 44233 
-0.97 100 44070 
-0.77 100 43907 
-0.82 100 43744 
-0.9 100 43581 
-0.85 100 43418 
-0.87 100 43255 
-0.91 100 43092 
-0.76 100 42930 
-0.69 100 42767 
-0.65 100 42604 
-0.87 100 42441 
-0.97 100 42278 
-1.03 100 42115 
-0.84 100 41952 
-0.89 100 41789 
-1.07 100 41626 
-0.85 100 41463 
-0.93 100 41300 
-0.86 100 41137 
-0.9 100 40974 
-1.06 100 40811 
-1.09 100 40648 
-1.1 100 40485 
-0.82 100 40322 
-0.69 100 40159 
-0.7 100 39996 
-0.69 100 39833 
-0.9 100 39671 
-0.88 100 39508 
-0.77 100 39345 
-0.82 100 39182 
-0.95 100 39019 
-0.93 100 38856 
-0.86 100 38693 
-0.68 100 38530 
-0.97 100 38367 
-1.09 100 38204 
-0.82 100 38041 
-0.7 100 37878 
-0.81 100 37715 
-1.04 100 37552 
-0.89 100 37389 
-0.71 100 37226 
-0.5 100 37063 
0.69 100 36900 
-0.97 100 36737 
-1.04 100 36574 
-0.97 100 36411 
-1.06 100 36248 
-0.76 100 36085 
-0.55 100 35923 
-0.38 100 35760 
-0.59 100 35597 
-0.72 100 35434 
-0.72 100 35271 
-0.75 100 35108 
-0.96 100 34945 
-1.06 100 34782 
-0.88 100 34619 
-0.65 100 34456 
-0.81 100 34293 
-0.8 100 34130 
-0.64 100 33967 
-0.49 100 33804 
-0.49 100 33641 
-0.56 100 33478 
-0.55 100 33315 
-0.45 100 33152 
-0.82 100 32989 
-0.77 100 32826 
-0.69 100 32663 
-0.84 100 32500 
-0.97 100 32337 
-0.88 100 32175 
-0.65 100 32012 
-0.57 100 31849 
-0.82 100 31686 
-0.86 100 31523 
-0.8 100 31360 
-1.08 100 31197 
-1.01 100 31034 
-0.9 100 30871 
-0.91 100 30708 
-0.92 100 30545 
-0.94 100 30382 
-0.97 100 30219 
-0.86 100 30056 
-0.8 100 29893 
-0.8 100 29731 
-0.86 100 29568 
-0.97 100 29405 
-0.88 100 29242 
-0.7 100 29079 
-0.94 100 28916 
-0.83 100 28753 
-0.74 100 28590 
-0.65 100 28427 
-0.65 100 28264 
-0.67 100 28101 
-0.72 100 27938 
-1.02 100 27775 
-0.9 100 27612 
-0.94 100 27449 
-0.91 100 27287 
-0.74 100 27124 
-0.7 100 26961 
-0.67 100 26798 
-0.61 100 26635 
-0.66 100 26472 
-0.66 100 26309 
-0.68 100 26146 
-0.54 100 25983 
-0.76 100 25820 
-0.43 100 25657 
-0.74 100 25494 
-1.09 100 25331 
-0.97 100 25168 
-0.86 100 25005 
-0.82 100 24842 
-0.87 100 24679 
-0.59 100 24517 
-0.65 100 24354 
-0.68 100 24191 
-0.75 100 24028 
-0.68 100 23865 
-0.68 100 23702 
-0.79 100 23539 
-0.74 100 23376 
-0.61 100 23213 
-0.48 100 23050 
-0.68 100 22887 
-0.8 100 22724 
-0.79 100 22561 
-0.94 100 22398 
-0.82 100 22235 
-0.56 100 22072 
-0.71 100 21909 
-0.64 100 21746 
-0.7 100 21583 
-0.78 100 21420 
-0.75 100 21257 
-0.83 100 21094 
-1.15 100 20931 
-1.1 100 20769 
-0.83 100 20606 
-0.84 100 20443 
-0.67 100 20280 
-0.69 100 20117 
-0.7 100 19954 
-0.59 100 19791 
-0.51 100 19628 
-0.39 100 19465 
-0.59 100 19302 
-0.93 100 19139 
-1.29 100 18976 
-1.23 100 18813 
-0.74 100 18650 
-0.4 100 18487 
-0.97 100 18324 
-1.11 100 18161 
-0.85 100 17999 
-0.53 100 17836 
-0.24 100 17673 
-0.52 100 17510 
-0.76 100 17347 
-0.66 100 17184 
-0.58 100 17021 
-0.61 100 16858 
-0.57 100 16695 
-0.67 100 16532 
-0.84 100 16370 
-0.78 100 16207 
-0.86 100 16044 
-0.7 100 15881 
-0.84 100 15718 
-0.64 100 15555 
-0.71 100 15392 
-0.86 100 15229 
-1 100 15066 
-0.87 100 14903 
-0.9 100 14740 
-0.9 100 14736 
-0.74 100 14736 
-0.9 100 14736 
-1.01 100 14736 
-1.11 100 14736 
-1 100 14736 
-0.92 100 14736 
-1.09 100 14736 
-1.19 100 14736 
-1.19 100 14736 
-1.09 100 14736 
-0.97 100 14736 
-1.14 100 14736 
-1.16 100 14736 
-1.11 100 14736 
-1.15 100 14736 
-0.97 100 14736 
-0.98 100 14736 
-1.27 100 14736 
-1.18 100 14736 
-1 100 14736 
-1.11 100 14736 
-1.05 100 14736 
-1.22 100 14736 
-1.33 100 14736 
-1.35 100 14736 
-1.31 100 14736 
-1.06 100 14736 
-1.07 100 14736 
-1.13 100 14736 
-1.33 100 14736 
-1.13 100 14736 
-1.2 100 14736 
-1.16 100 14736 
-1.05 100 14736 
-1.07 100 14736 
-1.06 100 14736 
-0.94 100 14736 
-1.22 100 14736 
-1.33 100 14736 
-1.34 100 14736 
-1.44 100 14736 
-1.19 100 14736 
-1.06 100 14736 
-1.1 100 14736 
-1.42 100 14736 
-1.47 100 14736 
-1.08 100 14736 
-0.98 100 14736 
-1.17 100 14736 
-1.28 100 14736 
-1.38 100 14736 
-1.55 100 14736 
-1.19 100 14736 
-0.95 100 14736 
-1.07 100 14736 
-1.27 100 14736 
-1.44 100 14736 
-1.2 100 14736 
-0.99 100 14736 
-0.79 100 14736 
-0.97 100 14736 
-1.52 100 14736 
-1.28 100 14736 
-1.16 100 14736 
-0.71 100 14736 
-0.82 100 14736 
-1.07 100 14736 
-1.11 100 14736 
-1.07 100 14736 
-0.9 100 14736 
-1.05 100 14736 
-1.16 100 14736 
-1.12 100 14736 
-0.99 100 14736 
-0.96 100 14736 
-1.3 100 14736 
-1.04 100 14736 
-0.83 100 14736 
-1.03 100 14736 
-1.04 100 14736 
-1.41 100 14736 
-1.51 100 14736 
-1.26 100 14736 
-1.09 100 14736 
-0.86 100 14736 
-0.84 100 14736 
-1.2 100 14736 
-1.25 100 14736 
-1.05 100 14736 
-0.91 100 14736 
-0.86 100 14736 
-1.11 100 14736 
-1.07 100 14736 
-0.94 100 14736 
-1.15 100 14736 
-1.39 100 14736 
-1.12 100 14736 
-1.08 100 14736 
-1.07 100 14736 
-1.08 100 14736 
-1.14 100 14736 
-0.93 100 14736 
-0.83 100 14736 
-0.94 100 14736 
-0.93 100 14736 
-0.97 100 14736 
-0.75 100 14736 
-0.76 100 14736 
-1.09 100 14736 
-1.25 100 14736 
-1.04 100 14736 
-1 100 14736 
-0.97 100 14736 
-1.05 100 14736 
-1.01 100 14736 
-1.25 100 14736 
-1.18 100 14736 
-1.19 100 14736 
-1.13 100 14736 
-1.23 100 14736 
-1.01 100 14736 
-0.95 100 14736 
-1.11 100 14736 
-1.08 100 14736 
-1.02 100 14736 
-0.95 100 14736 
-1 100 14736 
-0.89 100 14736 
-0.85 100 14736 
-0.85 100 14736 
-0.97 100 14736 
-1.03 100 14736 
-0.78 100 14736 
-0.68 100 14736 
-0.75 100 14736 
-1.11 100 14736 
-0.91 100 14736 
-0.74 100 14736 
-0.89 100 14736 
-1.03 100 14736 
-1.21 100 14736 
-1.02 100 14736 
-1.05 100 14736 
-1.03 100 14736 
-0.95 100 14736 
-0.98 100 14736 
-0.9 100 14736 
-1.08 100 14736 
-0.86 100 14736 
-0.66 100 14736 
-0.94 100 14736 
-1 100 14736 
-0.88 100 14736 
-0.75 100 14736 
-0.83 100 14736 
-0.93 100 14736 
-1.05 100 14736 
-0.92 100 14736 
-0.77 100 14736 
-1.08 100 14736 
-1.08 100 14736 
-0.98 100 14736 
-0.89 100 14736 
-1.04 100 14736 
-1 100 14736 
-1 100 14736 
-0.95 100 14736 
-0.89 100 14736 
-1.08 100 14736 
-1.29 100 14736 
-1.17 100 14736 
-1.1 100 14736 
-0.85 100 14736 
-0.86 100 14736 
-0.75 100 14736 
-0.76 100 14736 
-0.84 100 14736 
-0.83 100 14736 
-0.88 100 14736 
-1.09 100 14736 
-0.87 100 14736 
-0.95 100 14736 
-0.83 100 14736 
-0.54 100 14736 
-0.82 100 14736 
-0.94 100 14736 
-0.78 100 14736 
-0.82 100 14736 
-0.88 100 14736 
-0.64 100 14736 
-1.03 100 14736 
-1.03 100 14736 
-0.75 100 14736 
-0.91 100 14736 
-1.05 100 14736 
-1.1 100 14736 
-1.28 100 14736 
-0.99 100 14736 
-0.82 100 14736 
-1.08 100 14736 
-0.88 100 14736 
-0.85 100 14736 
-0.96 100 14736 
-1.04 100 14736 
-0.63 100 14736 
-0.93 100 14736 
-1.19 100 14736 
-1.14 100 14736 
-0.68 100 14736 
-0.93 100 14736 
-1.13 100 14736 
-0.95 100 14736 
-0.68 100 14736 
-0.63 100 14736 
-0.81 100 14736 
-0.68 100 14736 
-0.84 100 14736 
-0.88 100 14736 
-0.84 100 14736 
-1 100 14736 
-1.15 100 14736 
-1.04 100 14736 
-0.9 100 14736 
-0.97 100 14736 
-0.9 100 14736 
-0.74 100 14736 
-0.79 100 14736 
-0.85 100 14736 
-0.8 100 14736 
-0.9 100 14736 
-0.82 100 14736 
-0.75 100 14736 
-0.86 100 14736 
-1.06 100 14736 
-1.1 100 14736 
-1.04 100 14736 
-0.75 100 14736 
-0.8 100 14736 
-0.93 100 14736 
-0.94 100 14736 
-0.99 100 14736 
-0.72 100 14736 
-0.62 100 14736 
-1.41 100 14736 
-1.51 100 14736 
-1.19 100 14736 
-0.83 100 14736 
-0.53 100 14736 
-0.2 100 14736 
-0.91 100 14736 
-1 100 14736 
-1.09 100 14736 
-0.84 100 14736 
-0.89 100 14736 
-1.29 100 14736 
-1.08 100 14736 
-1.13 100 14736 
-1.15 100 14736 
-0.87 100 14736 
-1.08 100 14736 
-0.95 100 14736 
-0.82 100 14736 
-1.13 100 14736 
-1.07 100 14736 
-0.91 100 14736 
-1.25 100 14736 
-1.16 100 14736 
-1.1 100 14736 
-1.14 100 14736 
-0.91 100 14736 
-0.78 100 14736 
-0.9 100 14736 
-0.86 100 14736 
-0.75 100 14736 
-1 100 14736 
-1.02 100 14736 
-0.99 100 14736 
-1.14 100 14736 
-1.17 100 14736 
-1.03 100 14736 
-0.79 100 14736 
-0.81 100 14736 
-0.74 100 14736 
-0.86 100 14736 
-1.15 100 14736 
-0.99 100 14736 
-0.81 100 14736 
-0.8 100 14736 
-0.84 100 14736 
-0.78 100 14736 
-0.75 100 14736 
-0.92 100 14736 
-0.72 100 14736 
-0.81 100 14736 
-0.91 100 14736 
-0.86 100 14736 
-0.94 100 14736 
-0.81 100 14736 
-0.7 100 14736 
-0.7 100 14736 
-0.88 100 14736 
-1.08 100 14736 
-0.81 100 14736 
-0.5 100 14736 
-0.81 100 14736 
-0.93 100 14736 
-0.99 100 14736 
-0.97 100 14736 
-0.89 100 14736 
-0.8 100 14736 
-0.86 100 14736 
-0.8 100 14736 
-0.83 100 14736 
-0.73 100 14736 
-0.88 100 14736 
-0.76 100 14736 
-0.42 100 14736 
-0.32 100 14736 
-0.54 100 14736 
-0.54 100 14736 
-0.46 100 14736 
-0.56 100 14736 
-0.67 100 14736 
-0.6 100 14736 
-0.61 100 14736 
-0.75 100 14736 
-0.86 100 14736 
-0.84 100 14736 
-0.67 100 14736 
-0.48 100 14736 
-0.45 100 14736 
-0.47 100 14736 
-0.73 100 14736 
-1.01 100 14736 
-0.66 100 14736 
-0.39 100 14736 
-0.48 100 14736 
-0.47 100 14736 
-0.69 100 14736 
-0.51 100 14736 
-0.3 100 14736 
-0.19 100 14736 
-0.27 100 14736 
-0.39 100 14736 
-0.26 100 14736 
-0.06 100 14736 
-0.3 100 14736 
-0.2 100 14736 
-0.21 100 14736 
-0.34 100 14736 
-0.6 100 14736 
-0.43 100 14736 
-0.45 100 14736 
-0.57 100 14736 
-0.65 100 14736 
-0.33 100 14736 
-0.19 100 14736 
-0.13 100 14736 
0.03 100 14736 
-0.31 100 14736 
-0.32 100 14736 
-0.24 100 14736 
-0.28 100 14736 
-0.42 100 14736 
-0.31 100 14736 
-0.32 100 14736 
-0.33 100 14736 
-0.4 100 14736 
-0.27 100 14736 
-0.17 100 14736 
-0.21 100 14736 
-0.32 100 14736 
-0.51 100 14736 
-0.32 100 14736 
-0.21 100 14736 
-0.25 100 14736 
-0.28 100 14736 
-0.1 100 14736 
0.06 100 14736 
-0.13 100 14736 
-0.18 100 14736 
-0.24 100 14736 
-0.27 100 14736 
-0.36 100 14736 
-0.37 100 14736 
-0.44 100 14736 
-0.57 100 14736 
-0.48 100 14736 
-0.45 100 14736 
-0.21 100 14736 
-0.24 100 14736 
-0.13 100 14736 
-0.13 100 14736 
-0.25 100 14736 
-0.49 100 14736 
-0.34 100 14736 
-0.11 100 14736 
-0.17 100 14736 
-0.22 100 14736 
-0.27 100 14736 
-0.4 100 14736 
-0.3 100 14736 
-0.16 100 14736 
-0.32 100 14736 
-0.18 100 14736 
-0.22 100 14736 
-0.35 100 14736 
-0.56 100 14736 
-0.41 100 14736 
-0.32 100 14736 
-0.31 100 14736 
-0.39 100 14736 
-0.47 100 14736 
-0.37 100 14736 
-0.08 100 14736 
-0.04 100 14736 
-0.1 100 14736 
-0.41 100 14736 
-0.3 100 14736 
-0.12 100 14736 
-0.06 100 14736 
0.06 100 14736 
-0.06 100 14736 
-0.14 100 14736 
-0.18 100 14736 
-0.6 100 14736 
-0.19 100 14736 
-0.18 100 14736 
-0.24 100 14736 
-0.35 100 14736 
-0.31 100 14736 
-0.22 100 14736 
-0.26 100 14736 
-0.31 100 14736 
-0.47 100 14736 
-0.31 100 14736 
-0.33 100 14736 
-0.28 100 14736 
-0.43 100 14736 
-0.39 100 14736 
-0.45 100 14736 
-0.28 100 14736 
0.06 100 14736 
-0.05 100 14736 
-0.27 100 14736 
-0.33 100 14736 
-0.18 100 14736 
-0.06 100 14736 
-0.22 100 14736 
-0.16 100 14736 
-0.18 100 14736 
-0.05 100 14736 
-0.14 100 14736 
-0.2 100 14736 
-0.02 100 14736 
0.01 100 14736 
-0.14 100 14736 
-0.12 100 14736 
0.02 100 14736 
-0.09 100 14736 
-0.13 100 14736 
-0.16 100 14736 
-0.11 100 14736 
-0.15 100 14736 
-0.26 100 14736 
-0.15 100 14736 
-0.11 100 14736 
0 100 14736 
-0.07 100 14736 
-0.29 100 14736 
-0.09 100 14736 
0.05 100 14736 
-0.17 100 14736 
-0.24 100 14736 
-0.18 100 14736 
-0.17 100 14736 
-0.13 100 14736 
-0.09 100 14736 
0.11 100 14736 
0.22 100 14736 
-0.03 100 14736 
-0.02 100 14736 
-0.07 100 14736 
-0.16 100 14736 
0.02 100 14736 
-0.05 100 14736 
0.12 100 14736 
0.16 100 14736 
0.05 100 14736 
-0.05 100 14736 
-0.22 100 14736 
-0.06 100 14736 
-0.1 100 14736 
-0.3 100 14736 
-0.13 100 14736 
-0.08 100 14736 
-0.26 100 14736 
-0.29 100 14736 
0.01 100 14736 
0 100 14736 
0.02 100 14736 
0.05 100 14736 
0.22 100 14736 
-0.01 100 14736 
-0.58 100 14736 
-0.24 100 14736 
-0.17 100 14736 
-0.1 100 14736 
-0.07 100 14736 
-0.07 100 14736 
-0.29 100 14736 
-0.21 100 14736 
0 100 14736 
-0.15 100 14736 
-0.22 100 14736 
-0.04 100 14736 
0.04 100 14736 
-0.1 100 14736 
0.06 100 14736 
0.12 100 14736 
-0.22 100 14736 
-0.27 100 14736 
-0.17 100 14736 
-0.03 100 14736 
-0.21 100 14736 
-0.24 100 14736 
-0.14 100 14736 
0.13 100 14736 
-0.03 100 14736 
-0.11 100 14736 
-0.01 100 14736 
-0.07 100 14736 
-0.3 100 14736 
-0.18 100 14736 
-0.02 100 14736 
-0.18 100 14736 
-0.23 100 14736 
-0.01 100 14736 
0 100 14736 
-0.1 100 14736 
0.02 100 14736 
0.03 100 14736 
-0.03 100 14736 
0.02 100 14736 
0.13 100 14736 
0.04 100 14736 
-0.13 100 14736 
-0.05 100 14736 
-0.09 100 14736 
-0.22 100 14736 
0.06 100 14736 
0.11 100 14736 
-0.02 100 14736 
-0.1 100 14736 
-0.15 100 14736 
-0.09 100 14736 
-0.01 100 14736 
-0.08 100 14736 
-0.08 100 14736 
-0.06 100 14736 
-0.15 100 14736 
0.02 100 14736 
-0.04 100 14736 
-0.14 100 14736 
-0.11 100 14736 
-0.04 100 14736 
-0.06 100 14736 
-0.11 100 14736 
-0.14 100 14736 
0.01 100 14736 
0.09 100 14736 
0.15 100 14736 
0.1 100 14736 
0.08 100 14736 
-0.03 100 14736 
-0.11 100 14736 
0.01 100 14736 
0.24 100 14736 
0.13 100 14736 
-0.01 100 14736 
0.05 100 14736 
0.04 100 14736 
0 100 14736 
-0.02 100 14736 
-0.03 100 14736 
-0.09 100 14736 
-0.01 100 14736 
0.08 100 14736 
0.2 100 14736 
0.02 100 14736 
-0.27 100 14736 
-0.22 100 14736 
-0.05 100 14736 
0.11 100 14736 
0.12 100 14736 
-0.17 100 14736 
-0.1 100 14736 
0.17 100 14736 
0.48 100 14736 
0.48 100 14736 
0.27 100 14736 
0.16 100 14736 
-0.03 100 14736 
-0.11 100 14736 
-0.2 100 14736 
-0.22 100 14736 
-0.17 100 14736 
-0.01 100 14736 
0.13 100 14736 
-0.22 100 14736 
-0.02 100 14736 
-0.01 100 14736 
-0.03 100 14736 
-0.11 100 14736 
-0.23 100 14736 
-0.11 100 14736 
0.17 100 14736 
0.14 100 14736 
0.4 100 14736 
0.16 100 14736 
0.03 100 14736 
-0.17 100 14736 
-0.31 100 14736 
-0.22 100 14736 
0.03 100 14736 
-0.07 100 14736 
-0.15 100 14736 
-0.23 100 14736 
-0.24 100 14736 
-0.13 100 14736 
-0.11 100 14736 
-0.06 100 14736 
-0.21 100 14736 
-0.21 100 14736 
-0.3 100 14736 
-0.21 100 14736 
-0.21 100 14736 
-0.09 100 14736 
0.02 100 14736 
0.05 100 14736 
-0.07 100 14736 
0.07 100 14736 
-0.05 100 14736 
0 100 14736 
0.04 100 14736 
0.24 100 14736 
0.1 100 14736 
-0.03 100 14736 
0.13 100 14736 
0 100 14736 
0.04 100 14736 
0.11 100 14736 
0.15 100 14736 
0.32 100 14736 
0.06 100 14736 
-0.14 100 14736 
-0.02 100 14736 
-0.19 100 14736 
0.03 100 14736 
0.18 100 14736 
0.04 100 14736 
-0.06 100 14736 
0.05 100 14736 
0.2 100 14736 
0.22 100 14736 
0.16 100 14736 
0.13 100 14736 
0.14 100 14736 
0.01 100 14736 
-0.01 100 14736 
0.07 100 14736 
0.15 100 14736 
0.34 100 14736 
0.45 100 14736 
0.21 100 14736 
0.04 100 14736 
-0.07 100 14736 
-0.1 100 14736 
-0.1 100 14736 
-0.14 100 14736 
-0.09 100 14736 
-0.09 100 14736 
-0.01 100 14736 
