0.15 150 57218 
0.08 150 57218 
0.25 150 57218 
0.37 150 57218 
0.17 150 57218 
0.15 150 57218 
-0.03 150 57218 
0.01 150 57218 
0.17 150 57218 
0.22 150 57218 
0.41 150 57218 
0.43 150 57218 
0.45 150 57218 
0.15 150 57218 
0.2 150 57218 
0.16 150 57218 
0.38 150 57218 
0.28 150 57218 
0.26 150 57218 
0.58 150 57218 
-0.05 150 57218 
-0.12 150 57218 
-0.21 150 57234 
0.24 150 57250 
0.32 150 57265 
0.12 150 57281 
0.21 150 57297 
0.36 150 57313 
0.21 150 57329 
0.09 150 57344 
0.33 150 57360 
0.73 150 57376 
0.66 150 57392 
0.56 150 57408 
0.49 150 57424 
0.43 150 57439 
0.28 150 57455 
0.38 150 57471 
0.59 150 57487 
0.53 150 57502 
0.51 150 57518 
0.74 150 57534 
0.72 150 57550 
0.84 150 57566 
0.73 150 57581 
0.09 150 57597 
0.79 150 57613 
1.02 150 57629 
0.93 150 57645 
0.91 150 57660 
0.89 150 57676 
0.96 150 57692 
0.64 150 57708 
0.36 150 57724 
0.62 150 57740 
0.89 150 57755 
0.86 150 57771 
0.97 150 57787 
1.18 150 57803 
1.38 150 57819 
1.23 150 57834 
0.7 150 57850 
1.17 150 57866 
1.4 150 57882 
1.28 150 57898 
1.35 150 57913 
1.44 150 57929 
1.47 150 57945 
1.51 150 57961 
1.21 150 57977 
1.17 150 57992 
0.99 150 58008 
1.14 150 58024 
1.29 150 58040 
1.22 150 58055 
1.14 150 58071 
1.35 150 58087 
0.97 150 58103 
1.14 150 58119 
1.56 150 58134 
1.48 150 58150 
1.51 150 58166 
1.61 150 58182 
1.87 150 58198 
1.8 150 58213 
1 150 58229 
0.81 150 58245 
1.23 150 58261 
1.45 150 58277 
1.22 150 58292 
1.43 150 58308 
1.68 150 58324 
1.78 150 58340 
1.36 150 58356 
1.33 150 58371 
1.7 150 58387 
1.72 150 58403 
1.73 150 58419 
1.85 150 58435 
2.04 150 58450 
1.81 150 58466 
1.75 150 58482 
1.72 150 58498 
2.12 150 58514 
2.15 150 58529 
1.95 150 58545 
2.03 150 58561 
2.27 150 58577 
2.53 150 58593 
2.15 150 58608 
2.14 150 58624 
2.46 150 58640 
2.35 150 58656 
2.38 150 58672 
2.77 150 58687 
2.66 150 58703 
2.85 150 58719 
2.62 150 58735 
2.73 150 58751 
2.7 150 58766 
3.01 150 58782 
3.07 150 58798 
2.78 150 58814 
3.48 150 58830 
3.45 150 58845 
2.98 150 58861 
2.73 150 58877 
0.04 150 58893 
3.14 150 58909 
3.26 150 58924 
3.39 150 58940 
3.49 150 58956 
3.57 150 58972 
3.42 150 58988 
3.38 150 59003 
3.66 150 59019 
3.73 150 59035 
3.45 150 59051 
3.42 150 59067 
3.7 150 59082 
4.01 150 59098 
4.02 150 59114 
3.89 150 59130 
4.25 150 59146 
4.2 150 59161 
4.35 150 59177 
4.43 150 59193 
4.61 150 59209 
4.87 150 59225 
4.85 150 59240 
4.04 150 59256 
4.12 150 59272 
4.69 150 59288 
4.87 150 59304 
4.75 150 59319 
4.75 150 59335 
4.87 150 59351 
4.97 150 59367 
5.01 150 59383 
5.16 150 59399 
5.07 150 59414 
5.15 150 59430 
5.21 150 59446 
5.05 150 59462 
5.18 150 59478 
5.14 150 59493 
4.94 150 59509 
5.37 150 59525 
5.65 150 59541 
5.62 150 59557 
5.46 150 59572 
5.41 150 59588 
5.79 150 59604 
5.71 150 59620 
5.83 150 59635 
6.02 150 59651 
6.13 150 59667 
6.47 150 59683 
6.67 150 59699 
6.43 150 59714 
6.23 150 59730 
5.99 150 59746 
6.07 150 59762 
6.09 150 59778 
6.43 150 59793 
6.56 150 59809 
6.61 150 59825 
6.57 150 59841 
6.64 150 59857 
6.77 150 59873 
7.03 150 59888 
6.92 150 59904 
6.84 150 59920 
6.96 150 59936 
7.33 150 59952 
7.29 150 59967 
7.1 150 59983 
7.35 150 59999 
7.44 150 60015 
7.51 150 60031 
7.86 150 60046 
7.97 150 60062 
7.94 150 60078 
7.67 150 60094 
7.96 150 60110 
8.24 150 60125 
8.16 150 60141 
8.07 150 60157 
8.35 150 60173 
8.73 150 60189 
8.68 150 60204 
8.41 150 60220 
8.4 150 60236 
8.79 150 60252 
8.39 150 60268 
8.38 150 60283 
9.02 150 60299 
9.07 150 60315 
9.11 150 60331 
9.12 150 60347 
9.35 150 60362 
9.4 150 60378 
9.33 150 60394 
9.44 150 60410 
9.59 150 60426 
9.54 150 60441 
8.83 150 60457 
8.88 150 60473 
9.68 150 60489 
9.98 150 60505 
9.79 150 60520 
9.59 150 60536 
9.58 150 60552 
10.11 150 60568 
9.94 150 60584 
9.55 150 60599 
9.98 150 60615 
10.37 150 60631 
10.49 150 60647 
10.75 150 60663 
10.66 150 60678 
10.58 150 60694 
10.56 150 60710 
10.12 150 60726 
10.43 150 60742 
11.03 150 60757 
10.95 150 60773 
10.58 150 60789 
10.59 150 60805 
11.58 150 60821 
11.63 150 60836 
10.91 150 60852 
11.46 150 60868 
11.94 150 60884 
11.78 150 60900 
11.71 150 60915 
11.78 150 60931 
12.05 150 60947 
11.98 150 60963 
11.8 150 60979 
12.05 150 60994 
12.35 150 61010 
12.36 150 61026 
11.84 150 61042 
12.05 150 61058 
12.3 150 61073 
12.45 150 61089 
12.76 150 61105 
12.89 150 61121 
12.66 150 61137 
12.41 150 61152 
12.6 150 61168 
12.99 150 61184 
12.65 150 61200 
13.09 150 61216 
13.01 150 61231 
12.53 150 61247 
12.95 150 61263 
13.14 150 61279 
13.09 150 61295 
13.42 150 61310 
13.85 150 61326 
14.03 150 61342 
13.78 150 61358 
13.59 150 61374 
13.68 150 61389 
14.01 150 61405 
13.87 150 61421 
13.48 150 61437 
13.57 150 61453 
13.9 150 61468 
13.91 150 61484 
14.19 150 61500 
14.25 150 61516 
14.16 150 61532 
14.05 150 61547 
14.23 150 61563 
14.52 150 61579 
14.59 150 61595 
14.3 150 61611 
14.42 150 61626 
14.73 150 61642 
14.92 150 61658 
14.74 150 61674 
14.98 150 61690 
14.98 150 61705 
14.8 150 61721 
15.21 150 61737 
15.5 150 61753 
15.19 150 61769 
15.09 150 61784 
15.38 150 61800 
15.82 150 61816 
15.82 150 61832 
16.05 150 61848 
15.51 150 61863 
15.04 150 61879 
15.31 150 61895 
16.51 150 61911 
16.3 150 61927 
15.96 150 61942 
16.21 150 61958 
16.38 150 61974 
16.44 150 61990 
16.42 150 62006 
16.86 150 62021 
16.87 150 62037 
16.83 150 62053 
16.7 150 62069 
16.74 150 62085 
17.09 150 62100 
17.17 150 62116 
16.96 150 62132 
16.99 150 62148 
17.37 150 62164 
17.49 150 62179 
17.56 150 62195 
17.56 150 62211 
17.7 150 62227 
17.98 150 62243 
18.07 150 62258 
18.28 150 62274 
18.39 150 62290 
18.31 150 62306 
18.11 150 62322 
18.3 150 62337 
18.37 150 62353 
18.79 150 62369 
19.1 150 62385 
18.85 150 62401 
18.73 150 62416 
18.82 150 62432 
18.52 150 62448 
18.88 150 62464 
19.22 150 62480 
19.26 150 62495 
19.25 150 62511 
19.39 150 62527 
19.64 150 62543 
19.6 150 62559 
19.61 150 62574 
19.7 150 62590 
19.82 150 62606 
19.99 150 62622 
19.77 150 62638 
19.51 150 62653 
19.94 150 62669 
20.7 150 62685 
20.21 150 62701 
20.17 150 62717 
20.73 150 62732 
20.93 150 62748 
20.75 150 62764 
20.62 150 62780 
20.56 150 62796 
20.67 150 62811 
20.95 150 62827 
21.09 150 62843 
21.25 150 62859 
21.52 150 62874 
21.44 150 62890 
21.46 150 62906 
21.44 150 62922 
21.66 150 62938 
21.71 150 62953 
21.59 150 62969 
21.82 150 62985 
22.37 150 63001 
22.38 150 63017 
22.26 150 63032 
22.39 150 63048 
22.46 150 63064 
22.71 150 63080 
22.95 150 63096 
22.82 150 63111 
22.87 150 63127 
23.14 150 63143 
23.09 150 63159 
23.38 150 63175 
23.63 150 63190 
23.53 150 63206 
23.6 150 63222 
23.66 150 63238 
23.85 150 63254 
23.81 150 63269 
23.81 150 63285 
24.34 150 63301 
24.72 150 63317 
24.43 150 63333 
24.12 150 63348 
24.32 150 63364 
24.74 150 63380 
24.6 150 63396 
24.62 150 63412 
25.03 150 63427 
25.46 150 63443 
25.4 150 63459 
24.99 150 63475 
25.44 150 63491 
25.65 150 63506 
25.74 150 63522 
25.69 150 63538 
25.82 150 63554 
26.28 150 63570 
26.38 150 63585 
26.05 150 63601 
26.2 150 63617 
26.59 150 63633 
26.62 150 63649 
26.5 150 63664 
26.64 150 63680 
27.05 150 63696 
27 150 63712 
26.9 150 63728 
27.04 150 63743 
27.31 150 63759 
27.46 150 63775 
27.32 150 63791 
27.45 150 63807 
27.9 150 63822 
28.1 150 63838 
27.7 150 63854 
27.38 150 63870 
27.21 150 63886 
27.62 150 63901 
27.97 150 63917 
28.01 150 63933 
28.35 150 63949 
28.58 150 63965 
28.44 150 63980 
28.71 150 63996 
28.98 150 64012 
28.69 150 64028 
28.75 150 64044 
29.45 150 64059 
29.61 150 64075 
29.4 150 64091 
29.1 150 64107 
29.17 150 64123 
29.24 150 64138 
29.63 150 64154 
29.64 150 64170 
29.36 150 64186 
29.46 150 64202 
29.91 150 64217 
30.08 150 64233 
30.25 150 64249 
30.84 150 64265 
30.98 150 64281 
30.07 150 64296 
30.4 150 64312 
30.99 150 64328 
31.38 150 64344 
31.41 150 64360 
31.53 150 64375 
31.56 150 64391 
31.03 150 64407 
30.75 150 64423 
30.75 150 64439 
31.58 150 64454 
31.37 150 64470 
31.12 150 64486 
32.07 150 64502 
32 150 64518 
31.77 150 64533 
31.64 150 64549 
31.85 150 64565 
32.25 150 64581 
32.53 150 64597 
32.56 150 64612 
32.68 150 64628 
32.56 150 64644 
32.52 150 64660 
32.54 150 64676 
32.29 150 64691 
32.46 150 64707 
32.79 150 64723 
32.78 150 64739 
32.61 150 64755 
32.78 150 64771 
33.29 150 64786 
33.18 150 64802 
33.33 150 64818 
33.42 150 64834 
33.59 150 64850 
33.9 150 64865 
34.04 150 64881 
33.35 150 64897 
33.9 150 64913 
33.95 150 64929 
33.66 150 64944 
33.94 150 64960 
34.51 150 64976 
34.86 150 64992 
34.35 150 65008 
34.62 150 65023 
35.23 150 65039 
35.64 150 65055 
35.24 150 65071 
35.29 150 65087 
35.6 150 65102 
35.98 150 65118 
35.59 150 65134 
35.89 150 65150 
36.32 150 65166 
36.61 150 65181 
36.58 150 65197 
36.28 150 65213 
36.85 150 65229 
36.95 150 65245 
36.87 150 65260 
37.03 150 65276 
37.11 150 65292 
37.52 150 65308 
37.36 150 65324 
37.74 150 65339 
38.06 150 65355 
38.03 150 65371 
37.73 150 65387 
38.06 150 65403 
38.2 150 65418 
38.59 150 65434 
38.02 150 65450 
38.33 150 65466 
38.64 150 65482 
38.68 150 65497 
38.64 150 65513 
38.58 150 65529 
38.7 150 65545 
38.94 150 65561 
38.85 150 65576 
39.06 150 65592 
39.37 150 65608 
39.69 150 65624 
39.71 150 65640 
39.47 150 65655 
39.8 150 65671 
40.08 150 65687 
40.43 150 65703 
40.23 150 65719 
40.29 150 65734 
40.91 150 65750 
40.92 150 65766 
40.77 150 65782 
41.06 150 65798 
41.85 150 65813 
42.03 150 65829 
41.71 150 65845 
42.1 150 65861 
42.26 150 65877 
41.54 150 65892 
41.4 150 65908 
41.82 150 65924 
42.58 150 65940 
42.76 150 65956 
42.45 150 65971 
42.59 150 65987 
43.02 150 66003 
42.83 150 66019 
43.12 150 66035 
43.32 150 66050 
43.6 150 66066 
43.88 150 66082 
44.18 150 66098 
44.4 150 66114 
44.14 150 66129 
44.36 150 66145 
44.3 150 66161 
44.08 150 66177 
44.47 150 66193 
44.61 150 66208 
44.44 150 66224 
44.83 150 66240 
45.05 150 66256 
45.52 150 66272 
45.51 150 66287 
45.49 150 66303 
45.68 150 66319 
45.84 150 66335 
45.47 150 66351 
45.6 150 66366 
45.93 150 66382 
46.05 150 66398 
46.14 150 66414 
46.13 150 66430 
46.49 150 66445 
46.81 150 66461 
47.05 150 66477 
46.95 150 66493 
47.3 150 66509 
47.51 150 66524 
47.42 150 66540 
47.79 150 66556 
48.5 150 66572 
48.65 150 66588 
48.47 150 66603 
48.49 150 66619 
48.59 150 66635 
48.82 150 66651 
48.71 150 66667 
48.88 150 66682 
49.25 150 66698 
49.48 150 66714 
49.52 150 66730 
49.47 150 66746 
49.6 150 66761 
49.79 150 66777 
49.78 150 66793 
49.57 150 66809 
49.7 150 66825 
49.79 150 66840 
49.84 150 66856 
49.83 150 66872 
50.23 150 66888 
50.52 150 66904 
50.64 150 66919 
50.48 150 66935 
50.65 150 66951 
51.06 150 66967 
51.39 150 66983 
51.27 150 66998 
51.4 150 67014 
51.85 150 67030 
51.96 150 67046 
51.85 150 67062 
52 150 67077 
52.53 150 67093 
52.65 150 67109 
52.31 150 67125 
52.31 150 67141 
52.81 150 67156 
53.19 150 67172 
52.88 150 67188 
53.07 150 67204 
53.32 150 67220 
53.6 150 67235 
53.57 150 67251 
53.45 150 67267 
53.82 150 67283 
53.85 150 67299 
53.93 150 67314 
54.15 150 67330 
54.42 150 67346 
54.4 150 67362 
54.12 150 67378 
53.89 150 67393 
54.82 150 67409 
55.35 150 67425 
55.13 150 67441 
55.32 150 67457 
55.46 150 67472 
55.5 150 67488 
55.67 150 67504 
55.88 150 67520 
55.97 150 67536 
56.54 150 67551 
56.5 150 67567 
56.48 150 67583 
56.79 150 67599 
56.13 150 67615 
56.56 150 67630 
57.31 150 67646 
57.36 150 67662 
57.67 150 67678 
57.91 150 67694 
58.09 150 67709 
58.21 150 67725 
58.25 150 67741 
58.14 150 67757 
58.41 150 67773 
58.84 150 67788 
58.89 150 67804 
58.8 150 67820 
59.1 150 67836 
59.2 150 67852 
59.76 150 67867 
59.42 150 67883 
59.27 150 67899 
59.81 150 67915 
60.28 150 67931 
60.13 150 67946 
60.25 150 67962 
60.6 150 67978 
61.01 150 67994 
60.95 150 68010 
60.61 150 68025 
61.15 150 68041 
61.48 150 68057 
61.42 150 68073 
61.43 150 68089 
62.13 150 68104 
62.29 150 68120 
62.26 150 68136 
62.25 150 68152 
62.63 150 68168 
63.22 150 68183 
63.1 150 68199 
63.51 150 68215 
64.07 150 68231 
63.98 150 68247 
63.79 150 68262 
63.98 150 68278 
64.2 150 68294 
64.47 150 68310 
64.65 150 68326 
64.76 150 68341 
64.96 150 68357 
65.34 150 68373 
65.43 150 68389 
65.27 150 68405 
65.59 150 68420 
66.12 150 68436 
66.08 150 68452 
65.88 150 68468 
66.2 150 68484 
66.61 150 68499 
66.88 150 68515 
66.81 150 68531 
66.9 150 68547 
67.25 150 68563 
67.68 150 68578 
67.35 150 68594 
67.39 150 68610 
67.93 150 68626 
68.43 150 68642 
68.54 150 68657 
68.73 150 68673 
69.22 150 68689 
69.37 150 68705 
68.82 150 68721 
69.38 150 68736 
70.02 150 68752 
70.17 150 68768 
69.93 150 68784 
69.65 150 68800 
70.14 150 68815 
70.7 150 68831 
70.62 150 68847 
70.28 150 68863 
70.91 150 68879 
71.2 150 68894 
71.16 150 68910 
71.61 150 68926 
71.63 150 68942 
72.13 150 68958 
71.63 150 68973 
71.4 150 68989 
72.44 150 69005 
72.49 150 69021 
72.3 150 69037 
72.58 150 69052 
73.04 150 69068 
73.18 150 69084 
73.31 150 69100 
73.13 150 69116 
73.19 150 69131 
73.39 150 69147 
73.75 150 69163 
74.19 150 69179 
74.73 150 69195 
74.92 150 69210 
74.72 150 69226 
74.7 150 69242 
75.01 150 69258 
75.26 150 69274 
75.31 150 69290 
75.47 150 69305 
75.69 150 69321 
76.24 150 69337 
76.05 150 69353 
76.19 150 69369 
76.44 150 69384 
76.25 150 69400 
76.44 150 69416 
76.35 150 69432 
76.74 150 69448 
76.84 150 69463 
77.05 150 69479 
77.11 150 69495 
77.42 150 69511 
77.69 150 69527 
77.62 150 69542 
78.12 150 69558 
78.42 150 69574 
78.85 150 69590 
78.84 150 69606 
78.82 150 69621 
79.08 150 69637 
79.61 150 69653 
79.61 150 69669 
79.52 150 69684 
79.69 150 69700 
79.81 150 69716 
80.34 150 69732 
80.18 150 69748 
80.37 150 69764 
80.34 150 69779 
80.85 150 69795 
81.18 150 69811 
81.22 150 69827 
81.53 150 69843 
82.07 150 69858 
82.21 150 69874 
82.43 150 69890 
82.85 150 69906 
83.49 150 69922 
83.5 150 69937 
82.9 150 69953 
83.22 150 69969 
83.57 150 69985 
83.65 150 70001 
83.12 150 70016 
83.4 150 70032 
83.64 150 70048 
83.33 150 70064 
83.76 150 70080 
84.29 150 70095 
84.36 150 70111 
84.48 150 70127 
84.77 150 70143 
85.11 150 70159 
85.07 150 70174 
85.62 150 70190 
85.67 150 70206 
86.15 150 70222 
86.38 150 70238 
86.48 150 70253 
86.34 150 70269 
86.61 150 70285 
87.06 150 70301 
87.47 150 70317 
87.35 150 70332 
87.55 150 70348 
87.42 150 70364 
87.4 150 70380 
87.78 150 70396 
88.36 150 70411 
88.31 150 70427 
88.22 150 70443 
88.14 150 70459 
88.72 150 70475 
89.2 150 70490 
89.08 150 70506 
89.36 150 70522 
89.59 150 70538 
89.46 150 70554 
89.73 150 70569 
89.78 150 70585 
90.26 150 70601 
90.34 150 70617 
90.33 150 70633 
90.24 150 70648 
90.48 150 70664 
91.12 150 70680 
91.23 150 70696 
91.03 150 70712 
90.99 150 70727 
91.75 150 70743 
91.94 150 70759 
92.07 150 70775 
92.21 150 70791 
92.88 150 70806 
93.04 150 70822 
92.89 150 70838 
93.13 150 70854 
93.6 150 70870 
93.71 150 70885 
94.01 150 70901 
94.36 150 70917 
94.62 150 70933 
94.65 150 70949 
94.37 150 70964 
94.63 150 70980 
95.04 150 70996 
95.48 150 71012 
95.52 150 71028 
95.66 150 71043 
95.87 150 71059 
96.33 150 71075 
96.55 150 71091 
96.65 150 71107 
97.2 150 71122 
97.52 150 71138 
97.57 150 71154 
98.06 150 71170 
98.48 150 71186 
98.08 150 71201 
98.39 150 71217 
98.49 150 71233 
99.11 150 71249 
99.92 150 71265 
99.91 150 71280 
100.37 150 71296 
100.62 150 71312 
100.42 150 71328 
100.58 150 71344 
100.8 150 71359 
101.04 150 71375 
101.54 150 71391 
101.72 150 71407 
101.66 150 71423 
102.29 150 71438 
102.41 150 71454 
102.41 150 71470 
102.9 150 71486 
103.44 150 71502 
103.64 150 71517 
103.59 150 71533 
103.91 150 71549 
104.32 150 71565 
104.91 150 71581 
104.74 150 71596 
104.72 150 71612 
105.24 150 71628 
105.49 150 71644 
105.47 150 71660 
105.48 150 71675 
105.95 150 71691 
105.98 150 71707 
106.17 150 71723 
106.59 150 71739 
107.03 150 71754 
107.09 150 71770 
107.1 150 71786 
107.31 150 71802 
107.63 150 71818 
107.87 150 71833 
108.01 150 71849 
108.24 150 71865 
109.02 150 71881 
108.84 150 71897 
108.77 150 71897 
109.05 150 71897 
109.51 150 71897 
109.81 150 71897 
109.51 150 71897 
109.29 150 71897 
109.32 150 71897 
109.29 150 71897 
109.28 150 71897 
109.22 150 71897 
109.21 150 71897 
109.39 150 71897 
109.27 150 71897 
109.24 150 71897 
109.27 150 71897 
109.32 150 71897 
109.42 150 71897 
109.08 150 71897 
108.96 150 71897 
109.06 150 71897 
109.31 150 71897 
109.26 150 71897 
109.23 150 71897 
109.05 150 71897 
108.99 150 71897 
108.92 150 71897 
109.01 150 71897 
109.13 150 71897 
108.72 150 71897 
108.68 150 71897 
108.92 150 71897 
108.82 150 71897 
108.85 150 71897 
109.26 150 71897 
109.36 150 71897 
109.45 150 71897 
109.33 150 71897 
109.23 150 71897 
109.09 150 71897 
108.91 150 71897 
109.08 150 71897 
109.06 150 71897 
108.93 150 71897 
108.9 150 71897 
108.92 150 71897 
108.91 150 71897 
108.96 150 71897 
108.98 150 71897 
108.83 150 71897 
108.55 150 71897 
108.73 150 71897 
108.64 150 71897 
108.42 150 71897 
108.89 150 71897 
108.86 150 71897 
108.71 150 71897 
108.72 150 71897 
108.72 150 71897 
108.5 150 71897 
108.72 150 71897 
108.69 150 71897 
108.54 150 71897 
108.82 150 71897 
108.89 150 71897 
108.69 150 71897 
108.9 150 71897 
108.87 150 71897 
108.38 150 71897 
108.24 150 71897 
108.46 150 71897 
108.47 150 71897 
108.63 150 71897 
108.47 150 71897 
108.31 150 71897 
108.57 150 71897 
108.62 150 71897 
108.38 150 71897 
108.44 150 71897 
108.36 150 71897 
108.38 150 71897 
108.38 150 71897 
108.54 150 71897 
108.65 150 71897 
108.61 150 71897 
108.39 150 71897 
108.49 150 71897 
108.75 150 71897 
108.55 150 71897 
108.54 150 71897 
108.6 150 71897 
108.63 150 71897 
108.1 150 71897 
108.34 150 71897 
108.48 150 71897 
108.22 150 71897 
108.23 150 71897 
108.15 150 71897 
108.26 150 71897 
108.34 150 71897 
108.71 150 71897 
108.48 150 71897 
108.38 150 71897 
108.55 150 71897 
108.46 150 71897 
108.31 150 71897 
108.31 150 71897 
108.2 150 71897 
108.25 150 71897 
108.43 150 71897 
108.29 150 71897 
108.17 150 71897 
108.15 150 71897 
108.1 150 71897 
108.04 150 71897 
108.18 150 71897 
108.6 150 71897 
108.56 150 71897 
108.58 150 71897 
108.38 150 71897 
108.38 150 71897 
108.45 150 71897 
108.6 150 71897 
108.25 150 71897 
108.32 150 71897 
108.37 150 71897 
108.13 150 71897 
108.03 150 71897 
108.28 150 71897 
108.18 150 71897 
108.23 150 71897 
108.24 150 71897 
108.23 150 71897 
108.33 150 71897 
108.08 150 71897 
108.4 150 71897 
108.82 150 71897 
108.71 150 71897 
108.94 150 71897 
109.01 150 71897 
108.89 150 71897 
108.71 150 71897 
108.31 150 71897 
108.31 150 71897 
108.52 150 71897 
108.26 150 71897 
108.01 150 71897 
108.28 150 71897 
108.34 150 71897 
108.43 150 71897 
108.5 150 71897 
108.58 150 71897 
108.25 150 71897 
107.87 150 71897 
108.22 150 71897 
108.42 150 71897 
108.35 150 71897 
108.21 150 71897 
108.18 150 71897 
108.39 150 71897 
108.57 150 71897 
108.51 150 71897 
108.28 150 71897 
108.02 150 71897 
108.09 150 71897 
108.09 150 71897 
107.92 150 71897 
108.19 150 71897 
108.18 150 71897 
108.13 150 71897 
108.23 150 71897 
108.4 150 71897 
108.49 150 71897 
108.08 150 71897 
108.32 150 71897 
108.38 150 71897 
108.13 150 71897 
108.07 150 71897 
108.33 150 71897 
108.37 150 71897 
108.31 150 71897 
108.42 150 71897 
108.19 150 71897 
108.3 150 71897 
108.38 150 71897 
108.09 150 71897 
108.11 150 71897 
108.19 150 71897 
108.15 150 71897 
107.92 150 71897 
108.08 150 71897 
108.15 150 71897 
108.09 150 71897 
108.03 150 71897 
108.18 150 71897 
108.34 150 71897 
108.13 150 71897 
108.09 150 71897 
108.6 150 71897 
108.76 150 71897 
108.36 150 71897 
108.31 150 71897 
108.22 150 71897 
108.02 150 71897 
108.05 150 71897 
108.04 150 71897 
108.11 150 71897 
108.62 150 71897 
108.39 150 71897 
108.27 150 71897 
108.33 150 71897 
107.92 150 71897 
108.12 150 71897 
108.44 150 71897 
108.11 150 71897 
108.2 150 71897 
108.27 150 71897 
107.93 150 71897 
108.09 150 71897 
108.56 150 71897 
108.13 150 71897 
108.06 150 71897 
108.13 150 71897 
108.1 150 71897 
108.18 150 71897 
108.4 150 71897 
108.06 150 71897 
108.17 150 71897 
108.17 150 71897 
107.86 150 71897 
107.94 150 71897 
107.93 150 71897 
108.03 150 71897 
108.24 150 71897 
108.23 150 71897 
107.89 150 71897 
108.06 150 71897 
107.89 150 71897 
108.05 150 71897 
108.3 150 71897 
108.06 150 71897 
108.06 150 71897 
108.04 150 71897 
108.01 150 71897 
107.87 150 71897 
107.99 150 71897 
108.09 150 71897 
108.15 150 71897 
108.26 150 71897 
108.29 150 71897 
108.19 150 71897 
108.2 150 71897 
108.26 150 71897 
108.12 150 71897 
108 150 71897 
107.77 150 71897 
107.82 150 71897 
108.02 150 71897 
108.16 150 71897 
107.99 150 71897 
107.71 150 71897 
107.86 150 71897 
107.68 150 71897 
107.37 150 71897 
107.63 150 71897 
107.99 150 71897 
107.98 150 71897 
107.9 150 71897 
108.01 150 71897 
108.05 150 71897 
108.08 150 71897 
107.85 150 71897 
107.85 150 71897 
107.75 150 71897 
107.82 150 71897 
108.14 150 71897 
108.22 150 71897 
108.31 150 71897 
108.39 150 71897 
108.23 150 71897 
108.07 150 71897 
108.24 150 71897 
108.11 150 71897 
107.53 150 71897 
107.73 150 71897 
108.18 150 71897 
108.21 150 71897 
108.03 150 71897 
108.01 150 71897 
108.04 150 71897 
108.21 150 71897 
108.4 150 71897 
108.41 150 71897 
107.94 150 71897 
108 150 71897 
108.41 150 71897 
107.89 150 71897 
107.75 150 71897 
108.1 150 71897 
107.94 150 71897 
107.86 150 71897 
107.98 150 71897 
107.91 150 71897 
107.84 150 71897 
108.09 150 71897 
107.84 150 71897 
108.05 150 71897 
108.12 150 71897 
108.06 150 71897 
108.12 150 71897 
108.12 150 71897 
108.13 150 71897 
107.88 150 71897 
108.11 150 71897 
107.85 150 71897 
107.84 150 71897 
107.99 150 71881 
108.2 150 71865 
108.49 150 71706 
107.68 150 71542 
105.54 150 71379 
103.05 150 71216 
100.72 150 71053 
98.26 150 70889 
95.45 150 70726 
92.84 150 70563 
90.56 150 70400 
88.62 150 70236 
86.61 150 70073 
84.68 150 69910 
82.71 150 69746 
80.6 150 69583 
78.73 150 69420 
76.68 150 69257 
75.17 150 69093 
73.5 150 68930 
71.98 150 68767 
70.33 150 68604 
68.37 150 68440 
66.58 150 68277 
64.93 150 68114 
62.69 150 67951 
60.67 150 67787 
59.01 150 67624 
57.2 150 67461 
55.64 150 67298 
54.2 150 67134 
53.01 150 66971 
51.3 150 66808 
49.56 150 66645 
48.11 150 66482 
46.9 150 66318 
45.61 150 66155 
44.29 150 65992 
43.09 150 65829 
41.54 150 65665 
40.11 150 65502 
39.09 150 65339 
37.7 150 65175 
36.62 150 65012 
35.75 150 64849 
34.41 150 64686 
33.06 150 64523 
31.6 150 64359 
30.47 150 64196 
29.42 150 64033 
28.6 150 63870 
27.51 150 63707 
26.42 150 63543 
25.67 150 63380 
24.38 150 63217 
23.23 150 63053 
22.49 150 62890 
21.77 150 62727 
20.94 150 62564 
19.92 150 62400 
18.98 150 62237 
17.91 150 62074 
17.16 150 61911 
16.04 150 61748 
15.42 150 61584 
14.61 150 61421 
13.75 150 61258 
13.1 150 61095 
12.51 150 60931 
12 150 60768 
11.3 150 60605 
10.56 150 60441 
10.1 150 60278 
9.21 150 60115 
8.27 150 59952 
7.43 150 59789 
6.65 150 59625 
5.8 150 59462 
5.29 150 59299 
4.95 150 59136 
4.55 150 58972 
3.92 150 58809 
3.23 150 58646 
2.82 150 58483 
2.63 150 58319 
2.61 150 58156 
1.96 150 57993 
1.42 150 57829 
1.41 150 57666 
1.13 150 57503 
1.08 150 57340 
0.56 150 57176 
0.49 150 57013 
0.16 150 56850 
-0.06 150 56687 
-0.23 150 56523 
-0.26 150 56360 
-0.58 150 56197 
-0.53 150 56034 
-0.46 150 55870 
-0.75 150 55707 
-0.64 150 55544 
-0.37 150 55381 
-0.22 150 55217 
-0.31 150 55054 
-0.46 150 54891 
-0.36 150 54728 
-0.34 150 54564 
-0.4 150 54401 
-0.58 150 54238 
-0.37 150 54075 
-0.53 150 53911 
-0.75 150 53748 
-0.54 150 53585 
-0.31 150 53422 
-0.59 150 53259 
-0.93 150 53095 
-0.46 150 52932 
-0.25 150 52769 
-0.18 150 52606 
-0.19 150 52443 
-0.37 150 52279 
-0.2 150 52116 
-0.16 150 51953 
-0.42 150 51789 
-0.92 150 51626 
-0.69 150 51463 
-0.33 150 51300 
-0.29 150 51137 
-0.45 150 50973 
-0.69 150 50810 
-0.43 150 50647 
-0.22 150 50484 
-0.31 150 50320 
-0.22 150 50157 
-0.36 150 49994 
-0.64 150 49831 
-0.79 150 49667 
-0.58 150 49504 
-0.75 150 49341 
-0.84 150 49177 
-0.63 150 49014 
-0.32 150 48851 
-0.12 150 48688 
-0.45 150 48525 
-0.53 150 48361 
-0.23 150 48198 
-0.06 150 48035 
-0.11 150 47872 
-0.36 150 47708 
-0.86 150 47545 
-0.75 150 47382 
-0.62 150 47219 
-0.59 150 47056 
-0.32 150 46892 
-0.7 150 46729 
-0.54 150 46566 
-0.4 150 46402 
-0.48 150 46239 
-0.36 150 46076 
-0.23 150 45912 
-0.55 150 45749 
-0.66 150 45586 
-0.46 150 45423 
-0.27 150 45259 
-0.31 150 45096 
-0.51 150 44933 
-0.42 150 44770 
-0.34 150 44606 
-0.72 150 44443 
-0.49 150 44280 
-0.86 150 44116 
-1 150 43953 
-0.23 150 43790 
-0.6 150 43627 
-0.7 150 43463 
-0.64 150 43300 
-0.54 150 43137 
-0.18 150 42974 
-0.3 150 42810 
-0.38 150 42647 
-0.54 150 42484 
-0.65 150 42320 
-0.3 150 42157 
-0.29 150 41994 
-0.57 150 41831 
-0.63 150 41667 
-0.44 150 41504 
-0.52 150 41341 
-0.77 150 41177 
-0.69 150 41014 
-0.89 150 40851 
-0.88 150 40688 
-0.43 150 40524 
-0.36 150 40361 
-0.6 150 40198 
-0.46 150 40034 
-0.64 150 39871 
-0.51 150 39708 
-0.55 150 39545 
-0.6 150 39381 
-0.49 150 39218 
-0.53 150 39055 
-0.37 150 38892 
-0.33 150 38729 
-0.62 150 38565 
-0.38 150 38402 
-0.28 150 38239 
-0.56 150 38075 
-0.5 150 37912 
-0.47 150 37749 
-0.7 150 37585 
-0.64 150 37422 
-0.59 150 37259 
-0.58 150 37096 
-0.51 150 36933 
-0.48 150 36769 
-0.62 150 36606 
-0.69 150 36443 
-0.21 150 36280 
-0.16 150 36116 
-0.63 150 35953 
-0.52 150 35790 
-0.74 150 35627 
-0.52 150 35463 
-0.43 150 35300 
-0.32 150 35137 
-0.62 150 34974 
-0.79 150 34810 
-0.44 150 34647 
-0.23 150 34484 
-0.45 150 34321 
-0.46 150 34157 
-0.69 150 33994 
-0.28 150 33831 
-0.38 150 33668 
-0.44 150 33504 
-0.41 150 33341 
-0.54 150 33178 
-0.38 150 33015 
-0.51 150 32851 
-0.43 150 32688 
-0.39 150 32525 
-0.58 150 32361 
-0.65 150 32198 
-0.79 150 32035 
-0.91 150 31872 
-0.49 150 31708 
-0.62 150 31545 
-0.92 150 31382 
-0.55 150 31218 
-0.32 150 31055 
-0.07 150 30892 
-0.36 150 30729 
-0.46 150 30566 
-0.54 150 30402 
-1.03 150 30239 
-0.83 150 30076 
-0.42 150 29913 
-0.34 150 29749 
-0.32 150 29586 
-0.39 150 29423 
-0.79 150 29259 
-0.91 150 29096 
-0.7 150 28933 
-0.41 150 28770 
-0.56 150 28607 
-0.55 150 28443 
-0.54 150 28280 
-0.54 150 28117 
-0.59 150 27954 
-0.66 150 27790 
-0.4 150 27627 
-0.22 150 27464 
-0.45 150 27301 
-0.65 150 27137 
-0.58 150 26974 
-0.37 150 26811 
-0.23 150 26648 
-0.35 150 26484 
-0.41 150 26321 
-0.32 150 26158 
-0.46 150 25994 
-0.44 150 25831 
-0.63 150 25668 
-0.41 150 25505 
-0.42 150 25341 
-0.43 150 25178 
-0.37 150 25015 
-0.57 150 24852 
-0.58 150 24688 
-0.58 150 24525 
-0.35 150 24362 
-0.59 150 24199 
-0.71 150 24035 
-0.67 150 23872 
-0.26 150 23709 
-0.45 150 23545 
-0.53 150 23382 
-0.69 150 23219 
-0.29 150 23056 
-0.35 150 22892 
-0.31 150 22729 
-0.06 150 22566 
0.01 150 22402 
-0.08 150 22239 
-0.15 150 22076 
-0.18 150 21913 
-0.17 150 21749 
-0.27 150 21586 
-0.3 150 21423 
-0.32 150 21259 
-0.1 150 21096 
0.05 150 20933 
-0.18 150 20770 
-0.26 150 20606 
-0.12 150 20443 
-0.41 150 20280 
-0.27 150 20117 
-0.16 150 20113 
0 150 20113 
-0.5 150 20113 
-1.07 150 20113 
-0.77 150 20113 
-0.69 150 20113 
-1.18 150 20113 
-1.03 150 20113 
-0.35 150 20113 
-0.13 150 20113 
-0.47 150 20113 
-1.03 150 20113 
-0.78 150 20113 
-0.66 150 20113 
-0.88 150 20113 
-0.66 150 20113 
-0.5 150 20113 
-0.41 150 20113 
-0.45 150 20113 
-0.62 150 20113 
-0.44 150 20113 
-0.76 150 20113 
-0.87 150 20113 
-0.81 150 20113 
-0.31 150 20113 
-0.29 150 20113 
-0.72 150 20113 
-0.75 150 20113 
-0.55 150 20113 
-0.47 150 20113 
-0.65 150 20113 
-0.7 150 20113 
-0.75 150 20113 
-0.54 150 20113 
-0.68 150 20113 
-0.67 150 20113 
-0.59 150 20113 
-0.65 150 20113 
-0.54 150 20113 
-0.49 150 20113 
-0.3 150 20113 
-0.62 150 20113 
-0.66 150 20113 
-0.86 150 20113 
-0.74 150 20113 
-0.46 150 20113 
-0.49 150 20113 
-0.23 150 20113 
-0.34 150 20113 
-0.54 150 20113 
-0.57 150 20113 
-0.68 150 20113 
-0.65 150 20113 
-0.59 150 20113 
-0.67 150 20113 
-0.51 150 20113 
-0.44 150 20113 
-0.39 150 20113 
-0.5 150 20113 
-0.84 150 20113 
-0.77 150 20113 
-0.56 150 20113 
-0.67 150 20113 
-0.69 150 20113 
-0.7 150 20113 
-0.64 150 20113 
-0.68 150 20113 
-0.84 150 20113 
-1.09 150 20113 
-0.78 150 20113 
-0.59 150 20113 
-0.56 150 20113 
-0.52 150 20113 
-0.61 150 20113 
-0.48 150 20113 
-0.36 150 20113 
-0.49 150 20113 
-0.52 150 20113 
-0.69 150 20113 
-0.44 150 20113 
-0.55 150 20113 
-0.79 150 20113 
-1.09 150 20113 
-1.36 150 20113 
-0.83 150 20113 
-0.8 150 20113 
-0.98 150 20113 
-0.9 150 20113 
-1.14 150 20113 
-0.46 150 20113 
-0.34 150 20113 
-0.84 150 20113 
-1.04 150 20113 
-0.92 150 20113 
-0.64 150 20113 
-0.71 150 20113 
-0.72 150 20113 
-0.44 150 20113 
-0.35 150 20113 
-0.54 150 20113 
-0.45 150 20113 
-0.56 150 20113 
-0.9 150 20113 
-0.88 150 20113 
-0.64 150 20113 
-0.48 150 20113 
-0.3 150 20113 
-0.25 150 20113 
-0.37 150 20113 
-0.66 150 20113 
-0.62 150 20113 
-0.6 150 20113 
-0.5 150 20113 
-0.69 150 20113 
-0.75 150 20113 
-0.81 150 20113 
-1 150 20113 
-0.75 150 20113 
-0.47 150 20113 
-0.76 150 20113 
-0.41 150 20113 
-0.96 150 20113 
-0.84 150 20113 
-0.27 150 20113 
-0.84 150 20113 
-0.97 150 20113 
-0.64 150 20113 
-0.4 150 20113 
-0.57 150 20113 
-0.65 150 20113 
-0.54 150 20113 
-0.4 150 20113 
-0.67 150 20113 
-0.73 150 20113 
-0.5 150 20113 
-0.91 150 20113 
-0.69 150 20113 
-0.62 150 20113 
-0.74 150 20113 
-0.7 150 20113 
-0.63 150 20113 
-0.75 150 20113 
-0.61 150 20113 
-0.51 150 20113 
-0.42 150 20113 
-0.65 150 20113 
-0.65 150 20113 
-0.61 150 20113 
-0.59 150 20113 
-0.72 150 20113 
-0.79 150 20113 
-0.42 150 20113 
-0.24 150 20113 
-0.22 150 20113 
-0.6 150 20113 
-0.37 150 20113 
-0.41 150 20113 
-0.82 150 20113 
-0.83 150 20113 
-0.79 150 20113 
-0.49 150 20113 
-0.37 150 20113 
-0.22 150 20113 
-0.22 150 20113 
-0.23 150 20113 
-0.67 150 20113 
-0.78 150 20113 
-0.57 150 20113 
-0.13 150 20113 
-0.26 150 20113 
-0.45 150 20113 
-0.7 150 20113 
-0.86 150 20113 
-0.65 150 20113 
-0.33 150 20113 
-0.45 150 20113 
-0.7 150 20113 
-0.95 150 20113 
-0.86 150 20113 
-0.43 150 20113 
-0.61 150 20113 
-0.62 150 20113 
-0.51 150 20113 
-0.63 150 20113 
-0.59 150 20113 
-0.69 150 20113 
-0.76 150 20113 
-0.52 150 20113 
-0.59 150 20113 
-0.67 150 20113 
-0.32 150 20113 
-0.27 150 20113 
-0.31 150 20113 
-0.34 150 20113 
-0.8 150 20113 
-0.61 150 20113 
-0.59 150 20113 
-0.48 150 20113 
-0.43 150 20113 
-0.46 150 20113 
-0.42 150 20113 
-0.14 150 20113 
-0.43 150 20113 
-0.78 150 20113 
-0.91 150 20113 
-0.95 150 20113 
-0.57 150 20113 
-0.25 150 20113 
-0.6 150 20113 
-0.84 150 20113 
-0.63 150 20113 
-0.62 150 20113 
-1.06 150 20113 
-1.1 150 20113 
-0.89 150 20113 
-0.5 150 20113 
-0.3 150 20113 
-0.87 150 20113 
-1.02 150 20113 
-0.86 150 20113 
-0.85 150 20113 
-0.82 150 20113 
-0.62 150 20113 
-0.22 150 20113 
-0.3 150 20113 
-0.54 150 20113 
-0.44 150 20113 
-0.81 150 20113 
-0.28 150 20113 
-0.4 150 20113 
-0.18 150 20113 
-0.36 150 20113 
-0.45 150 20113 
-0.48 150 20113 
-0.53 150 20113 
-0.5 150 20113 
-0.31 150 20113 
-0.39 150 20113 
-0.51 150 20113 
-0.33 150 20113 
-0.16 150 20113 
-0.32 150 20113 
-0.37 150 20113 
-0.42 150 20113 
-0.72 150 20113 
-0.68 150 20113 
-0.67 150 20113 
-0.63 150 20113 
-0.6 150 20113 
-0.66 150 20113 
-0.62 150 20113 
-0.83 150 20113 
-0.78 150 20113 
-0.39 150 20113 
-0.57 150 20113 
-1.01 150 20113 
-0.28 150 20113 
-0.48 150 20113 
-0.58 150 20113 
-0.7 150 20113 
-0.59 150 20113 
-0.71 150 20113 
-0.39 150 20113 
-0.36 150 20113 
-0.35 150 20113 
-0.24 150 20113 
-0.46 150 20113 
-0.42 150 20113 
-0.45 150 20113 
-0.56 150 20113 
-0.55 150 20113 
-0.52 150 20113 
-0.56 150 20113 
-0.82 150 20113 
-1.1 150 20113 
-0.52 150 20113 
-0.25 150 20113 
-0.57 150 20113 
-0.36 150 20113 
-0.24 150 20113 
-0.45 150 20113 
-0.75 150 20113 
-0.5 150 20113 
-0.17 150 20113 
-0.5 150 20113 
-0.97 150 20113 
-0.79 150 20113 
-0.59 150 20113 
-0.43 150 20113 
-0.48 150 20113 
-0.41 150 20113 
-0.45 150 20113 
-0.66 150 20113 
-1.01 150 20113 
-0.66 150 20113 
-0.6 150 20113 
-0.62 150 20113 
-0.61 150 20113 
-0.09 150 20113 
-0.08 150 20113 
-0.08 150 20113 
-0.26 150 20113 
-0.51 150 20113 
-0.53 150 20113 
-0.54 150 20113 
-0.45 150 20113 
-0.57 150 20113 
-0.52 150 20113 
-0.54 150 20113 
-0.15 150 20113 
-0.45 150 20113 
-0.58 150 20113 
-0.71 150 20113 
-0.73 150 20113 
-0.1 150 20113 
-0.45 150 20113 
-0.71 150 20113 
-0.8 150 20113 
-0.72 150 20113 
-0.62 150 20113 
-0.77 150 20113 
-0.31 150 20113 
-0.35 150 20113 
-0.41 150 20113 
-0.44 150 20113 
-0.5 150 20113 
-0.49 150 20113 
-0.51 150 20113 
-0.51 150 20113 
-0.41 150 20113 
-0.53 150 20113 
-0.47 150 20113 
-0.46 150 20113 
-0.22 150 20113 
-0.25 150 20113 
-0.29 150 20113 
-0.39 150 20113 
-0.66 150 20113 
-0.73 150 20113 
-0.38 150 20113 
-0.46 150 20113 
-0.94 150 20113 
-0.8 150 20113 
-0.65 150 20113 
-0.62 150 20113 
-0.57 150 20113 
-0.64 150 20113 
-0.84 150 20113 
-0.56 150 20113 
-0.78 150 20113 
-0.66 150 20113 
-0.19 150 20113 
-0.24 150 20113 
-0.47 150 20113 
-0.59 150 20113 
-0.45 150 20113 
-0.55 150 20113 
-0.67 150 20113 
-0.6 150 20113 
-0.4 150 20113 
-0.54 150 20113 
-0.52 150 20113 
-0.67 150 20113 
-0.6 150 20113 
-0.52 150 20113 
-0.75 150 20113 
-0.44 150 20113 
-0.78 150 20113 
-0.71 150 20113 
-0.72 150 20113 
-0.58 150 20113 
-0.31 150 20113 
-0.54 150 20113 
-0.71 150 20113 
-0.68 150 20113 
-0.68 150 20113 
-0.5 150 20113 
-0.34 150 20113 
-0.8 150 20113 
-0.8 150 20113 
-0.7 150 20113 
-0.76 150 20113 
-0.92 150 20113 
-0.79 150 20113 
-0.7 150 20113 
-0.93 150 20113 
-0.79 150 20113 
-0.3 150 20113 
-0.58 150 20113 
-0.94 150 20113 
-0.67 150 20113 
-0.58 150 20113 
-0.64 150 20113 
-0.54 150 20113 
-0.46 150 20113 
-0.59 150 20113 
-0.64 150 20113 
-0.39 150 20113 
-0.6 150 20113 
-0.35 150 20113 
-0.25 150 20113 
-0.78 150 20113 
-1.01 150 20113 
-0.94 150 20113 
-0.57 150 20113 
-0.68 150 20113 
-0.6 150 20113 
-0.71 150 20113 
-0.65 150 20113 
-0.39 150 20113 
-0.67 150 20113 
-0.7 150 20113 
-0.78 150 20113 
-0.94 150 20113 
-0.75 150 20113 
-0.58 150 20113 
-0.63 150 20113 
-0.65 150 20113 
-0.93 150 20113 
-0.92 150 20113 
-1.02 150 20113 
-0.99 150 20113 
-0.63 150 20113 
-0.65 150 20113 
-0.63 150 20113 
-0.55 150 20113 
-0.83 150 20113 
-0.93 150 20113 
-0.47 150 20113 
-0.62 150 20113 
-0.67 150 20113 
-0.53 150 20113 
-0.78 150 20113 
-1.12 150 20113 
-0.77 150 20113 
-0.79 150 20113 
-0.75 150 20113 
-0.61 150 20113 
-0.7 150 20113 
-0.28 150 20113 
-0.19 150 20113 
-0.57 150 20113 
-0.48 150 20113 
-0.58 150 20113 
-0.43 150 20113 
-0.47 150 20113 
-1.04 150 20113 
-1.26 150 20113 
-0.69 150 20113 
-0.4 150 20113 
-0.56 150 20113 
-0.77 150 20113 
-0.76 150 20113 
-0.49 150 20113 
-0.65 150 20113 
-0.65 150 20113 
-0.64 150 20113 
-0.8 150 20113 
-0.71 150 20113 
-0.83 150 20113 
-0.84 150 20113 
-0.83 150 20113 
-0.65 150 20113 
-0.66 150 20113 
-0.64 150 20113 
-0.65 150 20113 
-0.64 150 20113 
-0.38 150 20113 
-0.32 150 20113 
-0.94 150 20113 
-0.97 150 20113 
-0.9 150 20113 
-0.54 150 20113 
-0.46 150 20113 
-0.83 150 20113 
-0.87 150 20113 
-0.79 150 20113 
-0.75 150 20113 
-0.63 150 20113 
-0.7 150 20113 
-0.65 150 20113 
-0.79 150 20113 
-0.66 150 20113 
-0.72 150 20113 
-0.64 150 20113 
-0.73 150 20113 
-0.88 150 20113 
-1.21 150 20113 
-1.08 150 20113 
-0.72 150 20113 
-0.87 150 20113 
-0.9 150 20113 
-0.77 150 20113 
-0.53 150 20113 
-0.46 150 20113 
-0.35 150 20113 
-0.25 150 20113 
-0.71 150 20113 
-0.71 150 20113 
-0.8 150 20113 
-0.74 150 20113 
-0.66 150 20113 
-0.63 150 20113 
-0.54 150 20113 
-0.61 150 20113 
-0.96 150 20113 
-0.78 150 20113 
-1.04 150 20113 
-0.93 150 20113 
-0.96 150 20113 
-0.69 150 20113 
-0.76 150 20113 
-0.87 150 20113 
-0.65 150 20113 
-0.55 150 20113 
-0.55 150 20113 
-0.96 150 20113 
-0.82 150 20113 
-0.48 150 20113 
-0.7 150 20113 
-0.84 150 20113 
-0.7 150 20113 
-0.6 150 20113 
-0.53 150 20113 
-0.6 150 20113 
-0.66 150 20113 
-1.02 150 20113 
-0.99 150 20113 
-0.74 150 20113 
-0.66 150 20113 
-0.66 150 20113 
-0.58 150 20113 
-0.49 150 20113 
-0.43 150 20113 
-0.53 150 20113 
-0.69 150 20113 
-0.84 150 20113 
-0.97 150 20113 
-0.93 150 20113 
-0.88 150 20113 
-0.66 150 20113 
-0.61 150 20113 
-0.79 150 20113 
-0.86 150 20113 
-0.75 150 20113 
-0.83 150 20113 
-0.61 150 20113 
-0.78 150 20113 
-0.8 150 20113 
-0.76 150 20113 
-0.55 150 20113 
-0.66 150 20113 
-0.7 150 20113 
-0.9 150 20113 
-0.94 150 20113 
-0.68 150 20113 
-0.37 150 20113 
-0.25 150 20113 
-0.43 150 20113 
-0.6 150 20113 
-0.42 150 20113 
-0.56 150 20113 
-0.86 150 20113 
-0.78 150 20113 
-0.83 150 20113 
-0.5 150 20113 
-0.52 150 20113 
-1.08 150 20113 
-1.17 150 20113 
-0.96 150 20113 
-0.76 150 20113 
-0.74 150 20113 
-0.56 150 20113 
-0.8 150 20113 
-0.94 150 20113 
-0.55 150 20113 
-0.6 150 20113 
-0.75 150 20113 
-0.72 150 20113 
-0.61 150 20113 
-0.69 150 20113 
-0.76 150 20113 
-0.61 150 20113 
-0.92 150 20113 
-0.85 150 20113 
-0.3 150 20113 
-0.25 150 20113 
-0.68 150 20113 
-0.56 150 20113 
-1.13 150 20113 
-1.15 150 20113 
-0.58 150 20113 
-0.6 150 20113 
-0.76 150 20113 
-1.18 150 20113 
-0.83 150 20113 
-0.64 150 20113 
-1.04 150 20113 
-0.47 150 20113 
-0.53 150 20113 
-1.14 150 20113 
-1.35 150 20113 
-1.11 150 20113 
-0.86 150 20113 
-0.87 150 20113 
-0.77 150 20113 
-0.68 150 20113 
-0.62 150 20113 
-0.33 150 20113 
-0.38 150 20113 
-0.66 150 20113 
-0.63 150 20113 
-0.64 150 20113 
-0.46 150 20113 
-0.61 150 20113 
-0.89 150 20113 
-0.73 150 20113 
-0.6 150 20113 
-0.49 150 20113 
-0.34 150 20113 
-0.67 150 20113 
-0.81 150 20113 
-0.54 150 20113 
-0.66 150 20113 
-0.96 150 20113 
-0.87 150 20113 
-0.65 150 20113 
-0.67 150 20113 
-0.59 150 20113 
-0.44 150 20113 
-0.59 150 20113 
-0.56 150 20113 
-0.43 150 20113 
-0.56 150 20113 
-0.63 150 20113 
-0.68 150 20113 
-0.46 150 20113 
-0.79 150 20113 
-0.81 150 20113 
-0.63 150 20113 
-0.58 150 20113 
-0.68 150 20113 
-0.58 150 20113 
-0.64 150 20113 
-0.77 150 20113 
-0.87 150 20113 
-0.54 150 20113 
-0.36 150 20113 
-0.55 150 20113 
-0.64 150 20113 
-0.68 150 20113 
-0.58 150 20113 
-0.81 150 20113 
-0.75 150 20113 
-0.57 150 20113 
-0.96 150 20113 
-0.81 150 20113 
-0.51 150 20113 
-0.56 150 20113 
-0.84 150 20113 
-0.76 150 20113 
-0.92 150 20113 
-0.96 150 20113 
-0.7 150 20113 
-0.46 150 20113 
-0.52 150 20113 
-0.27 150 20113 
-0.6 150 20113 
-0.53 150 20113 
-0.69 150 20113 
-0.78 150 20113 
-0.23 150 20113 
-0.34 150 20113 
-0.61 150 20113 
-0.54 150 20113 
-0.34 150 20113 
-0.51 150 20113 
-0.72 150 20113 
-0.67 150 20113 
-0.67 150 20113 
-0.76 150 20113 
-0.52 150 20113 
-0.36 150 20113 
-0.34 150 20113 
-0.48 150 20113 
-0.7 150 20113 
-0.72 150 20113 
-0.57 150 20113 
-0.53 150 20113 
-0.69 150 20113 
-0.43 150 20113 
-0.51 150 20113 
-0.27 150 20113 
-0.5 150 20113 
-0.73 150 20113 
-0.74 150 20113 
-0.32 150 20113 
-0.55 150 20113 
-0.61 150 20113 
-0.29 150 20113 
-0.29 150 20113 
-0.45 150 20113 
-0.62 150 20113 
-0.54 150 20113 
-0.45 150 20113 
-0.74 150 20113 
-0.8 150 20113 
-0.79 150 20113 
-0.54 150 20113 
-0.48 150 20113 
-0.77 150 20113 
-0.96 150 20113 
-0.65 150 20113 
-0.61 150 20113 
-0.81 150 20113 
-0.78 150 20113 
-0.67 150 20113 
-0.57 150 20113 
-0.83 150 20113 
-0.6 150 20113 
-0.75 150 20113 
-0.81 150 20113 
-0.74 150 20113 
-0.57 150 20113 
-0.43 150 20113 
-0.53 150 20113 
-0.62 150 20113 
-0.81 150 20113 
-0.93 150 20113 
-0.78 150 20113 
-1.02 150 20113 
-1.33 150 20113 
-0.74 150 20113 
-0.12 150 20113 
-0.29 150 20113 
-0.84 150 20113 
-0.86 150 20113 
-0.39 150 20113 
-0.78 150 20113 
-0.99 150 20113 
-0.86 150 20113 
-0.53 150 20113 
-0.28 150 20113 
-0.21 150 20113 
-0.01 150 20113 
-0.45 150 20113 
-0.74 150 20113 
-0.56 150 20113 
-0.85 150 20113 
-1.38 150 20113 
-1.27 150 20113 
-0.83 150 20113 
-0.99 150 20113 
-0.85 150 20113 
-0.71 150 20113 
-0.67 150 20113 
-0.93 150 20113 
-0.96 150 20113 
-0.22 150 20113 
-0.45 150 20113 
-0.84 150 20113 
-0.97 150 20113 
-1.36 150 20113 
-1.61 150 20113 
-0.77 150 20113 
-0.56 150 20113 
-0.7 150 20113 
-0.22 150 20113 
-0.2 150 20113 
-0.52 150 20113 
-0.5 150 20113 
-0.58 150 20113 
-0.6 150 20113 
-0.36 150 20113 
-0.76 150 20113 
-0.69 150 20113 
-0.95 150 20113 
-0.91 150 20113 
-0.72 150 20113 
-0.54 150 20113 
-0.4 150 20113 
-0.31 150 20113 
-0.78 150 20113 
-0.8 150 20113 
-0.8 150 20113 
-0.9 150 20113 
-0.7 150 20113 
-0.46 150 20113 
-0.85 150 20113 
-0.66 150 20113 
-0.32 150 20113 
-0.6 150 20113 
-0.68 150 20113 
-0.85 150 20113 
-0.54 150 20113 
-0.55 150 20113 
-0.57 150 20113 
-0.88 150 20113 
-1.33 150 20113 
-1.05 150 20113 
-0.74 150 20113 
-0.61 150 20113 
-0.75 150 20113 
-0.83 150 20113 
-0.56 150 20113 
-0.78 150 20113 
-0.95 150 20113 
-0.71 150 20113 
-0.97 150 20113 
-0.7 150 20113 
-0.57 150 20113 
-0.68 150 20113 
-0.71 150 20113 
-0.22 150 20113 
-0.69 150 20113 
-0.78 150 20113 
-0.52 150 20113 
-0.74 150 20113 
-0.81 150 20113 
-0.76 150 20113 
-0.61 150 20113 
-0.45 150 20113 
-0.4 150 20113 
-0.63 150 20113 
-0.55 150 20113 
-0.69 150 20113 
-1.06 150 20113 
-0.92 150 20113 
-0.8 150 20113 
-0.57 150 20113 
-0.94 150 20113 
-0.81 150 20113 
-0.85 150 20113 
-0.72 150 20113 
-0.74 150 20113 
-0.78 150 20113 
-0.87 150 20113 
-0.69 150 20113 
-0.68 150 20113 
-0.82 150 20113 
-0.61 150 20113 
-0.51 150 20113 
-0.55 150 20113 
-0.57 150 20113 
-0.62 150 20113 
-0.59 150 20113 
-0.61 150 20113 
-0.72 150 20113 
-0.54 150 20113 
-0.54 150 20113 
-0.64 150 20113 
-0.59 150 20113 
-0.45 150 20113 
-0.48 150 20113 
-0.93 150 20113 
-0.92 150 20113 
-0.81 150 20113 
-0.65 150 20113 
-0.73 150 20113 
-0.77 150 20113 
-0.56 150 20113 
-0.69 150 20113 
-0.64 150 20113 
-0.7 150 20113 
-0.68 150 20113 
-0.53 150 20113 
-0.66 150 20113 
-0.69 150 20113 
-0.67 150 20113 
-0.71 150 20113 
-0.57 150 20113 
-0.47 150 20113 
-0.74 150 20113 
-1.37 150 20113 
-1.2 150 20113 
-0.63 150 20113 
-0.57 150 20113 
-0.52 150 20113 
-0.53 150 20113 
-0.65 150 20113 
-0.58 150 20113 
-0.86 150 20113 
-0.94 150 20113 
-0.77 150 20113 
-0.83 150 20113 
-0.88 150 20113 
-0.8 150 20113 
-0.78 150 20113 
-1.18 150 20113 
-0.65 150 20113 
-0.29 150 20113 
-0.49 150 20113 
-0.6 150 20113 
-0.68 150 20113 
-0.75 150 20113 
-0.42 150 20113 
-0.79 150 20113 
-0.81 150 20113 
-0.9 150 20113 
-0.91 150 20113 
-0.97 150 20113 
-0.95 150 20113 
-0.61 150 20113 
-0.44 150 20113 
-0.67 150 20113 
-0.94 150 20113 
-1.06 150 20113 
-0.98 150 20113 
-0.42 150 20113 
-0.43 150 20113 
-0.45 150 20113 
-0.64 150 20113 
-0.83 150 20113 
-0.51 150 20113 
-0.91 150 20113 
-0.97 150 20113 
-0.68 150 20113 
-0.54 150 20113 
-0.43 150 20113 
-0.44 150 20113 
-0.73 150 20113 
-0.75 150 20113 
-0.54 150 20113 
-0.49 150 20113 
-0.27 150 20113 
-0.4 150 20113 
-0.6 150 20113 
-0.4 150 20113 
-0.57 150 20113 
-0.54 150 20113 
-0.55 150 20113 
-0.56 150 20113 
-0.51 150 20113 
-0.55 150 20113 
-0.58 150 20113 
-0.47 150 20113 
-0.41 150 20113 
-0.56 150 20113 
-0.76 150 20113 
-0.59 150 20113 
-0.84 150 20113 
-0.54 150 20113 
-0.52 150 20113 
-0.6 150 20113 
-0.65 150 20113 
-0.6 150 20113 
-0.45 150 20113 
-0.72 150 20113 
-0.3 150 20113 
-0.12 150 20113 
-0.53 150 20113 
-0.31 150 20113 
-0.17 150 20113 
-0.23 150 20113 
-0.88 150 20113 
-0.9 150 20113 
-1.1 150 20113 
-0.62 150 20113 
-0.79 150 20113 
-1 150 20113 
-1.25 150 20113 
-1.02 150 20113 
-1.04 150 20113 
-0.61 150 20113 
-0.72 150 20113 
-0.41 150 20113 
-0.49 150 20113 
-0.62 150 20113 
-0.55 150 20113 
-0.36 150 20113 
-0.29 150 20113 
-0.32 150 20113 
-0.65 150 20113 
-0.58 150 20113 
-0.16 150 20113 
-0.47 150 20113 
-0.32 150 20113 
-0.32 150 20113 
-0.37 150 20113 
-1.05 150 20113 
-0.85 150 20113 
-0.32 150 20113 
-0.51 150 20113 
-0.59 150 20113 
-0.53 150 20113 
-0.43 150 20113 
-0.51 150 20113 
-0.33 150 20113 
-0.19 150 20113 
-0.64 150 20113 
-0.72 150 20113 
-0.26 150 20113 
-0.21 150 20113 
-0.7 150 20113 
-0.75 150 20113 
-0.74 150 20113 
-0.91 150 20113 
-0.77 150 20113 
-0.74 150 20113 
-0.71 150 20113 
-0.82 150 20113 
-0.64 150 20113 
-0.38 150 20113 
-0.36 150 20113 
-0.45 150 20113 
-0.43 150 20113 
-0.56 150 20113 
-0.6 150 20113 
-0.51 150 20113 
-0.47 150 20113 
-0.67 150 20113 
-0.79 150 20113 
-0.78 150 20113 
-0.54 150 20113 
-0.33 150 20113 
-0.75 150 20113 
-0.77 150 20113 
-0.75 150 20113 
-0.19 150 20113 
-0.22 150 20113 
-0.45 150 20113 
-0.71 150 20113 
-0.4 150 20113 
-0.54 150 20113 
-0.62 150 20113 
-0.64 150 20113 
-0.47 150 20113 
-0.36 150 20113 
-0.7 150 20113 
-0.81 150 20113 
-0.55 150 20113 
-0.29 150 20113 
-0.41 150 20113 
-0.22 150 20113 
-0.24 150 20113 
-0.56 150 20113 
-0.53 150 20113 
-0.59 150 20113 
-0.31 150 20113 
-0.55 150 20113 
-0.63 150 20113 
-0.4 150 20113 
-0.37 150 20113 
-0.58 150 20113 
-0.44 150 20113 
-0.59 150 20113 
-0.2 150 20113 
-0.26 150 20113 
-0.36 150 20113 
-0.47 150 20113 
-0.7 150 20113 
-0.44 150 20113 
-0.48 150 20113 
-0.52 150 20113 
-0.76 150 20113 
-0.82 150 20113 
-0.58 150 20113 
-0.51 150 20113 
-0.48 150 20113 
-0.39 150 20113 
-0.38 150 20113 
-0.4 150 20113 
-0.22 150 20113 
-0.43 150 20113 
-0.21 150 20113 
-0.45 150 20113 
-0.68 150 20113 
-0.53 150 20113 
-0.65 150 20113 
-0.75 150 20113 
-0.43 150 20113 
-0.31 150 20113 
-0.19 150 20113 
-0.29 150 20113 
-0.37 150 20113 
-0.39 150 20113 
-0.36 150 20113 
-0.33 150 20113 
-0.32 150 20113 
-0.49 150 20113 
-0.71 150 20113 
-0.47 150 20113 
-0.48 150 20113 
-0.62 150 20113 
-0.8 150 20113 
-0.94 150 20113 
-0.59 150 20113 
-0.55 150 20113 
-0.36 150 20113 
-0.34 150 20113 
-0.4 150 20113 
-0.48 150 20113 
-0.9 150 20113 
-0.85 150 20113 
-0.73 150 20113 
-0.68 150 20113 
-0.34 150 20113 
-0.12 150 20113 
-0.23 150 20113 
-0.47 150 20113 
-0.59 150 20113 
-0.63 150 20113 
-0.53 150 20113 
-0.32 150 20113 
-0.36 150 20113 
-0.33 150 20113 
-0.43 150 20113 
-0.58 150 20113 
-0.73 150 20113 
-0.72 150 20113 
-0.44 150 20113 
-0.28 150 20113 
-0.42 150 20113 
-0.7 150 20113 
-0.22 150 20113 
-0.18 150 20113 
0 150 20113 
0.03 150 20113 
-0.14 150 20113 
-0.44 150 20113 
-0.35 150 20113 
-0.48 150 20113 
-0.41 150 20113 
-0.31 150 20113 
-0.38 150 20113 
-0.65 150 20113 
-0.4 150 20113 
-0.29 150 20113 
-0.7 150 20113 
-0.85 150 20113 
-0.93 150 20113 
-0.5 150 20113 
-0.42 150 20113 
-0.58 150 20113 
-0.61 150 20113 
-0.43 150 20113 
-0.53 150 20113 
-0.44 150 20113 
-0.56 150 20113 
-0.85 150 20113 
-0.84 150 20113 
-0.39 150 20113 
-0.22 150 20113 
0.02 150 20113 
-0.37 150 20113 
-0.55 150 20113 
-0.31 150 20113 
-0.32 150 20113 
-0.65 150 20113 
-0.62 150 20113 
-0.38 150 20113 
-0.23 150 20113 
-0.25 150 20113 
-0.69 150 20113 
-0.74 150 20113 
-0.47 150 20113 
-0.62 150 20113 
-0.49 150 20113 
-0.48 150 20113 
-0.54 150 20113 
-0.74 150 20113 
-0.83 150 20113 
-0.55 150 20113 
-0.23 150 20113 
-0.32 150 20113 
-0.52 150 20113 
-0.49 150 20113 
-0.51 150 20113 
-0.43 150 20113 
-0.5 150 20113 
-0.08 150 20113 
-0.12 150 20113 
-0.82 150 20113 
-0.89 150 20113 
-0.55 150 20113 
-0.62 150 20113 
-0.85 150 20113 
-0.96 150 20113 
-0.72 150 20113 
-0.44 150 20113 
-0.41 150 20113 
-0.49 150 20113 
-0.21 150 20113 
-0.33 150 20113 
-0.24 150 20113 
-0.33 150 20113 
-0.41 150 20113 
-0.45 150 20113 
-0.48 150 20113 
-0.63 150 20113 
-0.43 150 20113 
-0.75 150 20113 
-0.86 150 20113 
-0.55 150 20113 
-0.56 150 20113 
-0.92 150 20113 
-0.6 150 20113 
0 150 20113 
-0.22 150 20113 
-0.49 150 20113 
-0.3 150 20113 
-0.33 150 20113 
-0.62 150 20113 
-0.45 150 20113 
-0.27 150 20113 
-0.54 150 20113 
-0.79 150 20113 
-0.73 150 20113 
-0.47 150 20113 
-0.43 150 20113 
-0.52 150 20113 
-0.31 150 20113 
-0.55 150 20113 
-0.48 150 20113 
-0.61 150 20113 
-0.6 150 20113 
-0.46 150 20113 
-0.59 150 20113 
-0.74 150 20113 
-0.59 150 20113 
0.05 150 20113 
-0.67 150 20113 
-0.79 150 20113 
-0.55 150 20113 
-0.23 150 20113 
-0.39 150 20113 
-0.46 150 20113 
-0.49 150 20113 
-0.38 150 20113 
-0.43 150 20113 
-0.37 150 20113 
-0.4 150 20113 
-0.47 150 20113 
-0.34 150 20113 
-0.31 150 20113 
-0.75 150 20113 
-0.79 150 20113 
-0.45 150 20113 
-0.54 150 20113 
-0.22 150 20113 
-0.37 150 20113 
-0.58 150 20113 
-0.51 150 20113 
-0.45 150 20113 
-0.51 150 20113 
-0.64 150 20113 
-0.71 150 20113 
-0.7 150 20113 
-0.52 150 20113 
-0.48 150 20113 
-0.44 150 20113 
-0.35 150 20113 
-0.09 150 20113 
-0.64 150 20113 
-0.8 150 20113 
-0.47 150 20113 
-0.52 150 20113 
-0.59 150 20113 
-0.73 150 20113 
-0.43 150 20113 
0.14 150 20113 
0.25 150 20113 
-0.32 150 20113 
-0.81 150 20113 
-0.88 150 20113 
-0.64 150 20113 
-0.57 150 20113 
-0.63 150 20113 
-0.7 150 20113 
-0.36 150 20113 
-0.34 150 20113 
-0.49 150 20113 
-0.54 150 20113 
-0.49 150 20113 
-0.49 150 20113 
-0.31 150 20113 
-0.47 150 20113 
-0.65 150 20113 
-0.53 150 20113 
-0.26 150 20113 
-0.18 150 20113 
-0.17 150 20113 
-0.33 150 20113 
-0.51 150 20113 
-0.36 150 20113 
-0.38 150 20113 
-0.7 150 20113 
-0.67 150 20113 
-0.61 150 20113 
-0.74 150 20113 
-0.75 150 20113 
-0.66 150 20113 
-0.51 150 20113 
-0.59 150 20113 
-0.49 150 20113 
-0.62 150 20113 
-0.41 150 20113 
-0.46 150 20113 
-0.54 150 20113 
-0.45 150 20113 
-0.72 150 20113 
-0.97 150 20113 
-0.81 150 20113 
-0.25 150 20113 
-0.15 150 20113 
-0.51 150 20113 
-0.45 150 20113 
-0.72 150 20113 
-0.48 150 20113 
-0.39 150 20113 
-0.52 150 20113 
-0.81 150 20113 
-0.75 150 20113 
-0.39 150 20113 
-0.43 150 20113 
-0.37 150 20113 
-0.36 150 20113 
-0.64 150 20113 
-0.75 150 20113 
-0.5 150 20113 
-0.67 150 20113 
-0.51 150 20113 
-0.22 150 20113 
-0.46 150 20113 
-0.81 150 20113 
-0.85 150 20113 
-0.74 150 20113 
-0.67 150 20113 
-0.53 150 20113 
0.05 150 20113 
-0.03 150 20113 
-0.28 150 20113 
-0.26 150 20113 
-0.49 150 20113 
-0.44 150 20113 
-0.27 150 20113 
-0.51 150 20113 
-0.5 150 20113 
-0.36 150 20113 
-0.39 150 20113 
-0.15 150 20113 
-0.2 150 20113 
-0.52 150 20113 
-0.36 150 20113 
-0.4 150 20113 
-0.63 150 20113 
-0.57 150 20113 
-0.34 150 20113 
-0.43 150 20113 
-0.5 150 20113 
-0.34 150 20113 
-0.33 150 20113 
-0.49 150 20113 
-0.41 150 20113 
-0.46 150 20113 
-0.52 150 20113 
-0.41 150 20113 
-0.71 150 20113 
-0.56 150 20113 
-0.41 150 20113 
-0.12 150 20113 
0 150 20113 
-0.12 150 20113 
-0.48 150 20113 
-0.32 150 20113 
-0.21 150 20113 
-0.25 150 20113 
-0.42 150 20113 
-0.43 150 20113 
-0.23 150 20113 
-0.56 150 20113 
-0.56 150 20113 
-0.37 150 20113 
-0.54 150 20113 
-0.63 150 20113 
-0.56 150 20113 
-0.37 150 20113 
-0.34 150 20113 
-0.35 150 20113 
-0.55 150 20113 
-0.38 150 20113 
-0.52 150 20113 
-0.63 150 20113 
-0.56 150 20113 
-0.43 150 20113 
-0.46 150 20113 
-0.69 150 20113 
-0.53 150 20113 
-0.42 150 20113 
-0.43 150 20113 
-0.28 150 20113 
-0.21 150 20113 
-0.43 150 20113 
-0.2 150 20113 
-0.05 150 20113 
-0.32 150 20113 
-0.34 150 20113 
-0.37 150 20113 
-0.36 150 20113 
-0.33 150 20113 
-0.46 150 20113 
-0.53 150 20113 
-0.67 150 20113 
-0.57 150 20113 
-0.34 150 20113 
-0.4 150 20113 
-0.25 150 20113 
-0.21 150 20113 
-0.35 150 20113 
-0.35 150 20113 
-0.36 150 20113 
-0.54 150 20113 
-0.37 150 20113 
-0.36 150 20113 
-0.33 150 20113 
150 20113 23.82 
-0.41 150 20113 
-0.34 150 20113 
-0.46 150 20113 
-0.46 150 20113 
-0.46 150 20113 
-0.23 150 20113 
0.09 150 20113 
-0.16 150 20113 
-0.19 150 20113 
-0.31 150 20113 
-0.35 150 20113 
-0.4 150 20113 
-0.34 150 20113 
-0.54 150 20113 
-0.71 150 20113 
-0.4 150 20113 
