6.14 150 59747 
6.2 150 59762 
6.16 150 59778 
6.36 150 59794 
6.33 150 59810 
6.15 150 59826 
6.25 150 59841 
6.39 150 59857 
6.74 150 59873 
6.66 150 59889 
6.69 150 59905 
7.09 150 59920 
7.08 150 59936 
6.88 150 59952 
6.89 150 59968 
7.36 150 59983 
7.38 150 59999 
7.22 150 60015 
7.19 150 60031 
7.3 150 60047 
7.53 150 60062 
7.75 150 60078 
7.66 150 60094 
7.94 150 60110 
8.08 150 60126 
7.93 150 60141 
8.15 150 60157 
8.47 150 60173 
8.39 150 60189 
8.26 150 60205 
8.52 150 60220 
8.59 150 60236 
8.49 150 60252 
8.5 150 60268 
8.79 150 60284 
9.07 150 60299 
9.02 150 60315 
9.01 150 60331 
9.02 150 60347 
9.37 150 60363 
9.64 150 60378 
9.57 150 60394 
9.36 150 60410 
9.37 150 60426 
9.8 150 60442 
9.76 150 60457 
9.62 150 60473 
9.92 150 60489 
10.31 150 60505 
10.14 150 60520 
9.91 150 60536 
10.07 150 60552 
10.38 150 60568 
10.29 150 60584 
10.1 150 60599 
10.37 150 60615 
10.77 150 60631 
10.85 150 60647 
10.9 150 60663 
10.79 150 60678 
10.99 150 60694 
11.19 150 60710 
11.01 150 60726 
11 150 60742 
11.35 150 60757 
11.62 150 60773 
11.44 150 60789 
11.66 150 60805 
12.22 150 60821 
12.23 150 60836 
11.82 150 60852 
12.06 150 60868 
12.27 150 60884 
12.4 150 60900 
12.36 150 60915 
12.15 150 60931 
12.63 150 60947 
12.76 150 60963 
12.46 150 60978 
12.78 150 60994 
13.23 150 61010 
13.15 150 61026 
12.88 150 61042 
12.83 150 61057 
13.32 150 61073 
13.59 150 61089 
13.41 150 61105 
13.49 150 61121 
13.81 150 61136 
13.69 150 61152 
13.49 150 61168 
13.49 150 61184 
13.7 150 61200 
13.67 150 61215 
13.56 150 61231 
13.74 150 61247 
14.41 150 61263 
14.38 150 61279 
14.05 150 61294 
14.29 150 61310 
14.69 150 61326 
14.78 150 61342 
14.84 150 61358 
14.45 150 61373 
14.84 150 61389 
15.23 150 61405 
15.1 150 61421 
14.92 150 61437 
14.97 150 61452 
15.26 150 61468 
15.11 150 61484 
15.19 150 61500 
15.29 150 61516 
15.57 150 61531 
15.43 150 61547 
15.09 150 61563 
15.43 150 61579 
15.66 150 61595 
15.68 150 61610 
15.67 150 61626 
15.9 150 61642 
15.87 150 61658 
15.82 150 61673 
16.01 150 61689 
16.22 150 61705 
16.65 150 61721 
16.63 150 61737 
16.52 150 61752 
16.77 150 61768 
16.84 150 61784 
16.78 150 61800 
16.64 150 61816 
16.85 150 61831 
17.35 150 61847 
17.36 150 61863 
17.21 150 61879 
17.21 150 61895 
17.53 150 61910 
17.59 150 61926 
17.38 150 61942 
17.48 150 61958 
17.77 150 61974 
17.91 150 61989 
17.6 150 62005 
17.87 150 62021 
18.34 150 62037 
18.52 150 62053 
18.22 150 62068 
18.3 150 62084 
18.4 150 62100 
18.49 150 62116 
18.33 150 62132 
18.42 150 62147 
19 150 62163 
19.13 150 62179 
18.99 150 62195 
18.96 150 62211 
19.46 150 62226 
19.52 150 62242 
19.57 150 62258 
19.71 150 62274 
19.93 150 62290 
19.85 150 62305 
19.66 150 62321 
19.93 150 62337 
20.16 150 62353 
20.14 150 62369 
20.22 150 62384 
20.33 150 62400 
20.34 150 62416 
20.37 150 62432 
20.42 150 62448 
20.66 150 62463 
20.9 150 62479 
20.97 150 62495 
21.16 150 62511 
21.31 150 62527 
21.33 150 62542 
21.69 150 62558 
21.69 150 62574 
21.8 150 62590 
22.09 150 62605 
21.91 150 62621 
21.62 150 62637 
21.91 150 62653 
22.23 150 62669 
22.41 150 62684 
22.12 150 62700 
22.15 150 62716 
22.38 150 62732 
22.84 150 62748 
22.82 150 62763 
22.62 150 62779 
22.79 150 62795 
23.13 150 62811 
23.16 150 62827 
23.11 150 62842 
23.47 150 62858 
23.83 150 62874 
23.87 150 62890 
23.85 150 62906 
24.06 150 62921 
24.21 150 62937 
24.21 150 62953 
23.96 150 62969 
24.22 150 62985 
24.52 150 63000 
24.48 150 63016 
24.46 150 63032 
24.64 150 63048 
24.66 150 63064 
24.58 150 63079 
24.7 150 63095 
24.86 150 63111 
25.26 150 63127 
25.18 150 63143 
25.27 150 63158 
25.22 150 63174 
25.67 150 63190 
25.81 150 63206 
25.78 150 63221 
25.79 150 63237 
25.95 150 63253 
26.26 150 63269 
26.34 150 63285 
26.38 150 63300 
26.46 150 63316 
26.8 150 63332 
26.86 150 63348 
26.75 150 63364 
27.03 150 63379 
27.11 150 63395 
27.16 150 63411 
27.2 150 63427 
27.38 150 63443 
27.53 150 63458 
27.62 150 63474 
27.77 150 63490 
28.14 150 63506 
27.95 150 63522 
27.73 150 63537 
27.89 150 63553 
28.25 150 63569 
28.36 150 63585 
28.33 150 63601 
28.65 150 63616 
28.92 150 63632 
28.79 150 63648 
28.84 150 63664 
29.09 150 63680 
29.57 150 63695 
29.64 150 63711 
29.45 150 63727 
29.78 150 63743 
30.08 150 63759 
30.11 150 63774 
30 150 63790 
29.94 150 63806 
30.09 150 63822 
30.16 150 63837 
30.22 150 63853 
30.19 150 63869 
30.42 150 63885 
30.72 150 63901 
30.63 150 63916 
30.44 150 63932 
30.94 150 63948 
31.52 150 63964 
31.31 150 63980 
31.21 150 63995 
31.35 150 64011 
31.68 150 64027 
31.59 150 64043 
31.54 150 64059 
31.94 150 64074 
32.29 150 64090 
32.46 150 64106 
32.33 150 64122 
32.42 150 64138 
32.76 150 64153 
32.8 150 64169 
32.6 150 64185 
32.87 150 64201 
33.3 150 64217 
33.34 150 64232 
33.28 150 64248 
33.34 150 64264 
33.54 150 64280 
33.67 150 64296 
33.85 150 64311 
34.17 150 64327 
34.45 150 64343 
34.42 150 64359 
34.27 150 64374 
34.59 150 64390 
34.81 150 64406 
34.65 150 64422 
34.6 150 64438 
34.55 150 64453 
34.8 150 64469 
35.08 150 64485 
35.19 150 64501 
35.17 150 64517 
35.48 150 64532 
35.86 150 64548 
35.64 150 64564 
35.68 150 64580 
35.94 150 64596 
36.2 150 64611 
36.25 150 64627 
36.29 150 64643 
36.35 150 64659 
36.29 150 64675 
36.22 150 64690 
36.3 150 64706 
36.44 150 64722 
36.83 150 64738 
36.96 150 64754 
37.01 150 64769 
37.26 150 64785 
37.38 150 64801 
37.37 150 64817 
37.6 150 64833 
37.88 150 64848 
38.47 150 64864 
38.43 150 64880 
38.52 150 64896 
38.74 150 64911 
38.78 150 64927 
38.49 150 64943 
38.81 150 64959 
39.03 150 64975 
39.26 150 64990 
39.24 150 65006 
39.25 150 65022 
39.86 150 65038 
40.11 150 65054 
40.11 150 65069 
40.03 150 65085 
40.27 150 65101 
40.56 150 65117 
40.6 150 65133 
40.96 150 65148 
41.28 150 65164 
41.47 150 65180 
41.43 150 65196 
41.67 150 65212 
41.88 150 65227 
42.37 150 65243 
42.4 150 65259 
42.43 150 65275 
42.66 150 65291 
42.83 150 65306 
42.73 150 65322 
42.82 150 65338 
43.08 150 65354 
43.34 150 65370 
43.35 150 65385 
43.54 150 65401 
44.09 150 65417 
44.37 150 65433 
44.22 150 65449 
44.21 150 65464 
44.37 150 65480 
44.45 150 65496 
44.59 150 65512 
44.46 150 65528 
44.73 150 65543 
45.26 150 65559 
45.68 150 65575 
45.79 150 65591 
45.61 150 65606 
45.72 150 65622 
45.64 150 65638 
45.76 150 65654 
46.43 150 65670 
46.52 150 65685 
46.45 150 65701 
46.55 150 65717 
46.93 150 65733 
46.93 150 65749 
46.81 150 65764 
47.01 150 65780 
47.24 150 65796 
47.45 150 65812 
47.82 150 65828 
47.95 150 65843 
47.86 150 65859 
47.89 150 65875 
48 150 65891 
48.05 150 65907 
48.1 150 65922 
48.62 150 65938 
48.78 150 65954 
48.7 150 65970 
48.82 150 65986 
49.2 150 66001 
49.44 150 66017 
49.41 150 66033 
49.41 150 66049 
49.8 150 66065 
50.16 150 66080 
49.85 150 66096 
50.26 150 66112 
50.66 150 66128 
50.76 150 66144 
50.55 150 66159 
50.42 150 66175 
50.72 150 66191 
51.08 150 66207 
50.99 150 66223 
50.8 150 66238 
51.39 150 66254 
51.84 150 66270 
51.78 150 66286 
51.52 150 66302 
51.9 150 66317 
52.42 150 66333 
52.44 150 66349 
52.62 150 66365 
52.69 150 66381 
52.74 150 66396 
52.75 150 66412 
52.91 150 66428 
53.15 150 66444 
53.28 150 66460 
53.17 150 66475 
53.34 150 66491 
53.81 150 66507 
54.03 150 66523 
53.79 150 66538 
53.64 150 66554 
54.36 150 66570 
54.41 150 66586 
54.49 150 66602 
54.75 150 66617 
55.13 150 66633 
55.25 150 66649 
55.34 150 66665 
55.45 150 66681 
55.68 150 66696 
55.98 150 66712 
56.13 150 66728 
55.97 150 66744 
56.14 150 66760 
56.47 150 66775 
56.46 150 66791 
56.35 150 66807 
56.5 150 66823 
56.99 150 66839 
57.2 150 66854 
57.08 150 66870 
57.43 150 66886 
57.63 150 66902 
57.59 150 66918 
57.57 150 66933 
57.87 150 66949 
57.97 150 66965 
58.11 150 66981 
58.06 150 66996 
58.57 150 67012 
58.94 150 67028 
58.81 150 67044 
59.04 150 67060 
59.14 150 67075 
59.24 150 67091 
59.42 150 67107 
59.38 150 67123 
59.87 150 67139 
60.5 150 67154 
60.5 150 67170 
60.29 150 67186 
60.11 150 67202 
60.29 150 67218 
60.78 150 67233 
60.82 150 67249 
60.8 150 67265 
61.17 150 67281 
61.54 150 67297 
61.47 150 67312 
61.73 150 67328 
61.97 150 67344 
62.11 150 67360 
62.02 150 67376 
62.13 150 67391 
62.41 150 67407 
62.57 150 67423 
62.26 150 67439 
62.2 150 67455 
62.62 150 67470 
63.01 150 67486 
63.17 150 67502 
63.25 150 67518 
63.3 150 67534 
63.83 150 67549 
64.18 150 67565 
64.27 150 67581 
64.44 150 67597 
64.77 150 67613 
64.83 150 67628 
64.82 150 67644 
65.13 150 67660 
65.59 150 67676 
65.7 150 67692 
65.81 150 67707 
65.89 150 67723 
66.5 150 67739 
66.88 150 67755 
66.84 150 67770 
67.01 150 67786 
67.74 150 67802 
67.9 150 67818 
67.77 150 67834 
68.27 150 67849 
68.68 150 67865 
68.69 150 67881 
68.85 150 67897 
69.36 150 67913 
69.62 150 67928 
69.85 150 67944 
69.9 150 67960 
70.34 150 67976 
70.84 150 67992 
71.11 150 68007 
71.14 150 68023 
71.52 150 68039 
72.22 150 68055 
72.12 150 68071 
72.16 150 68086 
72.63 150 68102 
73.39 150 68118 
73.46 150 68134 
73.36 150 68150 
73.73 150 68165 
74.46 150 68181 
74.64 150 68197 
74.67 150 68213 
75 150 68229 
75.48 150 68244 
75.6 150 68260 
75.52 150 68276 
76.02 150 68292 
76.54 150 68308 
76.77 150 68323 
76.69 150 68339 
77.39 150 68355 
77.92 150 68371 
78.12 150 68386 
77.85 150 68402 
78.05 150 68418 
78.48 150 68434 
78.63 150 68450 
78.83 150 68465 
78.91 150 68481 
79.3 150 68497 
79.78 150 68513 
79.98 150 68529 
80.21 150 68544 
80.53 150 68560 
80.66 150 68576 
80.6 150 68592 
80.84 150 68608 
81.13 150 68623 
81.4 150 68639 
81.59 150 68655 
82.03 150 68671 
82.06 150 68687 
82.11 150 68702 
82.18 150 68718 
82.64 150 68734 
83 150 68750 
83.19 150 68766 
83.32 150 68781 
83.33 150 68797 
83.74 150 68813 
84.03 150 68829 
84.15 150 68845 
84.34 150 68860 
84.87 150 68876 
84.98 150 68892 
85.01 150 68908 
85.09 150 68924 
85.63 150 68939 
85.9 150 68955 
85.82 150 68971 
85.98 150 68987 
86.43 150 69003 
86.67 150 69018 
86.71 150 69034 
86.64 150 69050 
86.93 150 69066 
87.25 150 69082 
87.44 150 69097 
87.4 150 69113 
87.7 150 69129 
87.9 150 69145 
88.06 150 69160 
87.76 150 69176 
88.3 150 69192 
88.55 150 69208 
88.75 150 69224 
88.76 150 69239 
89.24 150 69255 
89.86 150 69271 
89.85 150 69287 
89.71 150 69303 
89.81 150 69318 
90.21 150 69334 
90.4 150 69350 
90.54 150 69366 
90.81 150 69382 
91.09 150 69397 
91.4 150 69413 
91.23 150 69429 
91.64 150 69445 
91.82 150 69461 
91.96 150 69476 
92.02 150 69492 
92.52 150 69508 
92.79 150 69524 
92.73 150 69540 
92.76 150 69555 
93.05 150 69571 
93.53 150 69587 
93.53 150 69603 
93.79 150 69619 
93.94 150 69634 
94.28 150 69650 
94.46 150 69666 
94.35 150 69682 
94.5 150 69698 
95.06 150 69713 
95.33 150 69729 
95.24 150 69745 
95.52 150 69761 
95.86 150 69776 
96.2 150 69792 
96.27 150 69808 
96.39 150 69824 
96.79 150 69840 
97.1 150 69855 
97.28 150 69871 
97.35 150 69887 
97.5 150 69903 
97.8 150 69919 
97.71 150 69934 
97.64 150 69950 
98.27 150 69966 
98.74 150 69982 
98.86 150 69998 
99.08 150 70013 
99.36 150 70029 
99.73 150 70045 
99.9 150 70061 
99.8 150 70077 
100.24 150 70092 
100.39 150 70108 
100.51 150 70124 
100.52 150 70140 
100.85 150 70156 
101.34 150 70171 
101.43 150 70187 
101.63 150 70203 
101.83 150 70219 
102.01 150 70235 
102.06 150 70250 
102.26 150 70266 
102.66 150 70282 
102.88 150 70298 
103.19 150 70314 
103.49 150 70329 
103.55 150 70345 
103.78 150 70361 
103.95 150 70377 
103.91 150 70393 
104.31 150 70408 
104.78 150 70424 
104.65 150 70440 
104.64 150 70456 
104.73 150 70471 
105.33 150 70487 
105.52 150 70503 
105.49 150 70519 
106.01 150 70535 
106.33 150 70550 
106.42 150 70566 
106.36 150 70582 
106.59 150 70598 
107.12 150 70614 
107.42 150 70629 
107.6 150 70645 
107.95 150 70661 
108.22 150 70677 
108.48 150 70693 
108.45 150 70708 
108.82 150 70724 
109.47 150 70740 
109.94 150 70756 
110.1 150 70772 
110.35 150 70787 
110.72 150 70803 
111.01 150 70819 
111.19 150 70835 
111.7 150 70851 
111.97 150 70866 
112.51 150 70882 
112.57 150 70898 
112.8 150 70914 
113.47 150 70930 
113.83 150 70945 
113.89 150 70961 
114.19 150 70977 
115.13 150 70993 
115.38 150 71008 
115.13 150 71024 
115.57 150 71040 
116.25 150 71056 
116.76 150 71072 
116.81 150 71087 
117.13 150 71103 
117.76 150 71119 
118.41 150 71135 
118.51 150 71151 
118.67 150 71166 
119.21 150 71182 
119.97 150 71198 
120.1 150 71214 
120 150 71230 
120.85 150 71245 
121.39 150 71261 
121.63 150 71277 
121.99 150 71293 
122.61 150 71309 
123.11 150 71324 
123.27 150 71340 
123.33 150 71356 
124.12 150 71372 
124.43 150 71388 
124.58 150 71403 
125.09 150 71419 
125.42 150 71435 
125.94 150 71451 
126.1 150 71466 
126.41 150 71482 
126.94 150 71498 
127.52 150 71514 
127.74 150 71530 
127.98 150 71545 
128.49 150 71561 
128.93 150 71577 
129.14 150 71593 
129.27 150 71609 
129.66 150 71624 
129.97 150 71640 
130.33 150 71656 
130.56 150 71672 
131.25 150 71688 
131.47 150 71703 
131.59 150 71719 
132.02 150 71735 
132.31 150 71751 
132.54 150 71767 
132.69 150 71782 
132.82 150 71798 
133.41 150 71814 
133.85 150 71830 
133.76 150 71846 
133.63 150 71861 
134.13 150 71877 
134.79 150 71893 
134.93 150 71909 
135.28 150 71925 
135.52 150 71940 
136.03 150 71956 
136.2 150 71972 
136.23 150 71988 
136.63 150 72004 
136.94 150 72019 
137.45 150 72035 
137.36 150 72051 
137.51 150 72067 
137.94 150 72083 
138.23 150 72098 
138.14 150 72114 
138.57 150 72130 
139.09 150 72146 
139.47 150 72162 
139.51 150 72177 
139.54 150 72193 
140.13 150 72209 
140.71 150 72225 
140.79 150 72240 
140.66 150 72256 
141.16 150 72272 
141.51 150 72288 
141.64 150 72304 
142.05 150 72319 
142.3 150 72335 
142.3 150 72351 
142.1 150 72367 
142.32 150 72383 
142.43 150 72398 
142.96 150 72414 
142.98 150 72430 
143.05 150 72446 
143.34 150 72462 
143.7 150 72477 
144.27 150 72493 
144.62 150 72509 
144.59 150 72525 
144.98 150 72541 
145.24 150 72556 
145.34 150 72572 
145.7 150 72588 
146.24 150 72604 
146.5 150 72620 
146.73 150 72635 
146.92 150 72651 
147.21 150 72667 
147.5 150 72683 
147.46 150 72699 
147.9 150 72714 
148.56 150 72730 
148.66 150 72746 
148.7 150 72762 
148.97 150 72778 
149.26 150 72793 
149.15 150 72809 
149.38 150 72825 
149.9 150 72841 
150.28 150 72856 
150.41 150 72872 
150.54 150 72873 
150.78 150 72873 
150.82 150 72873 
150.94 150 72873 
150.78 150 72873 
150.89 150 72873 
151.05 150 72873 
151 150 72873 
151.2 150 72873 
151.22 150 72873 
150.83 150 72873 
150.97 150 72873 
150.91 150 72873 
150.89 150 72873 
150.83 150 72873 
151 150 72873 
151.29 150 72873 
151.33 150 72873 
151.14 150 72873 
151.07 150 72873 
151.03 150 72873 
151.05 150 72873 
150.91 150 72873 
150.78 150 72873 
150.85 150 72873 
150.9 150 72873 
150.84 150 72873 
150.78 150 72873 
150.99 150 72873 
150.86 150 72873 
150.8 150 72873 
151.01 150 72873 
150.82 150 72873 
150.9 150 72873 
150.94 150 72873 
150.87 150 72873 
150.77 150 72873 
150.65 150 72873 
150.65 150 72873 
150.63 150 72873 
150.65 150 72873 
150.75 150 72873 
150.7 150 72873 
150.65 150 72873 
150.67 150 72873 
150.81 150 72873 
150.71 150 72873 
150.75 150 72873 
150.65 150 72873 
150.66 150 72873 
150.54 150 72873 
150.51 150 72873 
150.78 150 72873 
150.59 150 72873 
150.42 150 72873 
150.53 150 72873 
150.65 150 72873 
150.65 150 72873 
150.48 150 72873 
150.31 150 72873 
150.32 150 72873 
150.53 150 72873 
150.41 150 72873 
150.45 150 72873 
150.43 150 72873 
150.23 150 72873 
150.35 150 72873 
150.35 150 72873 
150.55 150 72873 
150.56 150 72873 
150.34 150 72873 
150.32 150 72873 
150.32 150 72873 
150.36 150 72873 
150.13 150 72873 
150.34 150 72873 
150.36 150 72873 
150.1 150 72873 
150.43 150 72873 
150.37 150 72873 
150.41 150 72873 
150.37 150 72873 
150.34 150 72873 
150.29 150 72873 
150.26 150 72873 
150.26 150 72873 
150.49 150 72873 
150.37 150 72873 
150.25 150 72857 
150.81 150 72857 
151.55 150 72857 
151.61 150 72857 
151.64 150 72857 
151.31 150 72857 
151.21 150 72857 
151.63 150 72857 
151.83 150 72857 
151.65 150 72857 
151.62 150 72857 
151.39 150 72698 
151.68 150 72695 
150.59 150 72695 
149.37 150 72695 
149.16 150 72695 
148.99 150 72695 
149.11 150 72695 
149.39 150 72695 
149.11 150 72695 
148.98 150 72536 
148.39 150 72372 
146.71 150 72209 
143.83 150 72046 
140.76 150 71883 
137.39 150 71719 
134 150 71556 
130.59 150 71393 
126.71 150 71230 
122.76 150 71067 
118.86 150 70904 
114.84 150 70741 
111.35 150 70578 
109.57 150 70414 
107.59 150 70251 
104.61 150 70088 
101.26 150 69925 
98.49 150 69762 
96.13 150 69599 
93.85 150 69435 
91.89 150 69272 
90.31 150 69109 
88.71 150 68946 
86.64 150 68783 
84.44 150 68619 
82.47 150 68456 
79.92 150 68293 
77.38 150 68130 
74.89 150 67966 
71.97 150 67803 
69.14 150 67640 
66.56 150 67477 
64.34 150 67314 
62.6 150 67150 
60.74 150 66987 
58.59 150 66824 
56.47 150 66661 
54.63 150 66497 
53.09 150 66334 
51.42 150 66171 
49.9 150 66008 
48.71 150 65845 
47.76 150 65681 
46.65 150 65518 
45.29 150 65355 
43.61 150 65192 
41.97 150 65028 
40.54 150 64865 
38.66 150 64702 
36.83 150 64539 
35.24 150 64376 
33.84 150 64212 
32.95 150 64049 
31.83 150 63886 
30.7 150 63723 
29.36 150 63559 
27.93 150 63396 
26.72 150 63233 
26.06 150 63070 
25.09 150 62907 
24.04 150 62743 
23.2 150 62580 
22.03 150 62417 
21 150 62254 
20.09 150 62091 
19.06 150 61928 
18.45 150 61765 
17.63 150 61602 
16.47 150 61438 
15.34 150 61275 
14.69 150 61112 
13.9 150 60949 
12.96 150 60785 
12.08 150 60622 
11.38 150 60459 
10.43 150 60296 
9.89 150 60133 
9.07 150 59970 
8.21 150 59807 
7.67 150 59643 
6.67 150 59480 
5.88 150 59317 
5.57 150 59154 
5.02 150 58991 
4.27 150 58827 
3.67 150 58664 
3.31 150 58501 
2.93 150 58338 
2.28 150 58174 
1.94 150 58011 
1.63 150 57848 
1.08 150 57685 
0.76 150 57522 
0.44 150 57358 
0.2 150 57195 
-0.09 150 57032 
0.05 150 56869 
-0.05 150 56705 
-0.03 150 56542 
-0.09 150 56379 
0.23 150 56216 
0.21 150 56053 
0.1 150 55889 
-0.11 150 55726 
-0.11 150 55563 
-0.08 150 55400 
-0.12 150 55236 
0.04 150 55073 
0.18 150 54910 
-0.05 150 54747 
-0.26 150 54584 
-0.25 150 54420 
-0.18 150 54257 
0.04 150 54094 
-0.03 150 53931 
-0.11 150 53767 
-0.17 150 53604 
-0.24 150 53441 
-0.03 150 53278 
0.15 150 53115 
0.17 150 52951 
-0.11 150 52788 
0.1 150 52625 
0.05 150 52462 
-0.24 150 52298 
-0.16 150 52135 
0.26 150 51972 
0.43 150 51809 
0.49 150 51646 
0.11 150 51483 
-0.14 150 51320 
-0.08 150 51156 
-0.24 150 50993 
-0.22 150 50830 
-0.13 150 50667 
-0.04 150 50503 
0.06 150 50340 
0.11 150 50177 
0.08 150 50014 
-0.11 150 49851 
-0.25 150 49687 
0 150 49524 
-0.06 150 49361 
-0.19 150 49198 
0.26 150 49035 
-0.05 150 48872 
-0.18 150 48709 
-0.17 150 48545 
-0.11 150 48382 
0 150 48219 
0.11 150 48056 
0 150 47893 
-0.03 150 47729 
-0.02 150 47566 
0.06 150 47403 
-0.01 150 47240 
-0.29 150 47077 
-0.39 150 46913 
0 150 46750 
-0.03 150 46587 
-0.14 150 46424 
-0.04 150 46260 
-0.37 150 46097 
-0.13 150 45934 
-0.11 150 45771 
0.04 150 45608 
-0.01 150 45444 
-0.14 150 45281 
-0.12 150 45118 
-0.17 150 44955 
0.05 150 44791 
0.29 150 44628 
0.01 150 44465 
0.19 150 44302 
0.19 150 44139 
-0.16 150 44135 
-0.12 150 44135 
-0.25 150 44135 
-0.37 150 44135 
-0.22 150 44135 
-0.11 150 44135 
-0.28 150 44135 
-0.22 150 44135 
-0.26 150 44135 
-0.24 150 44135 
-0.11 150 44135 
-0.28 150 44135 
-0.2 150 44135 
-0.24 150 44135 
-0.17 150 44135 
-0.17 150 44135 
-0.2 150 44135 
-0.27 150 44135 
-0.45 150 44135 
-0.42 150 44135 
-0.32 150 44135 
-0.44 150 44135 
-0.47 150 44135 
-0.26 150 44135 
-0.16 150 44135 
-0.2 150 44135 
-0.44 150 44135 
-0.47 150 44135 
-0.55 150 44135 
-0.21 150 44135 
-0.21 150 44135 
-0.26 150 44135 
-0.37 150 44135 
-0.52 150 44135 
-0.46 150 44135 
-0.26 150 44135 
-0.29 150 44135 
-0.57 150 44135 
-0.47 150 44135 
-0.45 150 44135 
-0.43 150 44135 
