0.85 150 78083 
0.83 150 78083 
0.94 150 78083 
0.91 150 78083 
0.86 150 78083 
0.87 150 78083 
0.74 150 78083 
0.72 150 78083 
0.87 150 78083 
0.83 150 78083 
0.71 150 78083 
0.74 150 78083 
0.54 150 78083 
0.62 150 78083 
0.72 150 78083 
0.76 150 78083 
0.62 150 78083 
0.69 150 78083 
0.94 150 78083 
1.07 150 78083 
0.98 150 78083 
0.68 150 78083 
0.76 150 78083 
1.06 150 78083 
0.55 150 78099 
0.54 150 78115 
0.54 150 78131 
0.95 150 78146 
0.97 150 78162 
0.79 150 78178 
0.78 150 78194 
1.02 150 78210 
1.29 150 78225 
1.36 150 78241 
0.83 150 78257 
0.99 150 78273 
1.52 150 78289 
1.46 150 78304 
1.5 150 78320 
1.4 150 78336 
1.51 150 78352 
1.62 150 78368 
1.03 150 78384 
1.3 150 78399 
1.82 150 78415 
1.43 150 78431 
1.37 150 78447 
1.53 150 78463 
1.89 150 78478 
1.61 150 78494 
1.55 150 78510 
1.67 150 78526 
1.84 150 78542 
1.94 150 78557 
1.73 150 78573 
1.86 150 78589 
2.28 150 78605 
2.52 150 78621 
2.05 150 78636 
2.19 150 78652 
2.61 150 78668 
2.47 150 78684 
2.11 150 78700 
2.57 150 78716 
2.63 150 78731 
2.53 150 78747 
2.49 150 78763 
2.67 150 78779 
3.12 150 78795 
2.79 150 78810 
2.54 150 78826 
3.01 150 78842 
3.3 150 78858 
3.18 150 78874 
2.71 150 78889 
2.49 150 78905 
3.16 150 78921 
3.45 150 78937 
3.09 150 78953 
3 150 78968 
3.19 150 78984 
3.62 150 79000 
3.44 150 79016 
3.35 150 79032 
3.78 150 79048 
3.82 150 79063 
3.57 150 79079 
3.5 150 79095 
3.36 150 79111 
3.65 150 79127 
3.33 150 79142 
3.18 150 79158 
3.91 150 79174 
4.22 150 79190 
4 150 79206 
3.85 150 79221 
4.5 150 79237 
4.62 150 79253 
3.88 150 79269 
3.96 150 79285 
4.1 150 79300 
4.23 150 79316 
4.56 150 79332 
4.68 150 79348 
4.64 150 79364 
4.84 150 79380 
4.75 150 79395 
4.72 150 79411 
4.93 150 79427 
5.03 150 79443 
4.99 150 79459 
4.75 150 79474 
4.76 150 79490 
5.18 150 79506 
5.15 150 79522 
5.14 150 79538 
5.28 150 79553 
5.54 150 79569 
5.42 150 79585 
4.86 150 79601 
5.19 150 79617 
5.55 150 79632 
5.48 150 79648 
5.38 150 79664 
5.36 150 79680 
5.7 150 79696 
5.65 150 79712 
5.62 150 79727 
5.73 150 79743 
6.21 150 79759 
6.54 150 79775 
5.99 150 79791 
5.87 150 79806 
6.3 150 79822 
6.45 150 79838 
6.6 150 79854 
6.67 150 79870 
6.83 150 79885 
6.46 150 79901 
6.41 150 79917 
6.55 150 79933 
6.86 150 79949 
7.08 150 79965 
6.97 150 79980 
6.86 150 79996 
7.09 150 80012 
7.43 150 80028 
7.11 150 80044 
6.75 150 80059 
7.32 150 80075 
7.42 150 80091 
7.02 150 80107 
7.34 150 80123 
8.1 150 80138 
8.02 150 80154 
7.23 150 80170 
7.46 150 80186 
7.76 150 80202 
7.92 150 80217 
7.89 150 80233 
7.79 150 80249 
8.02 150 80265 
8.49 150 80281 
8.1 150 80296 
7.96 150 80312 
8.99 150 80328 
9.16 150 80344 
8.71 150 80360 
8.07 150 80376 
8.08 150 80391 
8.85 150 80407 
9.2 150 80423 
8.73 150 80439 
8.76 150 80455 
9.13 150 80470 
9.19 150 80486 
8.84 150 80502 
8.83 150 80518 
9.2 150 80534 
9.19 150 80549 
9.1 150 80565 
9.59 150 80581 
9.73 150 80597 
9.31 150 80613 
9.18 150 80628 
9.48 150 80644 
9.62 150 80660 
9.84 150 80676 
9.72 150 80692 
9.56 150 80707 
9.92 150 80723 
9.86 150 80739 
9.48 150 80755 
9.88 150 80771 
10.18 150 80787 
10.22 150 80802 
9.88 150 80818 
10.11 150 80834 
10.4 150 80850 
10.37 150 80866 
10.34 150 80881 
10.4 150 80897 
10.64 150 80913 
10.52 150 80929 
10.37 150 80945 
10.62 150 80960 
10.81 150 80976 
10.74 150 80992 
10.91 150 81008 
10.86 150 81024 
10.97 150 81039 
10.92 150 81055 
10.7 150 81071 
11.1 150 81087 
11.51 150 81103 
11.47 150 81119 
11.28 150 81134 
11.26 150 81150 
11.4 150 81166 
11.41 150 81182 
11.43 150 81198 
11.52 150 81213 
11.85 150 81229 
12.12 150 81245 
12.1 150 81261 
12.04 150 81277 
12.18 150 81292 
12.15 150 81308 
11.75 150 81324 
11.72 150 81340 
12.06 150 81356 
12.37 150 81372 
12.43 150 81387 
12.37 150 81403 
12.54 150 81419 
12.79 150 81435 
12.59 150 81451 
12.58 150 81466 
12.69 150 81482 
12.76 150 81498 
12.68 150 81514 
12.75 150 81530 
13.04 150 81545 
13.32 150 81561 
13.01 150 81577 
13.12 150 81593 
13.31 150 81609 
13.21 150 81625 
13.45 150 81640 
13.54 150 81656 
13.65 150 81672 
13.36 150 81688 
13.37 150 81704 
13.21 150 81719 
13.58 150 81735 
13.94 150 81751 
13.98 150 81767 
14.06 150 81783 
14.35 150 81798 
14.43 150 81814 
14.12 150 81830 
13.95 150 81846 
14.13 150 81862 
14.71 150 81878 
14.66 150 81893 
14.25 150 81909 
14.74 150 81925 
15.24 150 81941 
15.04 150 81957 
14.5 150 81972 
14.66 150 81988 
15.02 150 82004 
15.07 150 82020 
14.74 150 82036 
15.16 150 82051 
15.76 150 82067 
15.6 150 82083 
15.32 150 82099 
15.26 150 82115 
15.65 150 82130 
15.75 150 82146 
15.45 150 82162 
15.73 150 82178 
15.94 150 82194 
15.87 150 82210 
15.7 150 82225 
15.67 150 82241 
16.01 150 82257 
16.17 150 82273 
15.87 150 82289 
16.03 150 82304 
16.41 150 82320 
16.48 150 82336 
16.52 150 82352 
16.61 150 82368 
16.86 150 82383 
17.22 150 82399 
16.91 150 82415 
16.76 150 82431 
17.14 150 82447 
17.31 150 82462 
17.05 150 82478 
17.09 150 82494 
17.38 150 82510 
17.32 150 82526 
17.35 150 82541 
17.68 150 82557 
18.06 150 82573 
17.77 150 82589 
17.48 150 82605 
18.12 150 82621 
18.23 150 82636 
18.07 150 82652 
17.98 150 82668 
18.34 150 82684 
18.36 150 82700 
18.67 150 82715 
18.8 150 82731 
18.75 150 82747 
18.82 150 82763 
18.89 150 82779 
18.5 150 82794 
18.58 150 82810 
18.94 150 82826 
19.36 150 82842 
18.86 150 82858 
19.1 150 82874 
19.81 150 82889 
19.63 150 82905 
19.38 150 82921 
19.43 150 82937 
19.61 150 82953 
19.74 150 82968 
20.11 150 82984 
20 150 83000 
20.09 150 83016 
20.08 150 83032 
20.16 150 83047 
20.31 150 83063 
20.36 150 83079 
20.54 150 83095 
20.43 150 83111 
20.16 150 83126 
20.7 150 83142 
21.1 150 83158 
21.05 150 83174 
20.89 150 83190 
20.98 150 83205 
21 150 83221 
21.05 150 83237 
21.35 150 83253 
21.64 150 83269 
21.48 150 83284 
21.5 150 83300 
21.33 150 83316 
21.42 150 83332 
21.67 150 83348 
21.68 150 83364 
21.72 150 83379 
21.77 150 83395 
21.66 150 83411 
21.85 150 83427 
22.16 150 83443 
22.17 150 83458 
22.75 150 83474 
22.43 150 83490 
22.2 150 83506 
22.02 150 83522 
22.08 150 83537 
22.58 150 83553 
22.88 150 83569 
23.08 150 83585 
23.08 150 83601 
23.18 150 83616 
22.92 150 83632 
22.96 150 83648 
23.44 150 83664 
23.27 150 83680 
23.04 150 83696 
23.73 150 83711 
23.86 150 83727 
23.86 150 83743 
23.75 150 83759 
23.84 150 83775 
24.43 150 83790 
24.37 150 83806 
24.02 150 83822 
24.15 150 83838 
24.7 150 83854 
24.67 150 83869 
24.42 150 83885 
24.26 150 83901 
24.49 150 83917 
24.71 150 83933 
24.57 150 83949 
24.88 150 83964 
25.16 150 83980 
25.08 150 83996 
25.09 150 84012 
25.05 150 84028 
25.23 150 84043 
25.34 150 84059 
25.64 150 84075 
25.84 150 84091 
25.74 150 84107 
25.83 150 84122 
25.79 150 84138 
25.91 150 84154 
25.98 150 84170 
26.14 150 84186 
26.07 150 84201 
26 150 84217 
26.23 150 84233 
26.63 150 84249 
26.74 150 84265 
26.44 150 84281 
26.69 150 84296 
26.88 150 84312 
26.64 150 84328 
26.78 150 84344 
27.15 150 84360 
27.12 150 84375 
27.41 150 84391 
27.41 150 84407 
27.3 150 84423 
27.59 150 84439 
27.15 150 84454 
27.31 150 84470 
27.9 150 84486 
27.79 150 84502 
27.53 150 84518 
28.01 150 84533 
28.16 150 84549 
28.15 150 84565 
28 150 84581 
27.91 150 84597 
28.29 150 84613 
28.6 150 84628 
28.86 150 84644 
28.76 150 84660 
28.65 150 84676 
29.03 150 84692 
28.89 150 84707 
28.72 150 84723 
28.94 150 84739 
29.06 150 84755 
28.96 150 84771 
28.89 150 84786 
29.37 150 84802 
29.81 150 84818 
29.9 150 84834 
29.84 150 84850 
29.92 150 84865 
29.96 150 84881 
29.82 150 84897 
29.82 150 84913 
29.96 150 84929 
30.35 150 84945 
30.4 150 84960 
30.22 150 84976 
30.13 150 84992 
30.54 150 85008 
30.61 150 85024 
30.64 150 85039 
31.02 150 85055 
31.4 150 85071 
31.36 150 85087 
30.95 150 85103 
31.08 150 85118 
31.9 150 85134 
32.44 150 85150 
31.85 150 85166 
31.9 150 85182 
32.14 150 85197 
32.09 150 85213 
31.92 150 85229 
32.08 150 85245 
32.37 150 85261 
32.61 150 85277 
32.32 150 85292 
32.37 150 85308 
32.74 150 85324 
32.98 150 85340 
32.65 150 85356 
32.77 150 85371 
33.03 150 85387 
33.05 150 85403 
32.9 150 85419 
32.95 150 85435 
33.3 150 85450 
33.55 150 85466 
33.48 150 85482 
33.45 150 85498 
33.7 150 85514 
34.18 150 85530 
33.68 150 85545 
33.52 150 85561 
34.03 150 85577 
34.36 150 85593 
34.07 150 85609 
33.98 150 85624 
34.5 150 85640 
34.79 150 85656 
34.45 150 85672 
34.31 150 85688 
34.85 150 85703 
35.02 150 85719 
35.07 150 85735 
35.22 150 85751 
35.6 150 85767 
35.66 150 85783 
35.66 150 85798 
35.64 150 85814 
35.82 150 85830 
36.19 150 85846 
35.88 150 85862 
35.96 150 85877 
36.38 150 85893 
36.67 150 85909 
36.54 150 85925 
36.76 150 85941 
36.81 150 85956 
36.99 150 85972 
37.06 150 85988 
36.92 150 86004 
37.1 150 86020 
37.27 150 86036 
37.24 150 86051 
37.3 150 86067 
37.55 150 86083 
37.79 150 86099 
37.85 150 86115 
37.71 150 86130 
37.96 150 86146 
38.44 150 86162 
38.15 150 86178 
38 150 86194 
38.09 150 86209 
38.61 150 86225 
38.39 150 86241 
38.52 150 86257 
38.96 150 86273 
39.21 150 86288 
39.26 150 86304 
38.9 150 86320 
39.06 150 86336 
39.7 150 86352 
39.64 150 86368 
39.56 150 86383 
39.59 150 86399 
39.57 150 86415 
39.57 150 86431 
39.48 150 86447 
39.79 150 86462 
40.06 150 86478 
40.19 150 86494 
40.19 150 86510 
40 150 86526 
40.43 150 86541 
40.82 150 86557 
40.77 150 86573 
40.81 150 86589 
41.02 150 86605 
41.36 150 86620 
41.47 150 86636 
41.18 150 86652 
41.44 150 86668 
41.68 150 86684 
41.83 150 86700 
41.5 150 86715 
41.74 150 86731 
42.05 150 86747 
42.02 150 86763 
42.19 150 86779 
42.28 150 86794 
42.34 150 86810 
42.25 150 86826 
42.12 150 86842 
42.61 150 86858 
42.77 150 86873 
42.57 150 86889 
42.62 150 86905 
42.99 150 86921 
43.09 150 86937 
42.9 150 86952 
42.88 150 86968 
43.32 150 86984 
43.51 150 87000 
43.56 150 87016 
43.67 150 87032 
43.9 150 87047 
44.39 150 87063 
44.16 150 87079 
44.05 150 87095 
44.35 150 87111 
44.39 150 87126 
44.13 150 87142 
44.3 150 87158 
44.84 150 87174 
45.12 150 87190 
44.79 150 87205 
44.99 150 87221 
45.65 150 87237 
45.65 150 87253 
45.63 150 87269 
45.27 150 87285 
45.4 150 87300 
45.99 150 87316 
46.02 150 87332 
46.04 150 87348 
46.05 150 87364 
46.5 150 87379 
46.59 150 87395 
46.27 150 87411 
46.83 150 87427 
47.44 150 87443 
47.05 150 87458 
47.05 150 87474 
47.38 150 87490 
47.96 150 87506 
47.82 150 87522 
47.5 150 87537 
47.74 150 87553 
47.8 150 87569 
47.82 150 87585 
48.03 150 87601 
48.19 150 87617 
48.6 150 87632 
48.7 150 87648 
48.54 150 87664 
48.6 150 87680 
48.97 150 87696 
48.96 150 87711 
48.93 150 87727 
49.11 150 87743 
49.51 150 87759 
49.46 150 87775 
49.39 150 87790 
49.77 150 87806 
50.01 150 87822 
50.16 150 87838 
49.86 150 87854 
49.93 150 87870 
50.37 150 87885 
50.58 150 87901 
50.25 150 87917 
50.47 150 87933 
50.98 150 87949 
51.49 150 87964 
51.08 150 87980 
50.88 150 87996 
51.38 150 88012 
51.62 150 88028 
51.48 150 88043 
51.59 150 88059 
52.17 150 88075 
52.11 150 88091 
51.71 150 88107 
51.72 150 88122 
52.25 150 88138 
52.34 150 88154 
52.04 150 88170 
52.32 150 88186 
52.72 150 88202 
53.3 150 88217 
53.32 150 88233 
53.5 150 88249 
53.81 150 88265 
53.88 150 88281 
53.94 150 88296 
53.97 150 88312 
54.24 150 88328 
54.66 150 88344 
54.63 150 88360 
54.49 150 88375 
54.84 150 88391 
55.22 150 88407 
55.17 150 88423 
55.12 150 88439 
55.27 150 88455 
55.1 150 88470 
55.38 150 88486 
55.5 150 88502 
55.88 150 88518 
56.26 150 88534 
56.24 150 88549 
56.21 150 88565 
56.43 150 88581 
56.77 150 88597 
56.87 150 88613 
56.88 150 88628 
56.64 150 88644 
56.88 150 88660 
57.16 150 88676 
57.07 150 88692 
57.21 150 88708 
57.66 150 88723 
57.74 150 88739 
57.49 150 88755 
57.39 150 88771 
57.8 150 88787 
58.19 150 88802 
58.23 150 88818 
58.35 150 88834 
58.37 150 88850 
58.44 150 88866 
58.42 150 88881 
58.65 150 88897 
59.01 150 88913 
59.09 150 88929 
59.11 150 88945 
59.37 150 88960 
59.88 150 88976 
59.84 150 88992 
59.55 150 89008 
59.69 150 89024 
60.11 150 89040 
60.48 150 89055 
60.54 150 89071 
61.06 150 89087 
61.33 150 89103 
61.13 150 89119 
61.24 150 89134 
61.37 150 89150 
61.48 150 89166 
61.8 150 89182 
61.89 150 89198 
61.98 150 89213 
62.22 150 89229 
62.31 150 89245 
62.24 150 89261 
62.37 150 89277 
62.87 150 89292 
63.07 150 89308 
63.02 150 89324 
62.86 150 89340 
63.17 150 89356 
63.3 150 89372 
63.39 150 89387 
63.23 150 89403 
63.68 150 89419 
63.96 150 89435 
63.92 150 89451 
63.85 150 89466 
64.19 150 89482 
64.48 150 89498 
64.68 150 89514 
64.48 150 89530 
64.79 150 89545 
65.02 150 89561 
64.7 150 89577 
65.07 150 89593 
65.42 150 89609 
65.37 150 89624 
65.2 150 89640 
65.44 150 89656 
65.77 150 89672 
66.07 150 89688 
66 150 89704 
65.69 150 89719 
66.16 150 89735 
66.49 150 89751 
66.27 150 89767 
66.23 150 89783 
66.79 150 89798 
66.79 150 89814 
66.98 150 89830 
67.53 150 89846 
68 150 89862 
67.89 150 89877 
67.78 150 89893 
67.84 150 89909 
68.3 150 89925 
68.49 150 89941 
68.25 150 89956 
68.28 150 89972 
68.91 150 89988 
69.39 150 90004 
69.34 150 90020 
69.29 150 90036 
69.66 150 90051 
69.66 150 90067 
69.31 150 90083 
69.51 150 90099 
69.95 150 90115 
70.2 150 90130 
70.19 150 90146 
69.95 150 90162 
70.25 150 90178 
70.48 150 90194 
70.43 150 90209 
70.15 150 90225 
70.64 150 90241 
71.39 150 90257 
71.43 150 90273 
71.41 150 90288 
71.72 150 90304 
71.76 150 90320 
71.97 150 90320 
72.33 150 90320 
71.93 150 90320 
72.11 150 90320 
72.24 150 90320 
72.09 150 90320 
71.66 150 90320 
71.84 150 90320 
72.07 150 90320 
72.01 150 90320 
72.15 150 90320 
72.04 150 90320 
71.8 150 90320 
71.82 150 90320 
72.18 150 90320 
72.25 150 90320 
72.13 150 90320 
71.72 150 90320 
72.04 150 90320 
72.1 150 90320 
71.98 150 90320 
72.02 150 90320 
71.92 150 90320 
71.9 150 90320 
71.99 150 90320 
72.11 150 90320 
72.09 150 90320 
72.05 150 90320 
71.93 150 90320 
71.76 150 90320 
72 150 90320 
71.98 150 90320 
71.65 150 90320 
71.65 150 90320 
71.68 150 90320 
71.72 150 90320 
72.01 150 90320 
72.12 150 90320 
71.83 150 90320 
71.75 150 90320 
71.96 150 90320 
71.96 150 90320 
71.89 150 90320 
71.96 150 90320 
71.98 150 90320 
71.93 150 90320 
71.87 150 90320 
72.03 150 90320 
72 150 90320 
71.73 150 90320 
71.65 150 90320 
71.57 150 90320 
71.45 150 90320 
71.68 150 90320 
71.97 150 90320 
71.85 150 90320 
71.77 150 90320 
71.8 150 90320 
71.83 150 90320 
71.68 150 90320 
71.8 150 90320 
71.85 150 90320 
71.88 150 90320 
71.94 150 90320 
71.77 150 90320 
71.84 150 90320 
71.81 150 90320 
71.76 150 90320 
71.69 150 90320 
71.72 150 90320 
71.72 150 90320 
71.97 150 90320 
71.72 150 90320 
71.67 150 90320 
71.55 150 90320 
71.56 150 90320 
71.79 150 90320 
71.69 150 90320 
71.68 150 90320 
71.84 150 90320 
71.68 150 90320 
71.56 150 90320 
71.44 150 90320 
71.38 150 90320 
71.39 150 90320 
71.64 150 90320 
71.65 150 90320 
71.39 150 90320 
71.51 150 90320 
71.87 150 90320 
71.72 150 90320 
71.67 150 90320 
71.66 150 90320 
71.76 150 90320 
71.6 150 90320 
71.37 150 90320 
71.67 150 90320 
71.9 150 90320 
71.56 150 90320 
71.53 150 90320 
71.63 150 90320 
71.51 150 90320 
71.57 150 90320 
71.51 150 90320 
71.68 150 90320 
71.86 150 90320 
71.71 150 90320 
71.49 150 90320 
71.78 150 90320 
71.97 150 90320 
71.82 150 90320 
71.66 150 90320 
71.59 150 90320 
71.66 150 90320 
71.33 150 90320 
71.3 150 90320 
71.21 150 90320 
71.46 150 90320 
71.54 150 90320 
71.21 150 90320 
71.29 150 90320 
71.44 150 90320 
71.37 150 90320 
71.42 150 90320 
71.47 150 90320 
71.58 150 90320 
71.63 150 90320 
71.48 150 90320 
71.44 150 90320 
71.45 150 90320 
71.39 150 90320 
71.32 150 90320 
71.64 150 90320 
71.52 150 90320 
71.45 150 90320 
71.53 150 90320 
71.65 150 90320 
71.44 150 90320 
71.3 150 90320 
71.34 150 90320 
71.61 150 90320 
71.47 150 90320 
71.18 150 90320 
71.27 150 90320 
71.51 150 90320 
71.31 150 90320 
71.42 150 90320 
71.38 150 90320 
71.39 150 90320 
71.41 150 90320 
71.52 150 90320 
71.46 150 90320 
71.57 150 90320 
71.54 150 90320 
71.56 150 90320 
71.64 150 90320 
71.43 150 90320 
71.37 150 90320 
71.43 150 90320 
71.53 150 90320 
71.26 150 90320 
71.33 150 90320 
71.43 150 90320 
71.29 150 90320 
71.56 150 90320 
71.6 150 90320 
71.64 150 90320 
71.4 150 90320 
71.53 150 90320 
71.69 150 90320 
71.66 150 90320 
71.67 150 90320 
71.48 150 90320 
71.38 150 90320 
71.72 150 90320 
71.62 150 90320 
71.44 150 90320 
71.43 150 90320 
71.38 150 90320 
71.48 150 90320 
71.29 150 90320 
71.17 150 90320 
71.39 150 90320 
71.41 150 90320 
71.61 150 90320 
71.48 150 90320 
71.21 150 90320 
71.28 150 90320 
71.18 150 90320 
71.12 150 90320 
71.29 150 90320 
71.52 150 90320 
71.46 150 90320 
71.46 150 90320 
71.61 150 90320 
71.37 150 90320 
71.18 150 90320 
71.34 150 90320 
71.48 150 90320 
71.47 150 90320 
71.36 150 90320 
71.35 150 90320 
71.51 150 90320 
71.46 150 90320 
71.24 150 90320 
71.26 150 90320 
71.23 150 90320 
71.06 150 90320 
71.1 150 90320 
71.11 150 90320 
71.12 150 90320 
71.11 150 90320 
71.22 150 90320 
71.33 150 90320 
71.45 150 90320 
71.31 150 90320 
71.17 150 90320 
71.27 150 90320 
71.34 150 90320 
71.67 150 90320 
71.39 150 90320 
71.28 150 90320 
71.39 150 90320 
71.57 150 90320 
71.27 150 90320 
71.24 150 90320 
71.16 150 90320 
71.22 150 90320 
71.38 150 90320 
71.52 150 90320 
71.39 150 90320 
71.18 150 90320 
71.23 150 90320 
71.4 150 90320 
71.38 150 90320 
71.15 150 90320 
71.49 150 90320 
71.47 150 90320 
71.29 150 90320 
71.09 150 90320 
71.17 150 90320 
71.22 150 90320 
71.16 150 90320 
71.21 150 90320 
71.24 150 90320 
71.38 150 90320 
71.45 150 90320 
71.55 150 90320 
71.53 150 90320 
71.44 150 90320 
71.39 150 90320 
71.35 150 90320 
71.15 150 90320 
71.46 150 90320 
71.49 150 90320 
71.36 150 90320 
71.16 150 90320 
71.36 150 90320 
71.5 150 90320 
71.63 150 90320 
71.51 150 90320 
71.27 150 90320 
71.2 150 90320 
71.29 150 90320 
71.33 150 90320 
71.44 150 90320 
71.25 150 90320 
71.34 150 90320 
71.13 150 90320 
71.18 150 90320 
71.42 150 90320 
71.39 150 90320 
71.5 150 90320 
71.54 150 90320 
71.58 150 90320 
71.33 150 90320 
71.51 150 90320 
71.5 150 90320 
71.16 150 90320 
71.18 150 90320 
71.2 150 90320 
71.23 150 90320 
71.29 150 90320 
71.28 150 90320 
71.11 150 90320 
71.2 150 90320 
71.33 150 90320 
71.31 150 90320 
71.26 150 90320 
71.13 150 90320 
71.15 150 90320 
71.3 150 90320 
71.52 150 90320 
71.26 150 90320 
71.3 150 90320 
71.47 150 90320 
71.46 150 90320 
71.3 150 90320 
71.33 150 90320 
71.34 150 90320 
71.41 150 90320 
71.49 150 90320 
71.48 150 90320 
71.36 150 90320 
71.38 150 90320 
71.38 150 90320 
71.53 150 90320 
71.51 150 90320 
71.45 150 90320 
71.55 150 90320 
71.64 150 90320 
71.76 150 90320 
71.55 150 90320 
71.55 150 90320 
71.5 150 90320 
71.37 150 90320 
71.15 150 90320 
71.33 150 90320 
71.59 150 90320 
71.38 150 90320 
71.58 150 90320 
71.35 150 90320 
71.21 150 90320 
71.08 150 90320 
71.08 150 90320 
71.11 150 90320 
71.37 150 90320 
71.54 150 90320 
71.55 150 90320 
71.59 150 90320 
71.67 150 90320 
71.88 150 90320 
71.8 150 90320 
71.43 150 90320 
71.14 150 90320 
71.22 150 90320 
71.45 150 90320 
71.56 150 90320 
71.52 150 90320 
71.19 150 90320 
71.02 150 90320 
71.31 150 90320 
71.41 150 90320 
71.31 150 90320 
71.29 150 90320 
71.4 150 90320 
71.43 150 90320 
71.22 150 90320 
71.2 150 90320 
71.47 150 90320 
71.2 150 90320 
71.1 150 90320 
71.3 150 90320 
71.12 150 90320 
71.24 150 90320 
71.41 150 90320 
71.36 150 90320 
71.49 150 90320 
71.55 150 90320 
71.48 150 90320 
71.44 150 90320 
71.36 150 90320 
71.61 150 90320 
71.72 150 90320 
71.64 150 90320 
71.52 150 90320 
71.37 150 90320 
71.24 150 90320 
71.12 150 90320 
71.23 150 90320 
71.47 150 90320 
71.43 150 90320 
71.51 150 90320 
71.54 150 90320 
71.61 150 90320 
71.27 150 90320 
70.97 150 90320 
71.3 150 90320 
71.58 150 90320 
71.41 150 90320 
71.42 150 90320 
71.33 150 90320 
71.43 150 90320 
71.46 150 90320 
71.18 150 90320 
71.18 150 90320 
71.4 150 90320 
71.4 150 90320 
71.32 150 90320 
71.37 150 90320 
71.58 150 90320 
71.36 150 90320 
71.28 150 90320 
71.35 150 90320 
71.46 150 90320 
71.71 150 90320 
71.41 150 90320 
71.2 150 90320 
71.31 150 90320 
71.23 150 90320 
71.09 150 90320 
71.16 150 90320 
71.09 150 90320 
71.12 150 90320 
70.96 150 90320 
71.05 150 90320 
71.17 150 90320 
71.41 150 90320 
71.39 150 90320 
71.28 150 90320 
71.4 150 90320 
71.44 150 90320 
71.37 150 90320 
71.12 150 90320 
71.36 150 90320 
71.31 150 90320 
71.24 150 90320 
71.46 150 90320 
71.5 150 90320 
71.51 150 90320 
71.28 150 90320 
71.23 150 90320 
71.47 150 90320 
71.61 150 90320 
71.67 150 90320 
71.56 150 90320 
71.19 150 90320 
71.15 150 90320 
71.2 150 90320 
71.42 150 90320 
71.27 150 90320 
71.1 150 90320 
71.4 150 90320 
71.18 150 90320 
71.27 150 90320 
71.24 150 90320 
71.16 150 90320 
71.19 150 90320 
71.09 150 90320 
71.22 150 90320 
71.3 150 90320 
71.61 150 90320 
71.48 150 90320 
71.1 150 90320 
71.27 150 90320 
71.23 150 90320 
71.09 150 90320 
71.28 150 90320 
71.43 150 90320 
71.27 150 90320 
71.19 150 90320 
71.29 150 90320 
71.44 150 90320 
71.58 150 90320 
71.49 150 90320 
71.31 150 90320 
71.15 150 90320 
71.1 150 90320 
71.02 150 90320 
71.25 150 90320 
71.5 150 90320 
71.48 150 90320 
71.47 150 90320 
71.39 150 90320 
71.1 150 90320 
71.21 150 90320 
71.32 150 90320 
71.14 150 90320 
71.24 150 90320 
71.43 150 90320 
71.49 150 90320 
71.48 150 90320 
71.52 150 90320 
71.41 150 90320 
71.38 150 90320 
71.37 150 90320 
71.82 150 90320 
71.72 150 90320 
71.48 150 90320 
71.73 150 90320 
71.81 150 90320 
71.46 150 90320 
71.13 150 90320 
71.36 150 90320 
71.44 150 90320 
71.47 150 90320 
71.51 150 90320 
71.37 150 90320 
71.26 150 90320 
71.25 150 90320 
71.4 150 90320 
71.68 150 90320 
71.63 150 90320 
71.28 150 90320 
71.11 150 90320 
71.38 150 90320 
71.37 150 90320 
71.49 150 90320 
71.34 150 90320 
71.18 150 90320 
71.33 150 90320 
71.1 150 90320 
70.92 150 90320 
71.24 150 90320 
71.72 150 90320 
71.96 150 90320 
71.44 150 90320 
71.43 150 90320 
71.59 150 90320 
71.29 150 90320 
71.43 150 90320 
71.46 150 90320 
71.08 150 90320 
71.03 150 90320 
71.4 150 90320 
71.35 150 90320 
71.35 150 90320 
71.53 150 90320 
71.67 150 90320 
71.29 150 90320 
71.46 150 90320 
71.71 150 90320 
71.7 150 90320 
71.41 150 90320 
71.1 150 90320 
71.66 150 90320 
71.76 150 90320 
71.3 150 90320 
71.37 150 90320 
71.3 150 90320 
71.15 150 90320 
71.08 150 90320 
71.32 150 90320 
71.3 150 90320 
71.21 150 90320 
71.51 150 90320 
71.5 150 90320 
71.46 150 90320 
71.08 150 90320 
71.23 150 90320 
71.35 150 90320 
71.15 150 90320 
71.25 150 90320 
71.55 150 90320 
71.53 150 90320 
71.61 150 90320 
71.7 150 90320 
71.27 150 90320 
71.16 150 90320 
71.42 150 90320 
71.53 150 90320 
71.39 150 90320 
71.43 150 90320 
71.44 150 90320 
71.41 150 90320 
71.37 150 90320 
71.51 150 90320 
71.52 150 90320 
71.17 150 90320 
71.21 150 90320 
71.19 150 90320 
71.13 150 90320 
71.31 150 90320 
71.42 150 90320 
71.5 150 90320 
71.49 150 90320 
71.45 150 90320 
71.28 150 90320 
71.36 150 90320 
71.21 150 90320 
71.32 150 90320 
71.48 150 90320 
71.66 150 90320 
71.72 150 90320 
71.8 150 90320 
71.74 150 90320 
71.39 150 90320 
71.3 150 90320 
71.29 150 90320 
71.24 150 90320 
71.27 150 90320 
71.56 150 90320 
71.58 150 90320 
71.59 150 90320 
71.67 150 90320 
71.41 150 90320 
71.38 150 90320 
71.47 150 90320 
71.68 150 90320 
71.72 150 90320 
71.54 150 90320 
71.42 150 90320 
71.38 150 90320 
71.16 150 90320 
71.34 150 90320 
71.36 150 90320 
70.99 150 90320 
71.37 150 90320 
71.54 150 90320 
71.53 150 90320 
71.29 150 90320 
71.24 150 90320 
71.4 150 90320 
71.59 150 90320 
71.49 150 90320 
71.38 150 90320 
71.48 150 90320 
71.57 150 90320 
71.43 150 90320 
71.44 150 90320 
71.51 150 90320 
71.42 150 90320 
71.66 150 90320 
71.68 150 90320 
71.31 150 90320 
71.32 150 90320 
71.42 150 90320 
71.43 150 90320 
71.3 150 90320 
71.47 150 90320 
71.2 150 90320 
71.18 150 90320 
71.12 150 90320 
71 150 90320 
71.31 150 90320 
71.58 150 90320 
71.44 150 90320 
71.49 150 90320 
71.54 150 90320 
71.4 150 90320 
71.18 150 90320 
71.19 150 90320 
71.19 150 90320 
71.15 150 90320 
71.6 150 90320 
71.74 150 90320 
71.27 150 90320 
71.07 150 90320 
71.03 150 90320 
71.2 150 90320 
71.38 150 90320 
71.32 150 90320 
71.48 150 90320 
71.36 150 90320 
71.36 150 90320 
71.65 150 90320 
71.41 150 90320 
71.59 150 90320 
71.45 150 90320 
71.48 150 90320 
71.43 150 90320 
71.27 150 90320 
71.24 150 90320 
71.28 150 90320 
71.34 150 90320 
71.23 150 90320 
71.18 150 90320 
71.47 150 90320 
71.56 150 90320 
71.28 150 90320 
71.37 150 90320 
71.28 150 90320 
71.15 150 90320 
71.24 150 90320 
71.38 150 90320 
71.46 150 90320 
71.4 150 90320 
71.42 150 90320 
71.23 150 90320 
71.25 150 90320 
71.4 150 90320 
71.45 150 90320 
71.52 150 90320 
71.47 150 90320 
71.4 150 90320 
71.78 150 90320 
71.47 150 90320 
71.33 150 90320 
71.36 150 90320 
71.38 150 90320 
71.33 150 90320 
71.22 150 90320 
71.33 150 90320 
71.18 150 90320 
70.97 150 90320 
71.28 150 90320 
71.45 150 90320 
71.4 150 90320 
71.38 150 90320 
71.43 150 90320 
71.31 150 90320 
71.4 150 90320 
71.36 150 90320 
71.42 150 90320 
71.32 150 90320 
71.3 150 90320 
71.35 150 90320 
71.41 150 90320 
71.16 150 90320 
71.13 150 90320 
71.32 150 90320 
71.48 150 90320 
71.48 150 90320 
71.44 150 90320 
71.4 150 90320 
71.41 150 90304 
72.04 150 90288 
71.87 150 90128 
71.49 150 89965 
70.24 150 89802 
68.26 150 89638 
66.91 150 89475 
65.24 150 89312 
63.99 150 89148 
62.67 150 88985 
60.71 150 88822 
59.24 150 88659 
58.29 150 88496 
57.06 150 88332 
55.75 150 88169 
54.59 150 88006 
53.06 150 87842 
51.59 150 87679 
50.32 150 87516 
48.85 150 87352 
47.47 150 87189 
46.24 150 87026 
44.95 150 86862 
43.95 150 86699 
42.66 150 86535 
40.94 150 86372 
39.87 150 86209 
38.53 150 86045 
37.78 150 85882 
36.58 150 85719 
35.54 150 85555 
34.72 150 85392 
33.9 150 85229 
32.72 150 85065 
31.76 150 84902 
31.09 150 84739 
29.99 150 84575 
29.12 150 84412 
28.18 150 84249 
26.87 150 84085 
25.95 150 83922 
25.25 150 83759 
24.34 150 83595 
23.52 150 83432 
22.45 150 83269 
21.3 150 83105 
20.61 150 82942 
20 150 82779 
19.13 150 82615 
18.23 150 82452 
17.46 150 82289 
16.92 150 82125 
16.23 150 81962 
15.65 150 81799 
14.96 150 81635 
14.27 150 81472 
13.77 150 81308 
13.17 150 81145 
12.27 150 80982 
11.68 150 80818 
11.11 150 80655 
10.21 150 80492 
9.63 150 80328 
9.2 150 80165 
8.64 150 80002 
7.82 150 79838 
7.33 150 79675 
6.71 150 79512 
5.88 150 79348 
5.62 150 79185 
5.04 150 79022 
4.38 150 78858 
3.65 150 78695 
2.86 150 78531 
2.19 150 78368 
1.68 150 78205 
1.68 150 78041 
1.33 150 77878 
1.08 150 77715 
0.65 150 77551 
0.08 150 77388 
-0.14 150 77225 
-0.22 150 77061 
-0.36 150 76898 
-0.35 150 76735 
-0.16 150 76571 
-0.17 150 76408 
-0.18 150 76245 
-0.26 150 76081 
-0.16 150 75918 
0.1 150 75754 
-0.02 150 75591 
-0.35 150 75428 
-0.54 150 75264 
-0.62 150 75101 
-0.42 150 74938 
-0.29 150 74774 
-0.23 150 74611 
-0.28 150 74448 
-0.29 150 74285 
-0.34 150 74121 
-0.33 150 73958 
-0.51 150 73795 
-0.39 150 73631 
-0.24 150 73468 
-0.22 150 73305 
-0.53 150 73141 
-0.57 150 72978 
-0.49 150 72815 
-0.11 150 72651 
-0.13 150 72488 
-0.19 150 72325 
0.01 150 72161 
-0.25 150 71998 
-0.6 150 71834 
-0.62 150 71671 
-0.46 150 71508 
-0.4 150 71344 
-0.14 150 71181 
-0.18 150 71018 
-0.11 150 70854 
-0.09 150 70691 
-0.3 150 70528 
-0.44 150 70364 
-0.41 150 70201 
-0.28 150 70038 
0.06 150 69874 
-0.14 150 69711 
-0.22 150 69548 
0.02 150 69384 
0.01 150 69221 
-0.16 150 69058 
-0.16 150 68894 
-0.31 150 68731 
-0.36 150 68568 
-0.37 150 68404 
-0.35 150 68241 
-0.39 150 68078 
-0.25 150 67914 
-0.05 150 67751 
-0.05 150 67588 
0.04 150 67424 
0 150 67261 
-0.47 150 67098 
-0.53 150 66934 
-0.21 150 66771 
-0.42 150 66607 
-0.48 150 66444 
-0.3 150 66281 
0.1 150 66117 
0.18 150 65954 
-0.3 150 65791 
-0.39 150 65627 
-0.56 150 65464 
-0.27 150 65301 
-0.32 150 65137 
-0.44 150 64974 
-0.16 150 64811 
-0.23 150 64647 
0.04 150 64484 
-0.23 150 64321 
-0.52 150 64157 
-0.3 150 63994 
-0.23 150 63831 
-0.21 150 63667 
-0.61 150 63504 
-0.52 150 63341 
-0.38 150 63177 
-0.31 150 63014 
-0.48 150 62851 
-0.11 150 62687 
-0.07 150 62524 
-0.39 150 62361 
-0.38 150 62197 
-0.29 150 62034 
-0.02 150 61870 
0.14 150 61707 
0.29 150 61544 
-0.15 150 61380 
-0.6 150 61217 
-0.36 150 61054 
-0.41 150 60890 
-0.61 150 60727 
-0.86 150 60564 
-0.62 150 60401 
-0.42 150 60237 
-0.08 150 60074 
-0.41 150 59911 
-0.72 150 59747 
-0.84 150 59584 
-0.75 150 59421 
-0.36 150 59257 
-0.2 150 59094 
-0.07 150 58931 
-0.25 150 58767 
-0.32 150 58604 
-0.17 150 58440 
-0.01 150 58277 
-0.06 150 58114 
-0.44 150 57950 
-0.53 150 57787 
-0.59 150 57624 
-0.28 150 57460 
-0.34 150 57297 
-0.64 150 57134 
-0.28 150 56970 
-0.17 150 56807 
-0.29 150 56644 
-0.45 150 56480 
-0.62 150 56317 
-0.53 150 56154 
-0.63 150 55990 
-0.42 150 55827 
-0.32 150 55664 
-0.35 150 55500 
-0.43 150 55337 
-0.79 150 55174 
-0.81 150 55010 
-0.75 150 54847 
-0.62 150 54683 
-0.18 150 54520 
-0.47 150 54357 
-0.6 150 54193 
-0.38 150 54030 
-0.39 150 53867 
-0.51 150 53703 
-0.68 150 53540 
-0.29 150 53377 
-0.44 150 53214 
-0.52 150 53051 
-0.3 150 52887 
-0.3 150 52724 
-0.37 150 52561 
-0.43 150 52397 
-0.49 150 52234 
-0.37 150 52071 
-0.34 150 51907 
-0.3 150 51744 
-0.7 150 51581 
-0.59 150 51417 
-0.1 150 51254 
-0.05 150 51091 
-0.12 150 50927 
-0.19 150 50764 
-0.45 150 50600 
-0.28 150 50437 
-0.23 150 50274 
-0.31 150 50110 
-0.49 150 49947 
-0.73 150 49784 
-0.62 150 49620 
-0.28 150 49457 
-0.03 150 49294 
-0.02 150 49130 
-0.14 150 48967 
-0.36 150 48804 
-0.37 150 48640 
-0.23 150 48477 
-0.01 150 48314 
-0.11 150 48150 
-0.14 150 47987 
-0.23 150 47824 
-0.47 150 47660 
-0.36 150 47497 
-0.17 150 47334 
-0.02 150 47170 
-0.61 150 47007 
-0.81 150 46844 
-0.65 150 46680 
-0.58 150 46517 
-0.46 150 46353 
-0.43 150 46190 
-0.2 150 46027 
-0.27 150 45863 
-0.73 150 45700 
-0.5 150 45537 
-0.24 150 45373 
-0.38 150 45210 
-0.14 150 45047 
-0.53 150 44883 
-0.35 150 44720 
-0.42 150 44557 
-0.32 150 44393 
-0.54 150 44230 
-0.51 150 44067 
-0.51 150 43904 
-0.86 150 43741 
-0.38 150 43578 
-0.14 150 43414 
-0.14 150 43251 
-0.29 150 43088 
-0.51 150 42924 
-0.39 150 42761 
-0.6 150 42598 
-0.5 150 42434 
-0.41 150 42271 
-0.62 150 42108 
-0.36 150 41944 
-0.26 150 41781 
-0.41 150 41618 
-0.53 150 41454 
-0.54 150 41291 
-0.65 150 41128 
-0.73 150 40964 
-0.64 150 40801 
-0.42 150 40638 
-0.54 150 40474 
-0.69 150 40311 
-0.32 150 40148 
-0.36 150 39984 
-0.73 150 39821 
-0.43 150 39658 
-0.51 150 39494 
-0.65 150 39331 
-0.56 150 39168 
-0.56 150 39004 
-0.53 150 38841 
-0.58 150 38678 
-0.39 150 38514 
-0.52 150 38351 
-0.9 150 38188 
-0.36 150 38024 
-0.34 150 37861 
-0.56 150 37698 
-0.56 150 37534 
-0.72 150 37371 
-0.54 150 37208 
-0.22 150 37044 
-0.21 150 36881 
-0.2 150 36718 
-0.14 150 36554 
-0.38 150 36391 
-0.54 150 36228 
-0.04 150 36064 
-0.15 150 35901 
-0.09 150 35737 
-0.18 150 35574 
-0.3 150 35411 
-0.14 150 35247 
-0.43 150 35084 
-0.65 150 34921 
-0.65 150 34757 
-0.62 150 34594 
-0.24 150 34431 
-0.29 150 34268 
-0.78 150 34104 
-0.78 150 33941 
-0.41 150 33778 
-0.34 150 33614 
-0.07 150 33451 
-0.2 150 33288 
-0.37 150 33124 
-0.61 150 32961 
-0.28 150 32798 
-0.47 150 32634 
-0.42 150 32471 
-0.5 150 32308 
-0.52 150 32144 
-0.46 150 31981 
-0.54 150 31818 
-0.22 150 31654 
-0.36 150 31491 
-0.69 150 31328 
-0.38 150 31164 
-0.24 150 31001 
-0.72 150 30837 
-0.62 150 30674 
-0.33 150 30511 
-0.28 150 30347 
-0.53 150 30184 
-0.92 150 30021 
-0.87 150 29857 
-0.49 150 29694 
-0.41 150 29531 
-0.48 150 29368 
-0.46 150 29205 
-0.42 150 29042 
-0.39 150 28878 
-0.42 150 28715 
-0.44 150 28552 
-0.53 150 28388 
-0.7 150 28225 
-0.49 150 28062 
-0.57 150 27898 
-0.54 150 27735 
-0.27 150 27572 
-0.52 150 27408 
-0.66 150 27245 
-0.26 150 27082 
-0.43 150 26918 
-0.39 150 26755 
-0.22 150 26592 
-0.23 150 26428 
-0.51 150 26265 
-0.73 150 26102 
-0.54 150 25938 
-0.62 150 25775 
-0.37 150 25612 
-0.22 150 25448 
-0.35 150 25285 
-0.32 150 25122 
-0.25 150 24958 
-0.38 150 24795 
-0.18 150 24632 
-0.09 150 24468 
-0.24 150 24305 
-0.43 150 24142 
-0.64 150 23978 
-0.5 150 23815 
-0.12 150 23652 
-0.1 150 23488 
-0.34 150 23325 
-0.46 150 23162 
-0.49 150 22998 
-0.45 150 22835 
-0.48 150 22671 
-0.45 150 22508 
-0.5 150 22345 
-0.71 150 22181 
-1.09 150 22018 
-1.1 150 21855 
-0.73 150 21691 
-0.56 150 21528 
-0.63 150 21365 
-0.53 150 21201 
-0.35 150 21038 
-0.48 150 20875 
-0.47 150 20711 
-0.54 150 20548 
-0.51 150 20385 
-0.56 150 20221 
-0.89 150 20058 
-0.74 150 19895 
-0.79 150 19732 
-0.89 150 19568 
-0.76 150 19405 
-0.44 150 19242 
-0.39 150 19078 
-0.32 150 18915 
-0.36 150 18752 
-0.29 150 18588 
-0.39 150 18425 
-0.57 150 18262 
-0.38 150 18098 
-0.03 150 17935 
-0.23 150 17772 
-0.31 150 17608 
-0.56 150 17445 
-0.43 150 17282 
-0.5 150 17118 
-0.84 150 16955 
-0.79 150 16791 
-0.79 150 16628 
-0.76 150 16465 
-0.85 150 16301 
-0.52 150 16138 
-0.23 150 15975 
-0.44 150 15811 
-0.42 150 15648 
-0.52 150 15485 
-0.24 150 15321 
-0.32 150 15158 
-0.57 150 14995 
-0.78 150 14832 
-0.48 150 14668 
-0.44 150 14505 
-0.87 150 14342 
-0.73 150 14178 
-0.61 150 14015 
-0.59 150 13852 
-0.49 150 13688 
-0.75 150 13525 
-0.42 150 13521 
-0.1 150 13521 
-0.5 150 13521 
-0.77 150 13521 
-0.75 150 13521 
-0.7 150 13521 
-0.76 150 13521 
-0.96 150 13521 
-0.93 150 13521 
-0.58 150 13521 
-0.56 150 13521 
-0.75 150 13521 
-0.83 150 13521 
-0.85 150 13521 
-0.66 150 13521 
-0.65 150 13521 
-1.02 150 13521 
-1.03 150 13521 
-1.07 150 13521 
-0.88 150 13521 
-0.65 150 13521 
-0.6 150 13521 
-0.78 150 13521 
-0.71 150 13521 
-1.06 150 13521 
-0.95 150 13521 
-0.84 150 13521 
-0.77 150 13521 
-0.96 150 13521 
-0.8 150 13521 
-0.91 150 13521 
-0.63 150 13521 
-0.55 150 13521 
-0.56 150 13521 
-0.58 150 13521 
-0.93 150 13521 
-0.96 150 13521 
-0.79 150 13521 
-0.61 150 13521 
-0.73 150 13521 
-0.88 150 13521 
-0.94 150 13521 
-0.77 150 13521 
-0.63 150 13521 
-0.85 150 13521 
-1 150 13521 
-0.8 150 13521 
-0.7 150 13521 
-0.89 150 13521 
-0.97 150 13521 
-0.9 150 13521 
-0.78 150 13521 
-1.25 150 13521 
-1.18 150 13521 
-0.95 150 13521 
-1.05 150 13521 
-0.76 150 13521 
-0.62 150 13521 
-0.8 150 13521 
-0.97 150 13521 
-0.64 150 13521 
-0.55 150 13521 
-0.72 150 13521 
-1.1 150 13521 
-1.27 150 13521 
-1.18 150 13521 
-1.05 150 13521 
-0.83 150 13521 
-0.65 150 13521 
-0.73 150 13521 
-0.82 150 13521 
-0.83 150 13521 
-0.75 150 13521 
-0.24 150 13521 
-0.18 150 13521 
-0.23 150 13521 
-0.25 150 13521 
-0.68 150 13521 
-0.6 150 13521 
-0.62 150 13521 
-0.68 150 13521 
-0.75 150 13521 
-0.89 150 13521 
-1.03 150 13521 
-0.87 150 13521 
-0.44 150 13521 
-0.39 150 13521 
-0.36 150 13521 
-0.41 150 13521 
-0.38 150 13521 
-0.5 150 13521 
-0.66 150 13521 
-0.77 150 13521 
-0.8 150 13521 
-0.91 150 13521 
-0.83 150 13521 
-0.82 150 13521 
-0.78 150 13521 
-0.71 150 13521 
-1.08 150 13521 
-0.77 150 13521 
-0.74 150 13521 
-0.68 150 13521 
-0.88 150 13521 
-0.87 150 13521 
-0.86 150 13521 
-0.84 150 13521 
-0.34 150 13521 
-0.49 150 13521 
-0.7 150 13521 
-0.73 150 13521 
-0.66 150 13521 
-0.69 150 13521 
-0.76 150 13521 
-1.13 150 13521 
-0.78 150 13521 
-0.71 150 13521 
-0.97 150 13521 
-0.85 150 13521 
-0.54 150 13521 
-0.74 150 13521 
-1.33 150 13521 
-1.31 150 13521 
-0.88 150 13521 
-0.81 150 13521 
-0.53 150 13521 
-0.74 150 13521 
-1.29 150 13521 
-1.07 150 13521 
-0.88 150 13521 
-1.05 150 13521 
-1.06 150 13521 
-1.08 150 13521 
-1.31 150 13521 
-1.05 150 13521 
-0.79 150 13521 
-0.67 150 13521 
-0.59 150 13521 
-0.58 150 13521 
-0.89 150 13521 
-0.7 150 13521 
-0.57 150 13521 
-0.88 150 13521 
-0.77 150 13521 
-0.55 150 13521 
-0.61 150 13521 
-0.77 150 13521 
-0.93 150 13521 
-0.9 150 13521 
-1.06 150 13521 
-0.86 150 13521 
-1.01 150 13521 
-1.09 150 13521 
-0.95 150 13521 
-0.72 150 13521 
-0.58 150 13521 
-0.55 150 13521 
-0.65 150 13521 
-0.89 150 13521 
-1.13 150 13521 
-1.08 150 13521 
-0.78 150 13521 
-0.71 150 13521 
-0.76 150 13521 
-0.68 150 13521 
-0.85 150 13521 
-0.79 150 13521 
-0.75 150 13521 
-0.86 150 13521 
-0.7 150 13521 
-0.72 150 13521 
-0.86 150 13521 
-0.8 150 13521 
-0.55 150 13521 
-0.57 150 13521 
-0.55 150 13521 
-0.68 150 13521 
-0.8 150 13521 
-0.75 150 13521 
-0.68 150 13521 
-0.74 150 13521 
-0.61 150 13521 
-0.54 150 13521 
-0.6 150 13521 
-0.58 150 13521 
-0.75 150 13521 
-0.76 150 13521 
-0.85 150 13521 
-0.8 150 13521 
-1.07 150 13521 
-1.23 150 13521 
-1.01 150 13521 
-1.1 150 13521 
-1.15 150 13521 
-1.03 150 13521 
-1 150 13521 
-1.05 150 13521 
-1.26 150 13521 
-0.81 150 13521 
-1.02 150 13521 
-0.98 150 13521 
-0.69 150 13521 
-0.73 150 13521 
-1.03 150 13521 
-0.88 150 13521 
-0.73 150 13521 
-0.62 150 13521 
-0.36 150 13521 
-0.54 150 13521 
-0.75 150 13521 
-0.97 150 13521 
-0.82 150 13521 
-0.61 150 13521 
-0.74 150 13521 
-0.74 150 13521 
-0.54 150 13521 
-0.94 150 13521 
-0.92 150 13521 
-0.75 150 13521 
-0.9 150 13521 
-0.85 150 13521 
-0.67 150 13521 
-1.01 150 13521 
-0.79 150 13521 
-0.95 150 13521 
-1.22 150 13521 
-0.9 150 13521 
-0.4 150 13521 
-0.18 150 13521 
-0.24 150 13521 
-1.15 150 13521 
-1.7 150 13521 
-1.49 150 13521 
-0.59 150 13521 
-0.45 150 13521 
-0.89 150 13521 
-0.76 150 13521 
-0.96 150 13521 
-0.96 150 13521 
-1.24 150 13521 
-1.01 150 13521 
-0.83 150 13521 
-0.68 150 13521 
-0.86 150 13521 
-0.91 150 13521 
-0.81 150 13521 
-0.87 150 13521 
-1.1 150 13521 
-1.12 150 13521 
-1.07 150 13521 
-0.77 150 13521 
-0.57 150 13521 
-0.63 150 13521 
-0.7 150 13521 
-0.88 150 13521 
-0.84 150 13521 
-0.92 150 13521 
-1.09 150 13521 
-0.95 150 13521 
-0.81 150 13521 
-0.84 150 13521 
-0.95 150 13521 
-0.78 150 13521 
-0.75 150 13521 
-0.76 150 13521 
-0.86 150 13521 
-0.84 150 13521 
-0.84 150 13521 
-0.74 150 13521 
-0.75 150 13521 
-0.6 150 13521 
-0.75 150 13521 
-0.64 150 13521 
-0.43 150 13521 
-0.71 150 13521 
-0.62 150 13521 
-0.48 150 13521 
-0.63 150 13521 
-0.63 150 13521 
-0.66 150 13521 
-0.51 150 13521 
-1.03 150 13521 
-0.7 150 13521 
-0.36 150 13521 
-0.53 150 13521 
-0.82 150 13521 
-0.67 150 13521 
-0.67 150 13521 
-0.5 150 13521 
-0.4 150 13521 
-0.5 150 13521 
-0.54 150 13521 
-0.48 150 13521 
-0.49 150 13521 
-0.43 150 13521 
-0.25 150 13521 
-0.28 150 13521 
-0.54 150 13521 
-0.56 150 13521 
-0.65 150 13521 
-0.53 150 13521 
-0.24 150 13521 
-0.2 150 13521 
-0.16 150 13521 
-0.21 150 13521 
-0.2 150 13521 
-0.32 150 13521 
-0.49 150 13521 
-0.63 150 13521 
-0.47 150 13521 
-0.36 150 13521 
-0.69 150 13521 
-0.45 150 13521 
-0.21 150 13521 
-0.14 150 13521 
0.07 150 13521 
-0.34 150 13521 
-0.97 150 13521 
-0.74 150 13521 
-0.23 150 13521 
-0.3 150 13521 
-0.24 150 13521 
0.01 150 13521 
-0.47 150 13521 
-0.49 150 13521 
-0.55 150 13521 
-0.38 150 13521 
-0.47 150 13521 
-0.52 150 13521 
-0.57 150 13521 
-0.21 150 13521 
-0.14 150 13521 
-0.37 150 13521 
-0.34 150 13521 
-0.51 150 13521 
-0.73 150 13521 
-0.69 150 13521 
-0.47 150 13521 
-0.45 150 13521 
-0.45 150 13521 
-0.69 150 13521 
-0.54 150 13521 
-0.5 150 13521 
-0.2 150 13521 
-0.22 150 13521 
-0.42 150 13521 
-0.41 150 13521 
-0.47 150 13521 
-0.51 150 13521 
-0.49 150 13521 
-0.32 150 13521 
-0.29 150 13521 
-0.1 150 13521 
-0.05 150 13521 
-0.44 150 13521 
-0.59 150 13521 
-0.43 150 13521 
-0.76 150 13521 
-0.56 150 13521 
-0.25 150 13521 
-0.31 150 13521 
-0.32 150 13521 
-0.19 150 13521 
-0.4 150 13521 
-0.57 150 13521 
-0.47 150 13521 
-0.54 150 13521 
-0.47 150 13521 
-0.3 150 13521 
-0.43 150 13521 
-0.42 150 13521 
-0.49 150 13521 
-0.42 150 13521 
-0.27 150 13521 
-0.59 150 13521 
-0.66 150 13521 
-0.49 150 13521 
-0.44 150 13521 
-0.22 150 13521 
-0.09 150 13521 
-0.36 150 13521 
-0.59 150 13521 
-0.59 150 13521 
-0.41 150 13521 
-0.3 150 13521 
-0.29 150 13521 
-0.43 150 13521 
-0.43 150 13521 
-0.38 150 13521 
-0.39 150 13521 
-0.87 150 13521 
-0.83 150 13521 
-0.39 150 13521 
-0.11 150 13521 
0.01 150 13521 
0.08 150 13521 
0.18 150 13521 
-0.01 150 13521 
-0.13 150 13521 
-0.22 150 13521 
-0.51 150 13521 
-0.76 150 13521 
-0.26 150 13521 
-0.23 150 13521 
-0.45 150 13521 
-0.62 150 13521 
-0.28 150 13521 
0.13 150 13521 
0.25 150 13521 
0.52 150 13521 
3.46 150 13521 
5.99 150 13521 
6.45 150 13521 
5.29 150 13521 
0.54 150 13521 
-0.18 150 13521 
0.11 150 13521 
0.32 150 13521 
0.01 150 13521 
-0.14 150 13521 
-0.16 150 13521 
-0.2 150 13521 
-0.29 150 13521 
-0.45 150 13521 
-0.51 150 13521 
-0.49 150 13521 
-0.72 150 13521 
-0.75 150 13521 
-0.71 150 13521 
-0.77 150 13521 
-0.87 150 13521 
-0.64 150 13521 
-0.64 150 13521 
-0.64 150 13521 
-0.9 150 13521 
-0.85 150 13521 
-0.67 150 13521 
-0.81 150 13521 
-0.81 150 13521 
-1.09 150 13521 
-1.13 150 13521 
-1.64 150 13521 
-0.93 150 13521 
-0.45 150 13521 
-0.34 150 13521 
-0.39 150 13521 
-0.57 150 13521 
-0.65 150 13521 
-1 150 13521 
-0.99 150 13521 
-0.86 150 13521 
-0.96 150 13521 
-0.78 150 13521 
-0.65 150 13521 
-0.63 150 13521 
-0.67 150 13521 
-0.9 150 13521 
-0.95 150 13521 
-0.75 150 13521 
-0.67 150 13521 
-0.75 150 13521 
-0.64 150 13521 
-0.66 150 13521 
-0.78 150 13521 
-0.92 150 13521 
-0.67 150 13521 
-0.53 150 13521 
-0.71 150 13521 
-0.62 150 13521 
-0.64 150 13521 
-0.62 150 13521 
-0.76 150 13521 
-0.66 150 13521 
-0.75 150 13521 
-0.65 150 13521 
-0.91 150 13521 
-0.8 150 13521 
-0.58 150 13521 
-0.72 150 13521 
-0.77 150 13521 
-0.78 150 13521 
-1 150 13521 
-1.01 150 13521 
-0.92 150 13521 
-0.71 150 13521 
-0.81 150 13521 
-0.72 150 13521 
-0.7 150 13521 
-0.69 150 13521 
-0.55 150 13521 
-0.5 150 13521 
-0.6 150 13521 
-0.78 150 13521 
-0.59 150 13521 
-0.54 150 13521 
-0.6 150 13521 
-0.72 150 13521 
-0.67 150 13521 
-0.79 150 13521 
-0.75 150 13521 
-0.53 150 13521 
-0.53 150 13521 
-0.54 150 13521 
-0.51 150 13521 
-0.49 150 13521 
-0.68 150 13521 
-0.83 150 13521 
-0.7 150 13521 
-0.84 150 13521 
-0.93 150 13521 
-0.83 150 13521 
-0.72 150 13521 
-0.84 150 13521 
-0.67 150 13521 
-0.56 150 13521 
-0.61 150 13521 
-0.54 150 13521 
-0.54 150 13521 
-0.75 150 13521 
-0.71 150 13521 
-0.6 150 13521 
-0.76 150 13521 
-0.97 150 13521 
-0.76 150 13521 
-0.55 150 13521 
-0.54 150 13521 
-0.58 150 13521 
-0.82 150 13521 
-0.98 150 13521 
-0.86 150 13521 
-0.75 150 13521 
-0.57 150 13521 
-0.68 150 13521 
-0.57 150 13521 
-0.48 150 13521 
-0.83 150 13521 
-0.65 150 13521 
-0.43 150 13521 
-0.53 150 13521 
-0.44 150 13521 
-0.7 150 13521 
-0.81 150 13521 
-0.67 150 13521 
-0.49 150 13521 
-0.81 150 13521 
-0.73 150 13521 
-0.59 150 13521 
-0.53 150 13521 
-0.72 150 13521 
-0.58 150 13521 
-0.43 150 13521 
-0.85 150 13521 
-0.96 150 13521 
-0.79 150 13521 
-0.67 150 13521 
-0.51 150 13521 
-0.7 150 13521 
-0.43 150 13521 
-0.56 150 13521 
-0.68 150 13521 
-0.62 150 13521 
-0.56 150 13521 
-0.64 150 13521 
-0.63 150 13521 
-0.58 150 13521 
-0.49 150 13521 
-0.62 150 13521 
-0.96 150 13521 
-1.06 150 13521 
-0.96 150 13521 
-0.87 150 13521 
-0.6 150 13521 
-0.71 150 13521 
-0.76 150 13521 
-0.47 150 13521 
-0.64 150 13521 
-0.49 150 13521 
-0.45 150 13521 
-0.59 150 13521 
-0.54 150 13521 
-0.71 150 13521 
-1.12 150 13521 
-1.01 150 13521 
-0.72 150 13521 
-0.49 150 13521 
-0.59 150 13521 
-0.59 150 13521 
-0.43 150 13521 
-0.71 150 13521 
-0.79 150 13521 
-0.65 150 13521 
-0.57 150 13521 
-0.67 150 13521 
-0.73 150 13521 
-0.63 150 13521 
-0.61 150 13521 
-0.6 150 13521 
-0.79 150 13521 
-0.88 150 13521 
-0.64 150 13521 
-0.46 150 13521 
-0.49 150 13521 
-0.38 150 13521 
-0.53 150 13521 
-0.95 150 13521 
-0.83 150 13521 
-0.46 150 13521 
-0.51 150 13521 
-0.36 150 13521 
-0.37 150 13521 
-0.48 150 13521 
-0.57 150 13521 
-0.73 150 13521 
-0.71 150 13521 
