0.64 150 59173 
0.69 150 59189 
0.89 150 59205 
1.08 150 59221 
1.04 150 59237 
0.68 150 59252 
0.81 150 59268 
1.07 150 59284 
0.97 150 59300 
0.91 150 59316 
1.08 150 59331 
1.05 150 59347 
1.15 150 59363 
1.06 150 59379 
0.96 150 59395 
1.17 150 59410 
1.4 150 59426 
1.26 150 59442 
0.96 150 59458 
1.18 150 59474 
1.5 150 59489 
1.35 150 59505 
1.13 150 59521 
1.3 150 59537 
1.61 150 59553 
1.49 150 59568 
1.55 150 59584 
1.98 150 59600 
2.17 150 59616 
1.72 150 59632 
1.63 150 59647 
1.73 150 59663 
2.05 150 59679 
1.94 150 59695 
1.78 150 59711 
1.78 150 59726 
2.02 150 59742 
2.16 150 59758 
1.99 150 59774 
2.16 150 59790 
2.43 150 59805 
2.17 150 59821 
2.17 150 59837 
2.37 150 59853 
2.54 150 59868 
2.51 150 59884 
2.35 150 59900 
2.38 150 59916 
2.6 150 59932 
2.57 150 59947 
2.44 150 59963 
2.38 150 59979 
3.02 150 59995 
2.97 150 60011 
2.79 150 60026 
3.04 150 60042 
3.23 150 60058 
3 150 60074 
2.86 150 60090 
3.12 150 60105 
3.31 150 60121 
3.24 150 60137 
3.14 150 60153 
3.28 150 60169 
3.77 150 60184 
3.79 150 60200 
3.26 150 60216 
3.59 150 60232 
3.87 150 60248 
3.62 150 60263 
3.46 150 60279 
3.51 150 60295 
3.79 150 60311 
3.92 150 60327 
3.94 150 60342 
3.97 150 60358 
4.09 150 60374 
4.21 150 60390 
4.02 150 60406 
4.07 150 60421 
4.61 150 60437 
4.62 150 60453 
4.32 150 60469 
4.2 150 60484 
4.33 150 60500 
4.66 150 60516 
4.49 150 60532 
4.35 150 60548 
4.78 150 60563 
4.46 150 60579 
4.19 150 60595 
4.11 150 60611 
4.56 150 60627 
4.73 150 60642 
4.64 150 60658 
4.57 150 60674 
4.98 150 60690 
5.11 150 60706 
5.14 150 60721 
5.09 150 60737 
5.18 150 60753 
5.29 150 60769 
5.47 150 60785 
5.37 150 60800 
5.36 150 60816 
5.61 150 60832 
5.75 150 60848 
5.67 150 60864 
5.8 150 60879 
5.97 150 60895 
6 150 60911 
6.02 150 60927 
6.15 150 60943 
6.26 150 60958 
6.26 150 60974 
6.17 150 60990 
6.14 150 61006 
6.23 150 61022 
6.18 150 61037 
5.88 150 61053 
6.33 150 61069 
6.56 150 61085 
6.65 150 61101 
6.39 150 61116 
6.51 150 61132 
7.16 150 61148 
6.83 150 61164 
6.43 150 61179 
6.69 150 61195 
6.96 150 61211 
6.7 150 61227 
6.59 150 61243 
6.81 150 61258 
7.16 150 61274 
7.33 150 61290 
7.39 150 61306 
7.27 150 61322 
7.43 150 61337 
7.51 150 61353 
7.49 150 61369 
7.41 150 61385 
7.56 150 61401 
7.61 150 61416 
7.45 150 61432 
7.4 150 61448 
7.72 150 61464 
7.9 150 61480 
7.56 150 61495 
7.61 150 61511 
8.05 150 61527 
7.89 150 61543 
7.85 150 61558 
7.88 150 61574 
7.94 150 61590 
8.06 150 61606 
7.82 150 61622 
7.85 150 61637 
8.21 150 61653 
8.28 150 61669 
8.3 150 61685 
8.22 150 61701 
8.47 150 61716 
8.78 150 61732 
8.81 150 61748 
8.82 150 61764 
9.08 150 61780 
9.21 150 61795 
8.95 150 61811 
8.67 150 61827 
8.94 150 61843 
9.03 150 61859 
9.24 150 61874 
9.17 150 61890 
9.35 150 61906 
9.63 150 61922 
9.52 150 61938 
9.51 150 61953 
9.78 150 61969 
9.9 150 61985 
9.88 150 62001 
9.85 150 62016 
10.16 150 62032 
10.51 150 62048 
10.15 150 62064 
10.31 150 62080 
10.54 150 62095 
10.58 150 62111 
10.73 150 62127 
10.7 150 62143 
10.55 150 62159 
10.91 150 62174 
11.16 150 62190 
11.02 150 62206 
11.19 150 62222 
11.67 150 62238 
11.35 150 62253 
11.19 150 62269 
11.48 150 62285 
11.83 150 62301 
12.01 150 62317 
11.83 150 62332 
11.62 150 62348 
11.89 150 62364 
11.83 150 62380 
11.95 150 62396 
12.13 150 62411 
12.32 150 62427 
12.49 150 62443 
12.26 150 62459 
12.6 150 62475 
12.79 150 62490 
13 150 62506 
12.91 150 62522 
12.74 150 62538 
13.26 150 62553 
13.26 150 62569 
12.92 150 62585 
13.03 150 62601 
13.45 150 62617 
13.77 150 62632 
13.64 150 62648 
13.66 150 62664 
14.25 150 62680 
14.42 150 62696 
14.29 150 62711 
14.15 150 62727 
14.31 150 62743 
14.56 150 62759 
14.6 150 62775 
14.75 150 62790 
15.02 150 62806 
14.87 150 62822 
14.65 150 62838 
15.05 150 62854 
15.23 150 62869 
15.38 150 62885 
15.17 150 62901 
15.3 150 62917 
15.67 150 62932 
15.68 150 62948 
15.57 150 62964 
15.58 150 62980 
15.77 150 62996 
15.98 150 63011 
15.83 150 63027 
16.03 150 63043 
16.44 150 63059 
16.46 150 63075 
16.18 150 63090 
16.05 150 63106 
16.26 150 63122 
16.47 150 63138 
16.49 150 63154 
16.65 150 63169 
16.98 150 63185 
17.38 150 63201 
17.32 150 63217 
17.46 150 63232 
17.87 150 63248 
18.15 150 63264 
17.84 150 63280 
17.77 150 63296 
18.08 150 63311 
18.38 150 63327 
17.98 150 63343 
17.95 150 63359 
18.24 150 63375 
18.2 150 63390 
18.2 150 63406 
18.12 150 63422 
18.65 150 63438 
18.89 150 63454 
18.71 150 63469 
18.75 150 63485 
19.16 150 63501 
19.46 150 63517 
19.21 150 63533 
18.95 150 63548 
19.1 150 63564 
19.32 150 63580 
19.22 150 63596 
19.26 150 63612 
19.68 150 63627 
20.07 150 63643 
20.01 150 63659 
19.89 150 63675 
20.04 150 63691 
20.23 150 63706 
20.25 150 63722 
19.83 150 63738 
20.08 150 63754 
20.27 150 63770 
20.35 150 63785 
20.45 150 63801 
20.41 150 63817 
20.76 150 63833 
20.85 150 63848 
20.77 150 63864 
20.92 150 63880 
21.31 150 63896 
21.52 150 63912 
21.39 150 63927 
21.37 150 63943 
21.55 150 63959 
21.54 150 63975 
21.38 150 63991 
21.17 150 64006 
21.72 150 64022 
21.86 150 64038 
21.63 150 64054 
21.85 150 64070 
22.31 150 64085 
22.71 150 64101 
22.44 150 64117 
22.52 150 64133 
22.94 150 64149 
23.13 150 64164 
22.69 150 64180 
22.61 150 64196 
22.93 150 64212 
23.29 150 64228 
23.1 150 64243 
23.21 150 64259 
23.64 150 64275 
23.57 150 64291 
23.57 150 64307 
23.53 150 64322 
23.78 150 64338 
24.06 150 64354 
24.08 150 64370 
24.09 150 64385 
24.29 150 64401 
24.48 150 64417 
24.37 150 64433 
24.29 150 64449 
24.64 150 64464 
25.04 150 64480 
25.02 150 64496 
24.86 150 64512 
24.89 150 64528 
25.13 150 64543 
24.88 150 64559 
24.67 150 64575 
25.01 150 64591 
25.13 150 64607 
25.09 150 64622 
25.04 150 64638 
25.29 150 64654 
25.48 150 64670 
25.52 150 64686 
25.41 150 64701 
25.54 150 64717 
25.7 150 64733 
25.72 150 64749 
25.92 150 64765 
26.09 150 64780 
26.23 150 64796 
26.17 150 64812 
26.26 150 64828 
26.41 150 64844 
26.79 150 64859 
27.16 150 64875 
27.27 150 64891 
27.42 150 64907 
27.82 150 64923 
27.89 150 64938 
27.88 150 64954 
28.19 150 64970 
28.54 150 64986 
28.8 150 65002 
28.8 150 65017 
29.2 150 65033 
29.69 150 65049 
29.83 150 65065 
29.64 150 65080 
29.99 150 65096 
30.34 150 65112 
30.64 150 65128 
30.87 150 65144 
30.96 150 65159 
31.29 150 65175 
31.34 150 65191 
31.41 150 65207 
31.57 150 65223 
31.9 150 65238 
32.22 150 65254 
31.95 150 65270 
32.22 150 65286 
32.67 150 65302 
32.94 150 65317 
33.01 150 65333 
33.03 150 65349 
33.41 150 65365 
33.55 150 65381 
33.55 150 65396 
33.98 150 65412 
34.29 150 65428 
34.6 150 65444 
34.47 150 65460 
34.82 150 65475 
35.09 150 65491 
35.04 150 65507 
35.24 150 65523 
34.98 150 65538 
35.38 150 65554 
35.49 150 65570 
35.59 150 65586 
35.94 150 65602 
36.17 150 65617 
36.33 150 65633 
36.42 150 65649 
36.45 150 65665 
36.97 150 65681 
37.45 150 65696 
37.24 150 65712 
37.3 150 65728 
37.45 150 65744 
37.76 150 65760 
37.58 150 65775 
37.82 150 65791 
38.09 150 65807 
38.12 150 65823 
38.18 150 65839 
37.93 150 65854 
38.4 150 65870 
38.78 150 65886 
38.84 150 65902 
38.89 150 65918 
39 150 65933 
39.53 150 65949 
39.62 150 65965 
39.6 150 65981 
39.89 150 65997 
40.14 150 66012 
40.05 150 66028 
40.08 150 66044 
40.57 150 66060 
40.86 150 66076 
40.72 150 66091 
40.51 150 66107 
41.14 150 66123 
41.61 150 66139 
41.54 150 66155 
41.41 150 66170 
41.56 150 66186 
41.81 150 66202 
41.76 150 66218 
41.7 150 66234 
42.04 150 66249 
42.34 150 66265 
42.52 150 66281 
42.54 150 66297 
42.41 150 66313 
42.87 150 66328 
42.93 150 66344 
42.79 150 66360 
42.87 150 66376 
43.3 150 66391 
43.47 150 66407 
43.42 150 66423 
43.71 150 66439 
44.12 150 66455 
44.46 150 66470 
44.22 150 66486 
44.37 150 66502 
44.84 150 66518 
45.01 150 66534 
45.03 150 66549 
45.26 150 66565 
45.49 150 66581 
45.83 150 66597 
45.66 150 66613 
45.61 150 66628 
46.09 150 66644 
46.21 150 66660 
46 150 66676 
46.1 150 66692 
46.45 150 66707 
46.47 150 66723 
46.5 150 66739 
46.76 150 66755 
47 150 66771 
47.19 150 66786 
46.85 150 66802 
46.67 150 66818 
47.3 150 66834 
47.36 150 66850 
47.09 150 66865 
47.42 150 66881 
47.48 150 66897 
47.74 150 66913 
47.74 150 66929 
47.83 150 66944 
48.07 150 66960 
48.39 150 66976 
48.71 150 66992 
48.83 150 67007 
48.95 150 67023 
49.36 150 67039 
49.25 150 67055 
49.19 150 67071 
49.33 150 67086 
49.6 150 67102 
49.54 150 67118 
49.56 150 67134 
50.09 150 67150 
50.6 150 67165 
50.3 150 67181 
50.01 150 67197 
50.65 150 67213 
51.11 150 67229 
51.24 150 67244 
51.18 150 67260 
51.27 150 67276 
51.72 150 67292 
51.53 150 67308 
51.44 150 67323 
51.89 150 67339 
52.14 150 67355 
52.41 150 67371 
52.29 150 67387 
52.39 150 67402 
53.11 150 67418 
53.07 150 67434 
53.14 150 67450 
53.54 150 67465 
54.03 150 67481 
54.17 150 67497 
54.07 150 67513 
54.04 150 67529 
54.35 150 67544 
54.36 150 67560 
54.47 150 67576 
54.76 150 67592 
55.23 150 67608 
55.32 150 67623 
55.46 150 67639 
55.96 150 67655 
56.4 150 67671 
56.31 150 67687 
56.33 150 67702 
56.56 150 67718 
57.23 150 67734 
57.5 150 67750 
57.56 150 67766 
57.99 150 67781 
58.42 150 67797 
58.58 150 67813 
58.43 150 67829 
58.79 150 67845 
59.3 150 67860 
59.62 150 67876 
59.76 150 67892 
60 150 67908 
60.41 150 67924 
60.81 150 67939 
60.91 150 67955 
60.99 150 67971 
61.52 150 67987 
61.97 150 68003 
62.17 150 68018 
62.38 150 68034 
62.88 150 68050 
63.37 150 68066 
63.58 150 68081 
63.76 150 68097 
64.13 150 68113 
64.69 150 68129 
64.94 150 68145 
64.9 150 68160 
65.37 150 68176 
66.02 150 68192 
65.74 150 68208 
65.96 150 68224 
66.43 150 68239 
66.84 150 68255 
67.21 150 68271 
67.36 150 68287 
67.81 150 68303 
68.42 150 68318 
68.65 150 68334 
68.53 150 68350 
68.82 150 68366 
69.5 150 68382 
69.74 150 68397 
69.65 150 68413 
70.11 150 68429 
70.66 150 68445 
71.08 150 68461 
70.9 150 68476 
71.25 150 68492 
71.89 150 68508 
71.74 150 68524 
71.95 150 68540 
72.24 150 68555 
72.47 150 68571 
72.74 150 68587 
72.95 150 68603 
73.38 150 68619 
73.95 150 68634 
73.8 150 68650 
73.58 150 68666 
74.25 150 68682 
74.78 150 68697 
74.79 150 68713 
74.84 150 68729 
75.16 150 68745 
75.62 150 68761 
75.79 150 68776 
75.61 150 68792 
76.05 150 68808 
76.5 150 68824 
76.56 150 68840 
76.64 150 68855 
77.09 150 68871 
77.62 150 68887 
77.59 150 68903 
77.38 150 68919 
77.74 150 68934 
78.55 150 68950 
78.42 150 68966 
78.39 150 68982 
78.7 150 68998 
78.98 150 69013 
79.33 150 69029 
79.43 150 69045 
79.33 150 69061 
80.15 150 69077 
80.18 150 69092 
79.8 150 69108 
79.86 150 69124 
80.39 150 69140 
80.76 150 69156 
80.7 150 69171 
80.77 150 69187 
81.22 150 69203 
81.32 150 69219 
81.31 150 69234 
81.54 150 69250 
81.95 150 69266 
82.44 150 69282 
82.52 150 69298 
82.44 150 69313 
82.52 150 69329 
82.94 150 69345 
82.7 150 69361 
82.91 150 69377 
83.47 150 69392 
83.78 150 69408 
83.87 150 69424 
83.84 150 69440 
83.82 150 69456 
84.25 150 69471 
84.26 150 69487 
84.18 150 69503 
84.76 150 69519 
85.21 150 69535 
85.29 150 69550 
85.16 150 69566 
85.41 150 69582 
85.64 150 69598 
85.83 150 69614 
85.97 150 69629 
86.51 150 69645 
87.1 150 69661 
86.93 150 69677 
86.73 150 69693 
87.07 150 69708 
87.65 150 69724 
87.96 150 69740 
87.67 150 69756 
88.02 150 69772 
88.47 150 69787 
88.51 150 69803 
88.65 150 69819 
89.31 150 69835 
89.71 150 69851 
89.58 150 69866 
89.51 150 69882 
89.81 150 69898 
90 150 69914 
90.2 150 69929 
90.24 150 69945 
90.46 150 69961 
90.84 150 69977 
90.98 150 69993 
90.91 150 70008 
91.53 150 70024 
91.95 150 70040 
92.22 150 70056 
92.32 150 70072 
92.47 150 70087 
92.79 150 70103 
92.95 150 70119 
92.95 150 70135 
93.24 150 70151 
93.57 150 70166 
93.75 150 70182 
93.9 150 70198 
93.93 150 70214 
94.48 150 70230 
94.49 150 70245 
94.52 150 70261 
94.83 150 70277 
95.38 150 70293 
95.52 150 70309 
95.45 150 70324 
95.48 150 70340 
95.98 150 70356 
96.32 150 70372 
96.16 150 70388 
96.56 150 70403 
97.1 150 70419 
97.4 150 70435 
97.35 150 70451 
97.38 150 70467 
97.98 150 70482 
98.26 150 70498 
98.11 150 70514 
98.32 150 70530 
98.73 150 70546 
98.96 150 70561 
99.33 150 70577 
99.26 150 70593 
99.58 150 70609 
100.1 150 70624 
100.37 150 70640 
100.68 150 70656 
101.07 150 70672 
101.54 150 70688 
101.67 150 70703 
101.56 150 70719 
102.02 150 70735 
102.73 150 70751 
103.05 150 70767 
103.18 150 70782 
103.66 150 70798 
104.19 150 70814 
104.57 150 70830 
104.87 150 70846 
105.34 150 70861 
105.98 150 70877 
106.11 150 70893 
106.7 150 70909 
107.52 150 70925 
107.92 150 70940 
108.14 150 70956 
108.71 150 70972 
109.31 150 70988 
109.86 150 71004 
110.27 150 71019 
110.69 150 71035 
110.98 150 71051 
111.62 150 71067 
112.03 150 71083 
112.18 150 71098 
112.87 150 71114 
113.39 150 71130 
113.78 150 71146 
114.26 150 71162 
114.77 150 71177 
115.46 150 71193 
116.17 150 71209 
116.38 150 71225 
116.86 150 71240 
117.58 150 71256 
117.81 150 71272 
117.91 150 71288 
118.59 150 71304 
119.26 150 71319 
119.83 150 71335 
120.12 150 71351 
120.49 150 71367 
121.15 150 71383 
121.36 150 71398 
121.65 150 71414 
121.85 150 71430 
122.63 150 71446 
123.14 150 71462 
123.49 150 71477 
124.05 150 71493 
124.82 150 71509 
125.09 150 71525 
125.23 150 71541 
125.32 150 71556 
126.02 150 71572 
126.4 150 71588 
126.56 150 71604 
126.99 150 71620 
127.48 150 71635 
127.91 150 71651 
127.98 150 71667 
128.14 150 71683 
128.82 150 71699 
129.21 150 71714 
129.5 150 71730 
129.85 150 71746 
130.49 150 71762 
130.8 150 71778 
130.96 150 71793 
131.13 150 71809 
131.6 150 71825 
131.84 150 71841 
131.91 150 71856 
132.16 150 71872 
132.4 150 71888 
133.15 150 71904 
133.4 150 71920 
133.53 150 71935 
134 150 71951 
134.39 150 71967 
134.49 150 71983 
134.69 150 71999 
135.16 150 72014 
135.68 150 72030 
135.66 150 72046 
135.65 150 72062 
136.13 150 72078 
136.79 150 72093 
137.08 150 72109 
137.04 150 72125 
137.56 150 72141 
138.11 150 72157 
137.97 150 72172 
137.97 150 72188 
138.44 150 72204 
138.81 150 72220 
139.04 150 72236 
139.13 150 72251 
139.75 150 72267 
140.21 150 72283 
140.32 150 72299 
140.16 150 72315 
140.47 150 72330 
141.06 150 72346 
141.01 150 72362 
140.68 150 72378 
141.11 150 72394 
141.7 150 72409 
141.68 150 72425 
141.49 150 72441 
141.91 150 72457 
142.41 150 72473 
142.93 150 72488 
143.04 150 72504 
143.37 150 72520 
143.96 150 72536 
144.19 150 72552 
144.49 150 72567 
144.86 150 72583 
145.21 150 72599 
145.47 150 72615 
145.39 150 72630 
145.71 150 72646 
146.13 150 72662 
146.43 150 72678 
146.51 150 72694 
146.78 150 72709 
147.69 150 72725 
147.79 150 72741 
147.65 150 72757 
147.79 150 72773 
148.02 150 72788 
148.3 150 72804 
148.35 150 72820 
148.66 150 72836 
149.13 150 72852 
149.45 150 72867 
149.56 150 72883 
149.86 150 72899 
150.22 150 72915 
150.33 150 72931 
150.31 150 72931 
150.52 150 72931 
150.88 150 72931 
150.67 150 72931 
150.6 150 72931 
150.68 150 72931 
150.75 150 72931 
150.94 150 72931 
150.95 150 72931 
150.75 150 72931 
150.75 150 72931 
150.7 150 72931 
150.49 150 72931 
150.43 150 72931 
150.36 150 72931 
150.41 150 72931 
150.67 150 72931 
150.54 150 72931 
150.48 150 72931 
150.41 150 72931 
150.36 150 72931 
150.59 150 72931 
150.58 150 72931 
150.67 150 72931 
150.4 150 72931 
150.54 150 72931 
150.38 150 72931 
150.37 150 72931 
150.39 150 72931 
150.35 150 72931 
150.34 150 72931 
150.24 150 72931 
150.37 150 72931 
150.32 150 72931 
150.29 150 72931 
150.29 150 72931 
150.24 150 72931 
150.09 150 72931 
150.22 150 72931 
150.14 150 72931 
149.96 150 72931 
150.3 150 72931 
150.45 150 72931 
150.45 150 72931 
150.28 150 72931 
149.99 150 72931 
150.11 150 72931 
150.03 150 72931 
150.3 150 72931 
150.4 150 72931 
150.03 150 72931 
149.9 150 72931 
150.06 150 72931 
150.22 150 72931 
150.02 150 72931 
149.98 150 72931 
150.22 150 72931 
150.19 150 72931 
150.16 150 72931 
150.15 150 72931 
149.98 150 72931 
149.88 150 72931 
150.16 150 72931 
150.29 150 72931 
149.84 150 72931 
149.96 150 72931 
150.13 150 72931 
150.19 150 72931 
150.22 150 72931 
150.15 150 72931 
150.07 150 72931 
150.06 150 72931 
149.99 150 72931 
149.88 150 72931 
149.95 150 72931 
149.95 150 72931 
149.92 150 72931 
149.86 150 72931 
149.76 150 72931 
149.82 150 72931 
149.96 150 72931 
149.92 150 72931 
150.05 150 72931 
149.91 150 72931 
149.73 150 72931 
149.93 150 72931 
150.12 150 72931 
149.92 150 72931 
149.79 150 72931 
149.9 150 72931 
149.58 150 72931 
