0.15 150 58636 
0.28 150 58652 
0.37 150 58668 
0.14 150 58683 
0.12 150 58699 
0.35 150 58715 
0.48 150 58731 
0.21 150 58746 
0.38 150 58762 
0.54 150 58778 
0.61 150 58794 
0.33 150 58810 
0.32 150 58825 
0.69 150 58841 
0.73 150 58857 
0.59 150 58873 
0.56 150 58889 
0.75 150 58904 
0.88 150 58920 
0.67 150 58936 
0.64 150 58952 
0.97 150 58968 
1.01 150 58983 
0.6 150 58999 
0.46 150 59015 
0.9 150 59031 
1.02 150 59047 
0.59 150 59062 
0.46 150 59078 
0.84 150 59094 
0.85 150 59110 
0.77 150 59125 
0.88 150 59141 
1.08 150 59157 
1.3 150 59173 
1.21 150 59189 
1 150 59204 
1.18 150 59220 
1.18 150 59236 
1.15 150 59252 
1.19 150 59268 
1.43 150 59283 
1.53 150 59299 
1.22 150 59315 
1.17 150 59331 
1.59 150 59347 
1.77 150 59362 
1.69 150 59378 
1.59 150 59394 
1.75 150 59410 
1.93 150 59425 
1.61 150 59441 
1.41 150 59457 
1.64 150 59473 
1.92 150 59489 
1.89 150 59504 
1.53 150 59520 
1.65 150 59536 
1.98 150 59552 
2.05 150 59568 
1.76 150 59583 
2.1 150 59599 
2.15 150 59615 
2.04 150 59631 
1.99 150 59647 
2.26 150 59662 
2.45 150 59678 
2.45 150 59694 
2.42 150 59710 
2.2 150 59726 
2.39 150 59741 
2.41 150 59757 
2.39 150 59773 
2.41 150 59789 
2.72 150 59804 
2.63 150 59820 
2.33 150 59836 
2.43 150 59852 
2.7 150 59868 
2.63 150 59883 
2.26 150 59899 
2.41 150 59915 
3.03 150 59931 
3.19 150 59947 
2.77 150 59962 
2.58 150 59978 
2.86 150 59994 
3.05 150 60010 
3.17 150 60026 
3.27 150 60041 
3.5 150 60057 
3.67 150 60073 
3.51 150 60089 
3.33 150 60105 
3.48 150 60120 
3.59 150 60136 
3.38 150 60152 
3.45 150 60168 
3.55 150 60183 
3.73 150 60199 
3.51 150 60215 
3.44 150 60231 
4.01 150 60247 
4.38 150 60262 
4.07 150 60278 
4.07 150 60294 
3.99 150 60310 
4.1 150 60326 
4.13 150 60341 
4.01 150 60357 
4.23 150 60373 
4.35 150 60389 
4.15 150 60404 
3.96 150 60420 
4.37 150 60436 
4.43 150 60452 
4.37 150 60468 
4.61 150 60483 
4.81 150 60499 
4.74 150 60515 
4.52 150 60531 
4.38 150 60547 
4.73 150 60562 
4.67 150 60578 
4.51 150 60594 
4.64 150 60610 
4.72 150 60626 
4.85 150 60641 
4.76 150 60657 
4.42 150 60673 
4.78 150 60689 
5.37 150 60705 
5.14 150 60720 
5.07 150 60736 
5.36 150 60752 
5.15 150 60768 
5.42 150 60783 
5.37 150 60799 
5.52 150 60815 
5.57 150 60831 
5.31 150 60847 
5.45 150 60862 
5.71 150 60878 
5.73 150 60894 
5.77 150 60910 
5.88 150 60926 
6.15 150 60941 
6.17 150 60957 
6.3 150 60973 
6.09 150 60989 
5.95 150 61005 
6.19 150 61020 
6.46 150 61036 
6.15 150 61052 
6.27 150 61068 
6.35 150 61084 
5.96 150 61099 
6.04 150 61115 
6.67 150 61131 
6.58 150 61147 
6.39 150 61163 
6.34 150 61178 
6.53 150 61194 
6.72 150 61210 
6.63 150 61226 
6.3 150 61241 
6.47 150 61257 
6.68 150 61273 
6.76 150 61289 
6.49 150 61305 
6.29 150 61320 
6.6 150 61336 
6.85 150 61352 
6.65 150 61368 
6.77 150 61384 
6.94 150 61399 
6.86 150 61415 
6.51 150 61431 
6.73 150 61447 
7.24 150 61463 
7.39 150 61478 
7.23 150 61494 
7.11 150 61510 
7.26 150 61526 
7.32 150 61542 
7.16 150 61557 
7.1 150 61573 
7.67 150 61589 
7.65 150 61605 
7.46 150 61620 
7.43 150 61636 
7.56 150 61652 
7.73 150 61668 
7.96 150 61684 
7.78 150 61699 
7.85 150 61715 
7.86 150 61731 
7.78 150 61747 
8.06 150 61763 
8.21 150 61778 
8.29 150 61794 
8.46 150 61810 
8.49 150 61826 
8.64 150 61842 
9.05 150 61857 
8.9 150 61873 
8.57 150 61889 
8.86 150 61905 
9.2 150 61921 
9.3 150 61936 
9.26 150 61952 
9.48 150 61968 
9.28 150 61984 
9.18 150 61999 
9.44 150 62015 
9.81 150 62031 
10.08 150 62047 
9.87 150 62063 
9.77 150 62078 
10 150 62094 
10.2 150 62110 
10.19 150 62126 
10.11 150 62142 
10.23 150 62157 
10.7 150 62173 
10.73 150 62189 
10.38 150 62205 
10.63 150 62221 
10.87 150 62236 
10.85 150 62252 
10.54 150 62268 
10.86 150 62284 
11.04 150 62300 
11.07 150 62315 
11.18 150 62331 
11.28 150 62347 
11.42 150 62363 
11.44 150 62379 
11.33 150 62394 
11.5 150 62410 
11.67 150 62426 
11.66 150 62442 
11.46 150 62457 
11.71 150 62473 
12.01 150 62489 
11.98 150 62505 
12.01 150 62521 
12.24 150 62536 
12.37 150 62552 
12.47 150 62568 
12.39 150 62584 
12.34 150 62600 
12.54 150 62615 
12.76 150 62631 
12.69 150 62647 
12.74 150 62663 
13.17 150 62679 
13.38 150 62694 
13.18 150 62710 
13.26 150 62726 
13.49 150 62742 
13.69 150 62758 
13.48 150 62773 
13.44 150 62789 
13.85 150 62805 
14.05 150 62821 
13.92 150 62836 
13.82 150 62852 
14.31 150 62868 
14.54 150 62884 
14.27 150 62900 
14.1 150 62915 
14.43 150 62931 
14.73 150 62947 
14.72 150 62963 
14.78 150 62979 
14.98 150 62994 
14.9 150 63010 
14.51 150 63026 
14.5 150 63042 
14.9 150 63058 
15.35 150 63073 
15.05 150 63089 
14.9 150 63105 
15.33 150 63121 
15.56 150 63136 
15.61 150 63152 
15.39 150 63168 
15.41 150 63184 
15.87 150 63200 
16.04 150 63215 
15.99 150 63231 
16.39 150 63247 
16.57 150 63263 
16.51 150 63279 
16.32 150 63294 
16.44 150 63310 
16.76 150 63326 
16.67 150 63342 
16.67 150 63358 
16.93 150 63373 
17.19 150 63389 
17.07 150 63405 
17.21 150 63421 
17.37 150 63437 
17.55 150 63452 
17.65 150 63468 
17.66 150 63484 
17.55 150 63500 
17.85 150 63516 
17.9 150 63531 
17.81 150 63547 
17.97 150 63563 
18.25 150 63579 
18.34 150 63594 
18.08 150 63610 
18.09 150 63626 
18.46 150 63642 
18.42 150 63658 
18.24 150 63673 
18.26 150 63689 
18.74 150 63705 
18.73 150 63721 
18.7 150 63737 
18.51 150 63752 
18.95 150 63768 
19.15 150 63784 
19.14 150 63800 
19.02 150 63816 
19.11 150 63831 
19.46 150 63847 
19.32 150 63863 
18.96 150 63879 
18.98 150 63894 
19.41 150 63910 
19.59 150 63926 
19.68 150 63942 
19.76 150 63958 
20.01 150 63973 
19.93 150 63989 
19.83 150 64005 
20.2 150 64021 
20.29 150 64037 
20.26 150 64052 
20.46 150 64068 
20.65 150 64084 
20.66 150 64100 
20.46 150 64116 
20.61 150 64131 
21.29 150 64147 
21.51 150 64163 
21.27 150 64179 
21.12 150 64195 
21.57 150 64210 
21.6 150 64226 
21.69 150 64242 
21.5 150 64258 
21.33 150 64274 
21.64 150 64289 
21.71 150 64305 
21.47 150 64321 
21.9 150 64337 
22.48 150 64352 
22.4 150 64368 
21.81 150 64384 
21.91 150 64400 
22.16 150 64416 
22.48 150 64431 
22.58 150 64447 
22.69 150 64463 
22.7 150 64479 
22.63 150 64495 
22.57 150 64510 
22.37 150 64526 
22.84 150 64542 
22.87 150 64558 
22.58 150 64574 
22.75 150 64589 
22.96 150 64605 
22.92 150 64621 
22.83 150 64637 
23.17 150 64653 
23.45 150 64668 
23.54 150 64684 
23.36 150 64700 
23.49 150 64716 
23.99 150 64732 
24.1 150 64747 
23.94 150 64763 
23.83 150 64779 
23.98 150 64795 
24.1 150 64810 
24.14 150 64826 
24.39 150 64842 
24.53 150 64858 
24.71 150 64874 
24.79 150 64889 
25.04 150 64905 
25.29 150 64921 
25.21 150 64937 
25.14 150 64953 
25.6 150 64968 
25.81 150 64984 
25.91 150 65000 
25.91 150 65016 
25.85 150 65032 
26.42 150 65047 
26.43 150 65063 
26.57 150 65079 
26.87 150 65095 
27.11 150 65110 
27.2 150 65126 
27.2 150 65142 
27.39 150 65158 
27.74 150 65174 
27.88 150 65189 
27.9 150 65205 
27.98 150 65221 
28.16 150 65237 
28.25 150 65253 
28.22 150 65268 
28.48 150 65284 
29.19 150 65300 
29.34 150 65316 
29.28 150 65332 
29.25 150 65347 
29.66 150 65363 
29.87 150 65379 
29.79 150 65395 
29.7 150 65411 
30.14 150 65426 
30.4 150 65442 
30.26 150 65458 
30.19 150 65474 
30.53 150 65489 
30.81 150 65505 
30.99 150 65521 
30.64 150 65537 
30.75 150 65553 
30.97 150 65568 
30.97 150 65584 
31.02 150 65600 
31.21 150 65616 
31.77 150 65632 
32.04 150 65647 
31.5 150 65663 
31.56 150 65679 
32.02 150 65695 
32.34 150 65711 
32.31 150 65726 
32.41 150 65742 
32.77 150 65758 
32.88 150 65774 
32.76 150 65789 
32.73 150 65805 
33.28 150 65821 
33.63 150 65837 
33.36 150 65853 
33.5 150 65868 
33.84 150 65884 
33.72 150 65900 
33.79 150 65916 
34.19 150 65932 
34.44 150 65947 
34.51 150 65963 
34.54 150 65979 
34.64 150 65995 
34.79 150 66011 
35.12 150 66026 
35.16 150 66042 
35.12 150 66058 
35.47 150 66074 
35.59 150 66089 
35.5 150 66105 
35.7 150 66121 
36.12 150 66137 
36.13 150 66153 
36.03 150 66168 
36.24 150 66184 
36.67 150 66200 
36.78 150 66216 
36.51 150 66232 
36.45 150 66247 
36.99 150 66263 
37.12 150 66279 
36.91 150 66295 
36.88 150 66311 
37.43 150 66326 
37.69 150 66342 
37.41 150 66358 
37.56 150 66374 
37.95 150 66390 
38.14 150 66405 
37.91 150 66421 
38.07 150 66437 
38.51 150 66453 
38.72 150 66468 
38.64 150 66484 
38.82 150 66500 
39.1 150 66516 
38.96 150 66532 
39.17 150 66547 
39.26 150 66563 
39.69 150 66579 
40.04 150 66595 
39.79 150 66611 
39.64 150 66626 
40.19 150 66642 
40.41 150 66658 
40.2 150 66674 
40.1 150 66690 
40.71 150 66705 
41.08 150 66721 
40.75 150 66737 
40.86 150 66753 
41.05 150 66768 
41.3 150 66784 
41.21 150 66800 
41.25 150 66816 
41.4 150 66832 
41.37 150 66847 
41.33 150 66863 
41.43 150 66879 
41.86 150 66895 
42.26 150 66911 
42.04 150 66926 
41.7 150 66942 
42.19 150 66958 
42.36 150 66974 
42.27 150 66990 
42.32 150 67005 
42.44 150 67021 
42.81 150 67037 
42.93 150 67053 
42.53 150 67069 
42.68 150 67084 
43.2 150 67100 
43.21 150 67116 
42.75 150 67132 
43.06 150 67148 
43.45 150 67163 
43.55 150 67179 
43.33 150 67195 
43.73 150 67211 
44.38 150 67226 
44.44 150 67242 
44.42 150 67258 
44.71 150 67274 
44.82 150 67290 
45.09 150 67305 
44.72 150 67321 
44.85 150 67337 
45.48 150 67353 
45.48 150 67369 
45.25 150 67384 
45.21 150 67400 
45.74 150 67416 
45.97 150 67432 
45.87 150 67448 
45.83 150 67463 
46.32 150 67479 
46.4 150 67495 
46.25 150 67511 
46.14 150 67527 
46.55 150 67542 
46.99 150 67558 
46.98 150 67574 
47.19 150 67590 
47.44 150 67606 
47.61 150 67621 
47.85 150 67637 
48.07 150 67653 
48.12 150 67669 
48.2 150 67684 
48.12 150 67700 
48.25 150 67716 
48.81 150 67732 
48.91 150 67748 
48.8 150 67763 
48.81 150 67779 
49.27 150 67795 
49.44 150 67811 
49.51 150 67827 
49.43 150 67842 
49.66 150 67858 
50.21 150 67874 
50.22 150 67890 
50.14 150 67906 
50.36 150 67921 
50.9 150 67937 
50.88 150 67953 
50.98 150 67969 
51.18 150 67985 
51.5 150 68000 
51.6 150 68016 
51.53 150 68032 
51.88 150 68048 
52.52 150 68064 
52.57 150 68079 
52.59 150 68095 
52.8 150 68111 
53.21 150 68127 
53.52 150 68142 
53.44 150 68158 
53.83 150 68174 
54.16 150 68190 
54.09 150 68206 
54.3 150 68221 
54.64 150 68237 
55 150 68253 
55.14 150 68269 
55.23 150 68285 
55.74 150 68300 
56.26 150 68316 
56.45 150 68332 
56.37 150 68348 
56.51 150 68364 
56.84 150 68379 
57.06 150 68395 
57.25 150 68411 
57.61 150 68427 
57.97 150 68443 
58.17 150 68458 
58.15 150 68474 
58.35 150 68490 
58.72 150 68506 
59.1 150 68521 
59.23 150 68537 
59.14 150 68553 
59.32 150 68569 
59.51 150 68585 
59.68 150 68600 
60.08 150 68616 
60.54 150 68632 
60.62 150 68648 
60.54 150 68664 
60.83 150 68679 
61.3 150 68695 
61.28 150 68711 
61.51 150 68727 
61.7 150 68743 
62.16 150 68758 
62.27 150 68774 
62.05 150 68790 
62.24 150 68806 
62.78 150 68821 
63.2 150 68837 
63.17 150 68853 
62.97 150 68869 
63.34 150 68885 
63.74 150 68900 
63.85 150 68916 
63.76 150 68932 
64.06 150 68948 
64.42 150 68964 
64.3 150 68979 
64.44 150 68995 
64.97 150 69011 
65.41 150 69027 
65.33 150 69043 
65.15 150 69058 
65.7 150 69074 
65.98 150 69090 
65.9 150 69106 
65.96 150 69122 
66.45 150 69137 
66.78 150 69153 
66.69 150 69169 
66.94 150 69185 
67.32 150 69200 
67.66 150 69216 
67.81 150 69232 
67.59 150 69248 
67.97 150 69264 
68.6 150 69279 
68.33 150 69295 
68.47 150 69311 
68.84 150 69327 
69.12 150 69343 
69.26 150 69358 
69.15 150 69374 
69.35 150 69390 
69.94 150 69406 
70.14 150 69422 
69.82 150 69437 
70.19 150 69453 
70.62 150 69469 
70.53 150 69485 
70.43 150 69500 
70.73 150 69516 
71.17 150 69532 
71.38 150 69548 
71.26 150 69564 
71.34 150 69579 
72.02 150 69595 
72.19 150 69611 
72.13 150 69627 
72.22 150 69643 
72.49 150 69658 
72.45 150 69674 
72.44 150 69690 
72.76 150 69706 
73.5 150 69722 
73.44 150 69737 
73.01 150 69753 
73.38 150 69769 
74.19 150 69785 
74.19 150 69801 
74.12 150 69816 
74.47 150 69832 
74.92 150 69848 
75.12 150 69864 
75.43 150 69879 
75.43 150 69895 
75.75 150 69911 
76.02 150 69927 
76.14 150 69943 
76.24 150 69958 
76.78 150 69974 
77.03 150 69990 
76.99 150 70006 
77.27 150 70022 
77.46 150 70037 
77.68 150 70053 
77.66 150 70069 
77.56 150 70085 
77.93 150 70101 
78.25 150 70116 
78.03 150 70132 
77.9 150 70148 
78.47 150 70164 
79.09 150 70180 
79.06 150 70195 
78.93 150 70211 
79.22 150 70227 
79.46 150 70243 
79.54 150 70258 
79.77 150 70274 
80.34 150 70290 
80.59 150 70306 
80.53 150 70322 
80.7 150 70337 
80.99 150 70353 
81.08 150 70369 
81.07 150 70385 
81 150 70401 
81.16 150 70416 
81.73 150 70432 
81.8 150 70448 
82.03 150 70464 
82.15 150 70480 
82.21 150 70495 
82.35 150 70511 
82.35 150 70527 
82.89 150 70543 
83.18 150 70558 
83.12 150 70574 
83.25 150 70590 
83.55 150 70606 
84 150 70622 
84.33 150 70637 
84.17 150 70653 
84.21 150 70669 
84.79 150 70685 
84.99 150 70701 
84.92 150 70716 
85.31 150 70732 
85.63 150 70748 
85.87 150 70764 
85.88 150 70780 
86.2 150 70795 
86.45 150 70811 
86.58 150 70827 
86.44 150 70843 
86.7 150 70858 
87.09 150 70874 
87.39 150 70890 
87.66 150 70906 
87.85 150 70922 
88.26 150 70937 
88.67 150 70953 
88.77 150 70969 
89.13 150 70985 
89.36 150 71001 
89.69 150 71016 
89.88 150 71032 
89.91 150 71048 
90.44 150 71064 
90.91 150 71080 
90.91 150 71095 
91.29 150 71111 
91.92 150 71127 
92.38 150 71143 
92.3 150 71159 
92.55 150 71174 
93.16 150 71190 
93.38 150 71206 
93.64 150 71222 
94.1 150 71237 
94.56 150 71253 
94.81 150 71269 
94.64 150 71285 
94.84 150 71301 
95.58 150 71316 
95.91 150 71332 
96.08 150 71348 
96.53 150 71364 
97.21 150 71380 
97.45 150 71395 
97.29 150 71411 
97.64 150 71427 
98.12 150 71443 
98.35 150 71459 
98.73 150 71474 
99.02 150 71490 
99.41 150 71506 
99.81 150 71522 
100.13 150 71537 
100.43 150 71553 
100.97 150 71569 
101.46 150 71585 
101.36 150 71601 
101.46 150 71616 
102.04 150 71632 
102.29 150 71648 
102.33 150 71664 
102.57 150 71680 
103.14 150 71695 
103.56 150 71711 
103.66 150 71727 
103.79 150 71743 
104.34 150 71759 
104.75 150 71774 
104.75 150 71790 
104.71 150 71806 
104.91 150 71822 
105.51 150 71838 
105.88 150 71853 
105.85 150 71869 
106.15 150 71885 
106.66 150 71901 
106.61 150 71916 
106.67 150 71932 
107.27 150 71948 
107.95 150 71964 
108.17 150 71980 
108.24 150 71995 
108.44 150 72011 
108.82 150 72027 
109 150 72043 
109.18 150 72059 
109.58 150 72074 
109.93 150 72090 
110.28 150 72106 
110.33 150 72122 
110.32 150 72138 
110.85 150 72153 
111.14 150 72169 
110.98 150 72185 
111.5 150 72201 
111.83 150 72216 
112.06 150 72232 
111.69 150 72248 
111.87 150 72264 
112.61 150 72280 
112.8 150 72295 
112.72 150 72311 
113.02 150 72327 
113.54 150 72343 
113.86 150 72359 
113.7 150 72374 
113.86 150 72390 
114.12 150 72406 
114.07 150 72422 
114.25 150 72438 
114.49 150 72453 
114.95 150 72469 
115.51 150 72485 
115.84 150 72501 
115.91 150 72517 
116.13 150 72532 
116.61 150 72548 
116.67 150 72564 
116.76 150 72580 
117.1 150 72596 
117.49 150 72611 
117.59 150 72627 
117.65 150 72643 
117.94 150 72659 
118.43 150 72674 
118.57 150 72690 
118.39 150 72706 
118.82 150 72722 
119.21 150 72738 
119.14 150 72753 
119.52 150 72769 
120.03 150 72785 
120.4 150 72801 
120.44 150 72817 
120.34 150 72832 
120.88 150 72848 
121.25 150 72864 
121.29 150 72880 
121.5 150 72895 
121.71 150 72911 
122.39 150 72927 
122.46 150 72943 
122.26 150 72959 
122.59 150 72974 
123.03 150 72990 
123.25 150 73006 
123.25 150 73022 
123.48 150 73038 
124.06 150 73053 
124.5 150 73069 
124.47 150 73085 
124.73 150 73101 
125.41 150 73117 
125.77 150 73132 
125.59 150 73148 
125.83 150 73164 
125.98 150 73180 
126.34 150 73196 
126.63 150 73211 
126.75 150 73227 
127.41 150 73243 
127.79 150 73259 
127.89 150 73275 
128.12 150 73290 
128.38 150 73306 
128.69 150 73322 
128.91 150 73338 
129.17 150 73353 
129.45 150 73369 
129.79 150 73385 
129.87 150 73401 
129.99 150 73417 
130.29 150 73432 
130.68 150 73448 
130.84 150 73464 
130.97 150 73480 
131.4 150 73496 
131.94 150 73511 
131.9 150 73527 
132.14 150 73543 
132.7 150 73559 
132.86 150 73575 
132.93 150 73590 
133.13 150 73606 
133.68 150 73622 
133.98 150 73638 
133.93 150 73654 
133.94 150 73669 
134.46 150 73685 
134.84 150 73701 
134.64 150 73717 
134.7 150 73732 
135.2 150 73748 
135.77 150 73764 
135.83 150 73780 
135.94 150 73796 
136.23 150 73811 
136.57 150 73827 
136.45 150 73843 
136.55 150 73859 
137.48 150 73875 
137.93 150 73890 
137.74 150 73906 
138.01 150 73922 
138.47 150 73938 
138.67 150 73954 
138.82 150 73969 
138.95 150 73985 
139.44 150 74001 
140.21 150 74017 
140.28 150 74032 
140.36 150 74048 
140.9 150 74064 
141.66 150 74080 
141.86 150 74096 
141.95 150 74111 
142.46 150 74127 
142.97 150 74143 
143.22 150 74159 
143.37 150 74175 
144.02 150 74190 
144.61 150 74206 
144.87 150 74222 
144.94 150 74238 
145.25 150 74254 
146.18 150 74269 
146.52 150 74285 
146.59 150 74301 
147 150 74317 
147.52 150 74333 
148.04 150 74348 
148.3 150 74364 
148.76 150 74380 
149.54 150 74396 
149.73 150 74412 
149.85 150 74427 
150.24 150 74443 
150.76 150 74459 
151.32 150 74459 
151.74 150 74459 
151.9 150 74459 
151.78 150 74459 
151.78 150 74459 
151.76 150 74459 
151.54 150 74459 
151.67 150 74459 
151.45 150 74459 
151.06 150 74459 
151.29 150 74459 
151.47 150 74459 
151.29 150 74459 
151.24 150 74459 
151.31 150 74459 
151.17 150 74459 
151.19 150 74459 
151.06 150 74459 
150.97 150 74459 
150.9 150 74459 
151.04 150 74459 
151.09 150 74459 
151.14 150 74459 
151 150 74459 
150.97 150 74459 
151 150 74459 
150.76 150 74459 
150.69 150 74459 
150.84 150 74459 
150.83 150 74459 
150.93 150 74459 
150.78 150 74459 
150.8 150 74459 
150.81 150 74459 
150.68 150 74459 
150.61 150 74459 
150.76 150 74459 
150.73 150 74459 
150.6 150 74459 
150.34 150 74459 
150.4 150 74459 
150.45 150 74459 
150.54 150 74459 
150.65 150 74459 
150.28 150 74459 
150.19 150 74459 
150.46 150 74459 
150.58 150 74459 
150.45 150 74459 
150.39 150 74459 
150.36 150 74459 
150.22 150 74459 
150.06 150 74459 
149.95 150 74459 
150.07 150 74459 
150.4 150 74459 
150.32 150 74459 
150.25 150 74459 
150.06 150 74459 
149.98 150 74459 
150.04 150 74459 
150.23 150 74459 
150.14 150 74459 
150.22 150 74459 
150.11 150 74459 
150.14 150 74459 
150.03 150 74459 
149.94 150 74459 
149.92 150 74459 
149.79 150 74459 
149.9 150 74459 
149.89 150 74459 
149.96 150 74459 
150.13 150 74459 
150.22 150 74459 
149.92 150 74459 
149.99 150 74443 
150.59 150 74427 
150.81 150 74268 
150.28 150 74265 
149.28 150 74265 
148.32 150 74265 
148.18 150 74265 
148.23 150 74265 
148.33 150 74265 
148.43 150 74265 
148.17 150 74265 
147.9 150 74265 
147.98 150 74265 
147.8 150 74265 
147.94 150 74265 
147.85 150 74265 
147.81 150 74265 
148.19 150 74265 
148.1 150 74265 
147.96 150 74265 
148.09 150 74265 
148.08 150 74265 
147.66 150 74265 
147.52 150 74265 
147.61 150 74265 
147.87 150 74265 
147.7 150 74265 
147.56 150 74265 
147.67 150 74265 
147.81 150 74265 
147.64 150 74265 
147.74 150 74265 
147.89 150 74265 
147.81 150 74265 
147.7 150 74265 
147.56 150 74265 
147.62 150 74265 
147.61 150 74265 
147.47 150 74265 
147.39 150 74265 
147.69 150 74265 
147.76 150 74265 
147.59 150 74265 
147.42 150 74265 
147.45 150 74265 
147.47 150 74265 
147.47 150 74265 
147.67 150 74265 
147.5 150 74265 
147.43 150 74265 
147.41 150 74265 
147.34 150 74265 
147.33 150 74265 
147.41 150 74265 
147.37 150 74265 
147.32 150 74265 
147.44 150 74265 
147.56 150 74265 
147.42 150 74265 
147.2 150 74265 
147.29 150 74265 
147.27 150 74265 
147.55 150 74265 
147.43 150 74265 
147.3 150 74265 
147.54 150 74265 
147.44 150 74265 
147.42 150 74265 
147.19 150 74265 
147.33 150 74265 
147.48 150 74265 
147.2 150 74265 
147 150 74265 
147.2 150 74265 
147.35 150 74265 
147.2 150 74265 
147.08 150 74265 
147.17 150 74265 
147.31 150 74265 
147.22 150 74265 
147.16 150 74265 
147.18 150 74265 
147.26 150 74265 
147.2 150 74265 
147.18 150 74265 
147.18 150 74265 
147.07 150 74265 
147.44 150 74265 
147.46 150 74265 
147.25 150 74265 
147.32 150 74265 
147.3 150 74265 
147.14 150 74265 
147.22 150 74265 
147.35 150 74265 
147.21 150 74265 
147.23 150 74265 
147.14 150 74265 
147.05 150 74265 
146.94 150 74265 
147.09 150 74265 
147.2 150 74265 
147.11 150 74265 
147.06 150 74265 
146.99 150 74265 
146.78 150 74265 
146.75 150 74265 
146.84 150 74265 
146.77 150 74265 
146.96 150 74265 
146.92 150 74265 
147.09 150 74265 
147.04 150 74265 
146.95 150 74265 
147.04 150 74265 
146.83 150 74265 
146.97 150 74265 
147.08 150 74265 
147.14 150 74265 
147.1 150 74265 
146.84 150 74265 
146.93 150 74265 
146.94 150 74265 
146.94 150 74265 
146.92 150 74265 
147.01 150 74265 
146.95 150 74265 
146.81 150 74265 
146.64 150 74265 
146.78 150 74265 
146.83 150 74265 
146.58 150 74265 
146.65 150 74265 
146.78 150 74265 
146.73 150 74265 
146.86 150 74265 
146.81 150 74265 
146.75 150 74265 
146.77 150 74265 
146.59 150 74265 
146.62 150 74265 
146.74 150 74265 
146.74 150 74265 
146.58 150 74265 
146.64 150 74265 
146.65 150 74265 
146.58 150 74265 
146.67 150 74265 
146.56 150 74265 
146.45 150 74265 
146.78 150 74265 
146.77 150 74265 
146.56 150 74265 
146.9 150 74265 
146.54 150 74265 
146.38 150 74265 
146.71 150 74265 
146.86 150 74265 
146.94 150 74105 
146.07 150 73942 
143.2 150 73780 
140.78 150 73616 
137.54 150 73453 
133.86 150 73290 
130.41 150 73127 
126.87 150 72964 
123.69 150 72800 
120.8 150 72637 
118.42 150 72474 
115.77 150 72311 
113.33 150 72148 
110.84 150 71984 
107.81 150 71821 
104.84 150 71658 
101.83 150 71495 
98.78 150 71332 
95.48 150 71169 
92.17 150 71006 
88.82 150 70842 
85.73 150 70679 
82.66 150 70516 
80.42 150 70353 
77.8 150 70190 
75.65 150 70026 
73.78 150 69863 
71.84 150 69700 
70.04 150 69537 
68.36 150 69374 
66.78 150 69211 
65 150 69047 
63.13 150 68884 
61.28 150 68721 
59.55 150 68558 
57.53 150 68395 
55.37 150 68231 
53.26 150 68068 
50.78 150 67905 
48.8 150 67742 
46.57 150 67579 
44.74 150 67416 
43.55 150 67253 
42.36 150 67090 
41.21 150 66926 
39.7 150 66763 
38.23 150 66600 
37.1 150 66437 
36.01 150 66274 
34.77 150 66111 
33.86 150 65947 
32.72 150 65784 
31.75 150 65621 
30.58 150 65458 
29.3 150 65295 
27.98 150 65132 
26.56 150 64968 
24.91 150 64805 
23.42 150 64642 
22.32 150 64479 
21.18 150 64316 
20.03 150 64153 
19.39 150 63990 
18.92 150 63827 
18.21 150 63663 
17.31 150 63500 
16.35 150 63337 
15.85 150 63174 
15.02 150 63011 
14.24 150 62848 
13.44 150 62684 
12.24 150 62521 
11.51 150 62358 
10.97 150 62195 
10.27 150 62032 
9.52 150 61869 
8.81 150 61706 
8 150 61543 
7.11 150 61380 
6.51 150 61217 
6.19 150 61054 
5.87 150 60890 
5.19 150 60727 
4.78 150 60564 
4.38 150 60401 
4.01 150 60238 
3.51 150 60075 
3.17 150 59911 
2.87 150 59748 
2.35 150 59585 
1.8 150 59422 
1.69 150 59259 
1.58 150 59096 
1 150 58932 
0.65 150 58769 
0.49 150 58606 
0.66 150 58443 
0.67 150 58280 
0.44 150 58117 
0.02 150 57954 
-0.21 150 57791 
-0.18 150 57628 
-0.01 150 57465 
-0.09 150 57302 
-0.4 150 57139 
-0.38 150 56975 
-0.36 150 56812 
-0.35 150 56649 
-0.37 150 56486 
-0.46 150 56323 
-0.48 150 56160 
-0.48 150 55997 
-0.58 150 55834 
-0.49 150 55671 
-0.3 150 55507 
-0.34 150 55344 
-0.29 150 55181 
-0.33 150 55018 
-0.25 150 54855 
-0.15 150 54692 
-0.24 150 54528 
-0.32 150 54365 
-0.23 150 54202 
-0.4 150 54039 
-0.65 150 53876 
-0.56 150 53713 
-0.5 150 53549 
-0.56 150 53386 
-0.35 150 53223 
-0.34 150 53060 
-0.51 150 52897 
-0.48 150 52734 
-0.32 150 52570 
-0.31 150 52407 
-0.31 150 52244 
-0.43 150 52081 
-0.58 150 51918 
-0.42 150 51755 
-0.37 150 51592 
-0.47 150 51428 
-0.42 150 51265 
-0.48 150 51102 
-0.48 150 50939 
-0.43 150 50776 
-0.2 150 50613 
-0.22 150 50449 
-0.39 150 50286 
-0.49 150 50123 
-0.54 150 49960 
-0.5 150 49797 
-0.36 150 49634 
-0.29 150 49470 
-0.4 150 49307 
-0.36 150 49144 
-0.2 150 48981 
-0.27 150 48818 
-0.52 150 48654 
-0.46 150 48491 
-0.66 150 48328 
-0.58 150 48165 
-0.34 150 48002 
-0.25 150 47839 
-0.4 150 47675 
-0.4 150 47512 
-0.36 150 47349 
-0.57 150 47186 
-0.52 150 47023 
-0.54 150 46860 
-0.72 150 46696 
-0.5 150 46533 
-0.33 150 46370 
-0.29 150 46207 
-0.43 150 46044 
-0.48 150 45881 
-0.52 150 45717 
-0.4 150 45554 
-0.44 150 45391 
-0.21 150 45228 
-0.35 150 45065 
-0.72 150 44902 
-0.73 150 44738 
-0.59 150 44575 
-0.51 150 44412 
-0.43 150 44249 
-0.29 150 44086 
-0.44 150 43923 
-0.57 150 43759 
-0.49 150 43596 
-0.71 150 43433 
-0.73 150 43270 
-0.48 150 43107 
-0.36 150 42944 
-0.45 150 42781 
-0.42 150 42618 
-0.59 150 42455 
-0.3 150 42291 
-0.35 150 42128 
-0.58 150 41965 
-0.56 150 41802 
-0.63 150 41639 
-0.44 150 41476 
-0.15 150 41312 
-0.41 150 41149 
-0.59 150 40986 
-0.55 150 40823 
-0.72 150 40660 
-0.62 150 40496 
-0.46 150 40333 
-0.47 150 40170 
-0.52 150 40007 
-0.48 150 39844 
-0.39 150 39681 
-0.68 150 39518 
-0.67 150 39354 
-0.53 150 39191 
-0.42 150 39028 
-0.55 150 38865 
-0.49 150 38702 
-0.3 150 38539 
-0.59 150 38375 
-0.69 150 38212 
-0.51 150 38049 
-0.68 150 37886 
-0.7 150 37723 
-0.55 150 37560 
-0.24 150 37396 
-0.4 150 37233 
-0.6 150 37070 
-0.63 150 36907 
-0.62 150 36744 
-0.44 150 36581 
-0.42 150 36417 
-0.45 150 36254 
-0.71 150 36091 
-0.7 150 35928 
-0.47 150 35765 
-0.57 150 35601 
-0.56 150 35438 
-0.56 150 35275 
-0.48 150 35112 
-0.6 150 34949 
-0.5 150 34786 
-0.32 150 34622 
-0.28 150 34459 
-0.52 150 34296 
-0.72 150 34133 
-0.55 150 33970 
-0.54 150 33806 
-0.62 150 33643 
-0.61 150 33480 
-0.57 150 33317 
-0.53 150 33154 
-0.47 150 32991 
-0.63 150 32827 
-0.49 150 32664 
-0.36 150 32501 
-0.45 150 32338 
-0.3 150 32175 
-0.43 150 32012 
-0.5 150 31849 
-0.57 150 31685 
-0.55 150 31522 
-0.49 150 31359 
-0.58 150 31196 
-0.6 150 31033 
-0.35 150 30870 
-0.5 150 30706 
-0.53 150 30543 
-0.45 150 30380 
-0.66 150 30217 
-0.49 150 30054 
-0.43 150 29891 
-0.22 150 29727 
-0.35 150 29564 
-0.39 150 29401 
-0.29 150 29238 
-0.5 150 29075 
-0.66 150 28912 
-0.36 150 28749 
-0.1 150 28585 
-0.55 150 28422 
-0.92 150 28259 
-1.06 150 28096 
-0.65 150 27933 
-0.64 150 27770 
-0.5 150 27606 
-0.69 150 27443 
-0.38 150 27280 
-0.21 150 27117 
-0.39 150 26954 
-0.47 150 26791 
-0.6 150 26627 
-0.72 150 26464 
-0.7 150 26301 
-0.66 150 26138 
-0.43 150 25975 
-0.4 150 25812 
-0.76 150 25649 
-0.74 150 25486 
-0.66 150 25323 
-0.64 150 25159 
-0.41 150 24996 
-0.37 150 24833 
-0.7 150 24670 
-0.77 150 24507 
-0.4 150 24344 
-0.45 150 24180 
-0.37 150 24017 
-0.24 150 23854 
-0.24 150 23691 
-0.18 150 23528 
-0.53 150 23365 
-0.54 150 23201 
-0.36 150 23038 
-0.28 150 22875 
-0.26 150 22712 
-0.5 150 22549 
-0.55 150 22386 
-0.39 150 22222 
-0.42 150 22059 
-0.68 150 21896 
-0.77 150 21733 
-0.57 150 21570 
-0.54 150 21407 
-0.57 150 21243 
-0.52 150 21080 
-0.51 150 20917 
-0.53 150 20754 
-0.44 150 20591 
-0.35 150 20427 
-0.48 150 20264 
-0.27 150 20101 
-0.33 150 19938 
-0.51 150 19775 
-0.41 150 19612 
-0.52 150 19448 
-0.6 150 19285 
-0.54 150 19122 
-0.55 150 19118 
-0.87 150 19118 
-0.71 150 19118 
-0.62 150 19118 
-0.74 150 19118 
-0.57 150 19118 
-0.66 150 19118 
-0.85 150 19118 
-0.91 150 19118 
-0.64 150 19118 
-0.58 150 19118 
-0.57 150 19118 
-0.7 150 19118 
-0.45 150 19118 
-0.54 150 19118 
-0.73 150 19118 
-0.75 150 19118 
-0.65 150 19118 
-0.52 150 19118 
-0.63 150 19118 
-0.86 150 19118 
-1.06 150 19118 
-0.91 150 19118 
-0.81 150 19118 
-0.66 150 19118 
-0.47 150 19118 
-0.49 150 19118 
-0.97 150 19118 
-1.18 150 19118 
-0.7 150 19118 
-0.81 150 19118 
-0.86 150 19118 
-0.59 150 19118 
-0.21 150 19118 
-0.65 150 19118 
-0.82 150 19118 
-0.64 150 19118 
-0.29 150 19118 
-0.48 150 19118 
-0.54 150 19118 
-0.52 150 19118 
-0.8 150 19118 
-0.46 150 19118 
-0.38 150 19118 
-0.67 150 19118 
-0.85 150 19118 
-0.76 150 19118 
-0.9 150 19118 
-0.72 150 19118 
-0.55 150 19118 
-0.33 150 19118 
-0.42 150 19118 
-0.74 150 19118 
-2.01 150 19118 
-6.22 150 19118 
-8.35 150 19118 
-4 150 19118 
-1.45 150 19118 
-5.22 150 19118 
-15.02 150 19118 
-18.98 150 19118 
-18.75 150 19118 
-18.71 150 19118 
-14.75 150 19118 
-10.39 150 19118 
-11.27 150 19118 
-25.16 150 19118 
-43.66 150 19118 
-63.24 150 19118 
-78.47 150 19118 
-69.23 150 19118 
-44.33 150 19118 
-36.8 150 19118 
-14.62 150 19118 
-7.75 150 19118 
-26.3 150 19118 
-52.37 150 19118 
-92.8 150 19118 
-120.38 150 19118 
-124.93 150 19118 
-115.22 150 19118 
-103.61 150 19118 
-101.97 150 19118 
-98.74 150 19118 
-83.54 150 19118 
-55.95 150 19118 
-26.44 150 19118 
-23.15 150 19118 
6.94 150 19118 
13.95 150 19118 
4.24 150 19118 
5.82 150 19118 
15.64 150 19118 
18.28 150 19118 
18.3 150 19118 
18.21 150 19118 
18.08 150 19118 
18.13 150 19118 
18.2 150 19118 
17.95 150 19118 
17.86 150 19118 
17.95 150 19118 
18.14 150 19118 
18.15 150 19118 
17.87 150 19118 
18.37 150 19118 
18.44 150 19118 
18.2 150 19118 
17.93 150 19118 
18 150 19118 
17.98 150 19118 
18.28 150 19118 
18.26 150 19118 
18.28 150 19118 
18.18 150 19118 
18.08 150 19118 
18.07 150 19118 
18.28 150 19118 
18.45 150 19118 
18.26 150 19118 
18.38 150 19118 
18.34 150 19118 
18.11 150 19118 
17.88 150 19118 
18.32 150 19118 
18.25 150 19118 
18.14 150 19118 
18.2 150 19118 
18.28 150 19118 
18.1 150 19118 
18.11 150 19118 
18.16 150 19118 
18.21 150 19118 
18.11 150 19118 
18.22 150 19118 
18.45 150 19118 
18.26 150 19118 
18.2 150 19118 
17.92 150 19118 
17.98 150 19118 
18.11 150 19118 
18.41 150 19118 
18.47 150 19118 
18.15 150 19118 
17.88 150 19118 
18.06 150 19118 
18.14 150 19118 
18.17 150 19118 
18.06 150 19118 
18 150 19118 
18.93 150 19118 
20.15 150 19118 
17.33 150 19118 
19.63 150 19118 
23.3 150 19118 
24.75 150 19118 
24.7 150 19118 
22.41 150 19118 
27.75 150 19118 
28.33 150 19118 
24.24 150 19118 
31.06 150 19118 
35.11 150 19118 
27.76 150 19118 
16.04 150 19118 
4.74 150 19118 
-8.48 150 19118 
-6.3 150 19118 
-1.49 150 19118 
-3.96 150 19118 
-3.61 150 19118 
4.12 150 19118 
-1.12 150 19118 
-5.18 150 19118 
-8.16 150 19118 
-19.89 150 19118 
-20.88 150 19118 
-14.11 150 19118 
-19.9 150 19118 
-18.92 150 19118 
-12.66 150 19118 
-7.58 150 19118 
-7.49 150 19118 
-7.66 150 19118 
-7.96 150 19118 
-8.3 150 19118 
-8.06 150 19118 
-7.77 150 19118 
-7.77 150 19118 
-7.86 150 19118 
-8.16 150 19118 
-8.02 150 19118 
-7.78 150 19118 
-7.77 150 19118 
-7.52 150 19118 
-7.54 150 19118 
-7.62 150 19118 
-7.85 150 19118 
-7.58 150 19118 
-7.74 150 19118 
-7.95 150 19118 
-7.78 150 19118 
-7.65 150 19118 
-7.59 150 19118 
-7.49 150 19118 
-7.29 150 19118 
-7.61 150 19118 
-7.95 150 19118 
-7.73 150 19118 
-7.67 150 19118 
-7.52 150 19118 
-7.45 150 19118 
-7.64 150 19118 
-7.8 150 19118 
-7.66 150 19118 
-7.51 150 19118 
-7.29 150 19118 
-7.62 150 19118 
-7.75 150 19118 
-7.6 150 19118 
-7.7 150 19118 
-7.61 150 19118 
-7.57 150 19118 
-7.63 150 19118 
-7.76 150 19118 
-7.52 150 19118 
-7.52 150 19118 
-7.7 150 19118 
-7.57 150 19118 
-7.49 150 19118 
-7.36 150 19118 
-7.4 150 19118 
-7.6 150 19118 
-7.64 150 19118 
-7.56 150 19118 
-7.43 150 19118 
-7.58 150 19118 
-7.49 150 19118 
-7.48 150 19118 
-7.69 150 19118 
-7.69 150 19118 
-7.48 150 19118 
-7.29 150 19118 
-7.54 150 19118 
-7.61 150 19118 
-7.41 150 19118 
-7.49 150 19118 
-7.58 150 19118 
-7.58 150 19118 
-7.53 150 19118 
-7.63 150 19118 
-7.67 150 19118 
-7.58 150 19118 
-7.18 150 19118 
-7.49 150 19118 
-7.32 150 19118 
-7.13 150 19118 
-7.42 150 19118 
-7.51 150 19118 
-7.37 150 19118 
-7.42 150 19118 
-7.29 150 19118 
-7.38 150 19118 
-7.24 150 19118 
-7.37 150 19118 
-7.54 150 19118 
-7.53 150 19118 
