0.76 120 59508 
0.98 120 59524 
1.36 120 59540 
1.31 120 59556 
0.99 120 59572 
0.82 120 59587 
1.11 120 59603 
1.45 120 59619 
1.23 120 59635 
1.22 120 59650 
1.46 120 59666 
1.58 120 59682 
1.49 120 59698 
1.22 120 59714 
1.61 120 59729 
1.76 120 59745 
1.5 120 59761 
1.28 120 59777 
1.45 120 59792 
1.84 120 59808 
2.09 120 59824 
1.94 120 59840 
2.01 120 59856 
2.42 120 59871 
2.49 120 59887 
1.82 120 59903 
1.81 120 59919 
2.29 120 59935 
2.48 120 59950 
2.44 120 59966 
2.47 120 59982 
2.62 120 59998 
2.52 120 60013 
2.23 120 60029 
2.4 120 60045 
3 120 60061 
2.99 120 60077 
2.17 120 60092 
2.41 120 60108 
2.74 120 60124 
2.92 120 60140 
2.87 120 60156 
2.86 120 60171 
3.07 120 60187 
3.1 120 60203 
2.9 120 60219 
2.96 120 60234 
3.16 120 60250 
2.58 120 60266 
2.76 120 60282 
3.1 120 60298 
3.25 120 60313 
3.38 120 60329 
3.53 120 60345 
3.45 120 60361 
3.65 120 60377 
3.84 120 60392 
3.42 120 60408 
3.33 120 60424 
3.65 120 60440 
3.99 120 60455 
4.03 120 60471 
3.99 120 60487 
4.14 120 60503 
4.2 120 60519 
3.91 120 60534 
3.88 120 60550 
4.19 120 60566 
4.23 120 60582 
4.05 120 60598 
3.75 120 60613 
4.1 120 60629 
4.54 120 60645 
4.34 120 60661 
4.21 120 60676 
4.41 120 60692 
4.54 120 60708 
4.64 120 60724 
4.97 120 60740 
5.13 120 60755 
5.05 120 60771 
5.02 120 60787 
4.95 120 60803 
4.93 120 60819 
5.14 120 60834 
5.22 120 60850 
5.07 120 60866 
5.54 120 60882 
5.93 120 60897 
5.94 120 60913 
5.86 120 60929 
5.79 120 60945 
5.96 120 60961 
6.04 120 60976 
6.05 120 60992 
6.34 120 61008 
6.2 120 61024 
6.18 120 61040 
6.02 120 61055 
6.12 120 61071 
6.43 120 61087 
6.34 120 61103 
6.35 120 61118 
6.3 120 61134 
6.62 120 61150 
6.79 120 61166 
6.37 120 61182 
6.33 120 61197 
6.7 120 61213 
6.77 120 61229 
6.41 120 61245 
6.4 120 61260 
6.81 120 61276 
7.05 120 61292 
7.04 120 61308 
7.12 120 61324 
7.19 120 61339 
7.37 120 61355 
7.18 120 61371 
7.06 120 61387 
7.31 120 61403 
7.31 120 61418 
7.26 120 61434 
7.35 120 61450 
7.39 120 61466 
7.51 120 61481 
7.55 120 61497 
7.52 120 61513 
7.53 120 61529 
7.6 120 61545 
7.4 120 61560 
7.47 120 61576 
8.06 120 61592 
8.34 120 61608 
7.99 120 61624 
7.97 120 61639 
8.23 120 61655 
8.2 120 61671 
8.03 120 61687 
8.07 120 61702 
8.13 120 61718 
8.69 120 61734 
8.57 120 61750 
8.41 120 61766 
8.95 120 61781 
8.8 120 61797 
8.47 120 61813 
8.52 120 61829 
8.9 120 61844 
9.09 120 61860 
8.96 120 61876 
9.09 120 61892 
9.53 120 61908 
9.58 120 61923 
9.51 120 61939 
9.73 120 61955 
9.84 120 61971 
9.66 120 61987 
9.7 120 62002 
9.68 120 62018 
9.88 120 62034 
10.02 120 62050 
9.97 120 62065 
9.96 120 62081 
10.16 120 62097 
10.24 120 62113 
10.5 120 62129 
10.68 120 62144 
10.72 120 62160 
10.96 120 62176 
11.13 120 62192 
10.97 120 62207 
11.05 120 62223 
11.29 120 62239 
11.41 120 62255 
11.12 120 62271 
11.11 120 62286 
11.59 120 62302 
11.75 120 62318 
11.71 120 62334 
11.83 120 62350 
12.19 120 62365 
12.2 120 62381 
11.77 120 62397 
11.94 120 62413 
12.21 120 62428 
12.3 120 62444 
12.1 120 62460 
12.33 120 62476 
12.53 120 62492 
12.78 120 62507 
12.68 120 62523 
12.98 120 62539 
13.34 120 62555 
13.41 120 62571 
13.02 120 62586 
13.16 120 62602 
13.44 120 62618 
13.46 120 62634 
13.57 120 62649 
13.71 120 62665 
14.01 120 62681 
14.12 120 62697 
14.09 120 62713 
14.08 120 62728 
14.32 120 62744 
14.7 120 62760 
14.73 120 62776 
14.48 120 62792 
14.63 120 62807 
15.11 120 62823 
15.12 120 62839 
15.16 120 62855 
15.4 120 62870 
15.54 120 62886 
15.21 120 62902 
14.95 120 62918 
15.48 120 62934 
15.71 120 62949 
15.59 120 62965 
15.61 120 62981 
16.09 120 62997 
16.25 120 63013 
16.26 120 63028 
16.27 120 63044 
16.31 120 63060 
16.31 120 63076 
16.14 120 63091 
15.88 120 63107 
16.1 120 63123 
16.46 120 63139 
16.54 120 63155 
16.57 120 63170 
17.21 120 63186 
17.33 120 63202 
17.1 120 63218 
17.19 120 63234 
17.35 120 63249 
17.79 120 63265 
17.97 120 63281 
17.85 120 63297 
17.64 120 63312 
17.71 120 63328 
17.74 120 63344 
17.7 120 63360 
17.89 120 63376 
18.25 120 63391 
18.2 120 63407 
18.21 120 63423 
18.36 120 63439 
18.77 120 63455 
18.75 120 63470 
18.61 120 63486 
18.87 120 63502 
19.57 120 63518 
19.55 120 63533 
19.16 120 63549 
19.12 120 63565 
19.77 120 63581 
19.68 120 63597 
19.34 120 63612 
19.48 120 63628 
20.1 120 63644 
20.06 120 63660 
19.68 120 63676 
19.76 120 63691 
20.34 120 63707 
20.62 120 63723 
20.41 120 63739 
20.51 120 63755 
20.69 120 63770 
20.85 120 63786 
20.62 120 63802 
20.67 120 63818 
21.06 120 63833 
21.12 120 63849 
20.67 120 63865 
20.59 120 63881 
21.18 120 63897 
21.45 120 63912 
21.41 120 63928 
21.17 120 63944 
21.45 120 63960 
21.74 120 63976 
21.45 120 63991 
21.42 120 64007 
21.94 120 64023 
22.28 120 64039 
22.35 120 64054 
22.46 120 64070 
22.48 120 64086 
22.54 120 64102 
22.63 120 64118 
22.66 120 64133 
23.05 120 64149 
23.41 120 64165 
23.37 120 64181 
23.44 120 64197 
23.66 120 64212 
23.81 120 64228 
23.73 120 64244 
23.78 120 64260 
24.02 120 64275 
24 120 64291 
24.03 120 64307 
24.07 120 64323 
24.19 120 64339 
24.28 120 64354 
24.3 120 64370 
24.35 120 64386 
24.59 120 64402 
24.86 120 64417 
25.1 120 64433 
24.98 120 64449 
24.84 120 64465 
25.13 120 64481 
25.11 120 64496 
24.95 120 64512 
25.02 120 64528 
25.48 120 64544 
25.52 120 64560 
25.19 120 64575 
25.18 120 64591 
25.26 120 64607 
25.53 120 64623 
25.53 120 64639 
26.18 120 64654 
26.25 120 64670 
26.03 120 64686 
25.92 120 64702 
26.16 120 64717 
26.45 120 64733 
26.53 120 64749 
26.58 120 64765 
26.45 120 64781 
26.84 120 64796 
26.82 120 64812 
26.8 120 64828 
27.17 120 64844 
27.56 120 64859 
27.65 120 64875 
27.65 120 64891 
27.84 120 64907 
28.11 120 64923 
28.33 120 64938 
28.39 120 64954 
28.53 120 64970 
29.08 120 64986 
29.53 120 65002 
29.37 120 65017 
29.22 120 65033 
29.7 120 65049 
30.15 120 65065 
29.83 120 65080 
29.89 120 65096 
30.5 120 65112 
30.68 120 65128 
30.65 120 65144 
30.86 120 65159 
31.27 120 65175 
31.52 120 65191 
31.64 120 65207 
31.7 120 65223 
32.32 120 65238 
32.82 120 65254 
32.54 120 65270 
32.86 120 65286 
33.26 120 65301 
33.55 120 65317 
33.47 120 65333 
33.78 120 65349 
34.03 120 65365 
34 120 65380 
34.38 120 65396 
34.52 120 65412 
34.81 120 65428 
35.1 120 65444 
35.38 120 65459 
35.27 120 65475 
35.57 120 65491 
35.7 120 65507 
35.59 120 65522 
35.75 120 65538 
36.34 120 65554 
36.25 120 65570 
36.28 120 65586 
36.37 120 65601 
36.39 120 65617 
36.72 120 65633 
36.94 120 65649 
36.85 120 65665 
37.28 120 65680 
37.92 120 65696 
37.45 120 65712 
37.56 120 65728 
37.95 120 65743 
38.2 120 65759 
38.45 120 65775 
38.39 120 65791 
38.56 120 65807 
38.62 120 65822 
38.84 120 65838 
38.97 120 65854 
39.05 120 65870 
39.43 120 65886 
39.77 120 65901 
39.9 120 65917 
40 120 65933 
40.17 120 65949 
40.18 120 65964 
39.81 120 65980 
40.03 120 65996 
40.53 120 66012 
40.75 120 66028 
40.66 120 66043 
40.9 120 66059 
41.37 120 66075 
41.63 120 66091 
41.61 120 66107 
41.69 120 66122 
42.11 120 66138 
42.37 120 66154 
42.2 120 66170 
42.1 120 66186 
42.41 120 66201 
42.41 120 66217 
42.33 120 66233 
42.61 120 66249 
43 120 66264 
43.15 120 66280 
42.99 120 66296 
43.22 120 66312 
43.87 120 66328 
43.67 120 66343 
43.4 120 66359 
43.61 120 66375 
44.26 120 66391 
44.48 120 66407 
44.4 120 66422 
44.39 120 66438 
45.01 120 66454 
45.2 120 66470 
44.99 120 66485 
44.98 120 66501 
45.29 120 66517 
45.57 120 66533 
45.71 120 66549 
45.76 120 66564 
46.27 120 66580 
46.71 120 66596 
46.45 120 66612 
46.27 120 66628 
46.82 120 66643 
46.89 120 66659 
47.09 120 66675 
47.01 120 66691 
47.37 120 66706 
47.84 120 66722 
47.79 120 66738 
47.94 120 66754 
48.1 120 66770 
48.36 120 66785 
48.11 120 66801 
48.06 120 66817 
48.33 120 66833 
48.64 120 66849 
48.71 120 66864 
48.52 120 66880 
48.51 120 66896 
48.82 120 66912 
49.24 120 66927 
49.32 120 66943 
49.07 120 66959 
49.49 120 66975 
49.67 120 66991 
49.57 120 67006 
49.89 120 67022 
50.15 120 67038 
50.19 120 67054 
50.22 120 67070 
50.33 120 67085 
50.71 120 67101 
50.87 120 67117 
50.73 120 67133 
50.86 120 67149 
51.27 120 67164 
51.15 120 67180 
51.07 120 67196 
51.63 120 67212 
51.96 120 67227 
51.9 120 67243 
51.96 120 67259 
52.18 120 67275 
52.15 120 67291 
52.52 120 67306 
52.4 120 67322 
52.53 120 67338 
52.83 120 67354 
52.88 120 67370 
52.7 120 67385 
52.92 120 67401 
53.27 120 67417 
53.75 120 67433 
53.67 120 67448 
53.75 120 67464 
54.12 120 67480 
54.41 120 67496 
54.67 120 67512 
54.67 120 67527 
55.13 120 67543 
55.39 120 67559 
55.38 120 67575 
55.64 120 67590 
55.86 120 67606 
55.94 120 67622 
56.02 120 67638 
56.34 120 67654 
56.81 120 67669 
56.94 120 67685 
57.22 120 67701 
57.42 120 67717 
57.76 120 67733 
58.11 120 67748 
58.06 120 67764 
58.14 120 67780 
58.82 120 67796 
59.08 120 67811 
59.18 120 67827 
59.62 120 67843 
60.07 120 67859 
60.2 120 67875 
60.43 120 67890 
60.54 120 67906 
60.99 120 67922 
61.52 120 67938 
61.75 120 67954 
61.74 120 67969 
62.28 120 67985 
62.79 120 68001 
62.85 120 68017 
63.23 120 68032 
63.8 120 68048 
64.32 120 68064 
64.34 120 68080 
64.44 120 68096 
65.06 120 68111 
65.49 120 68127 
65.56 120 68143 
65.61 120 68159 
66.07 120 68175 
66.44 120 68190 
66.8 120 68206 
66.88 120 68222 
67.1 120 68238 
67.57 120 68253 
67.77 120 68269 
67.84 120 68285 
68.2 120 68301 
68.51 120 68317 
68.88 120 68332 
69.12 120 68348 
69.62 120 68364 
70.01 120 68380 
70.39 120 68395 
70.79 120 68411 
71.08 120 68427 
71.22 120 68443 
71.39 120 68459 
71.5 120 68474 
71.43 120 68490 
72.06 120 68506 
72.59 120 68522 
72.24 120 68538 
72.51 120 68553 
73.26 120 68569 
73.84 120 68585 
73.62 120 68601 
73.53 120 68616 
74.16 120 68632 
74.59 120 68648 
74.58 120 68664 
74.79 120 68680 
75.42 120 68695 
75.49 120 68711 
75.44 120 68727 
75.49 120 68743 
76.04 120 68759 
76.38 120 68774 
76.59 120 68790 
76.8 120 68806 
76.96 120 68822 
77.39 120 68838 
77.55 120 68853 
77.4 120 68869 
77.99 120 68885 
78.26 120 68901 
78.3 120 68916 
78.34 120 68932 
78.58 120 68948 
78.99 120 68964 
79.21 120 68980 
79.31 120 68995 
79.69 120 69011 
79.82 120 69027 
79.68 120 69043 
79.84 120 69059 
80.14 120 69074 
80.56 120 69090 
80.92 120 69106 
80.79 120 69122 
80.81 120 69137 
81.24 120 69153 
81.46 120 69169 
81.55 120 69185 
81.63 120 69201 
82.08 120 69216 
82.28 120 69232 
82.29 120 69248 
82.45 120 69264 
82.69 120 69280 
82.71 120 69295 
82.95 120 69311 
83.19 120 69327 
83.66 120 69343 
84.05 120 69358 
83.85 120 69374 
83.91 120 69390 
84.28 120 69406 
84.63 120 69422 
84.38 120 69437 
84.19 120 69453 
84.92 120 69469 
85.34 120 69485 
85.15 120 69501 
85.64 120 69516 
86.13 120 69532 
86.28 120 69548 
86.24 120 69564 
86.44 120 69580 
86.81 120 69595 
86.98 120 69611 
87.07 120 69627 
87.43 120 69643 
87.82 120 69658 
88.09 120 69674 
88.2 120 69690 
88.26 120 69706 
88.63 120 69722 
88.76 120 69737 
88.83 120 69753 
88.96 120 69769 
89.32 120 69785 
89.7 120 69801 
89.92 120 69816 
90.25 120 69832 
90.9 120 69848 
91.15 120 69864 
91.01 120 69880 
90.98 120 69895 
91.4 120 69911 
91.61 120 69927 
91.33 120 69943 
91.51 120 69958 
92.02 120 69974 
92.31 120 69990 
92.35 120 70006 
92.58 120 70022 
92.79 120 70037 
93.26 120 70053 
92.95 120 70069 
93.04 120 70085 
93.63 120 70101 
94.03 120 70116 
94 120 70132 
94.08 120 70148 
94.46 120 70164 
95.17 120 70180 
95.17 120 70195 
95.07 120 70211 
95.53 120 70227 
95.68 120 70243 
95.85 120 70258 
96.05 120 70274 
96.62 120 70290 
97.05 120 70306 
96.9 120 70322 
96.72 120 70337 
97.27 120 70353 
97.88 120 70369 
97.61 120 70385 
97.51 120 70401 
97.53 120 70416 
98.26 120 70432 
98.46 120 70448 
98.44 120 70464 
98.51 120 70479 
98.95 120 70495 
99.07 120 70511 
99.05 120 70527 
99.43 120 70543 
99.74 120 70558 
100.09 120 70574 
99.99 120 70590 
100.25 120 70606 
100.71 120 70622 
100.93 120 70637 
101.02 120 70653 
101.55 120 70669 
102.1 120 70685 
102.3 120 70701 
102.47 120 70716 
102.85 120 70732 
103.43 120 70748 
103.88 120 70764 
103.8 120 70779 
103.92 120 70795 
104.65 120 70811 
105.15 120 70827 
105.4 120 70843 
105.69 120 70858 
106.47 120 70874 
107.08 120 70890 
107.38 120 70906 
107.75 120 70922 
108.42 120 70937 
108.73 120 70953 
109.01 120 70969 
109.28 120 70985 
109.92 120 71000 
110.64 120 71016 
110.81 120 71032 
111.15 120 71048 
111.9 120 71064 
112.3 120 71079 
112.4 120 71095 
112.74 120 71111 
113.61 120 71127 
114.11 120 71143 
114.33 120 71158 
114.77 120 71174 
115.22 120 71190 
115.62 120 71206 
115.74 120 71221 
116.31 120 71237 
117.11 120 71253 
118 120 71269 
118.33 120 71285 
118.48 120 71300 
118.96 120 71316 
119.7 120 71332 
119.97 120 71348 
120.22 120 71364 
120.83 120 71379 
121.52 120 71380 
121.71 120 71380 
121.68 120 71380 
121.51 120 71380 
121.45 120 71380 
121.52 120 71380 
121.36 120 71380 
120.99 120 71380 
120.9 120 71380 
121.34 120 71380 
121.3 120 71380 
120.83 120 71380 
120.74 120 71380 
120.99 120 71380 
121.07 120 71380 
120.78 120 71380 
120.7 120 71380 
120.86 120 71380 
120.61 120 71380 
120.57 120 71380 
120.63 120 71380 
120.64 120 71380 
120.78 120 71380 
120.65 120 71380 
120.69 120 71380 
120.65 120 71380 
120.51 120 71380 
120.61 120 71380 
120.48 120 71380 
120.38 120 71380 
120.23 120 71380 
120.09 120 71380 
120.02 120 71380 
120 120 71380 
120.03 120 71380 
120.25 120 71380 
120.33 120 71380 
120.17 120 71380 
120.29 120 71380 
120.11 120 71380 
119.81 120 71380 
119.87 120 71380 
120.27 120 71380 
120.18 120 71380 
119.99 120 71380 
119.96 120 71380 
119.77 120 71380 
119.74 120 71380 
119.95 120 71380 
119.8 120 71380 
119.92 120 71380 
120 120 71380 
119.95 120 71380 
119.82 120 71380 
119.93 120 71380 
119.89 120 71380 
119.77 120 71380 
119.78 120 71380 
119.74 120 71380 
119.7 120 71380 
120.05 120 71380 
120.01 120 71380 
119.87 120 71380 
119.66 120 71380 
119.7 120 71380 
119.74 120 71380 
119.77 120 71380 
119.86 120 71380 
119.85 120 71380 
119.89 120 71380 
119.68 120 71380 
119.74 120 71380 
119.69 120 71380 
119.84 120 71380 
119.87 120 71380 
119.7 120 71380 
119.56 120 71380 
119.51 120 71380 
119.59 120 71380 
119.7 120 71380 
119.58 120 71380 
119.38 120 71380 
119.45 120 71380 
119.43 120 71380 
119.62 120 71380 
119.5 120 71380 
119.49 120 71380 
119.57 120 71380 
119.24 120 71380 
119.34 120 71380 
119.77 120 71380 
119.69 120 71380 
119.43 120 71380 
119.31 120 71380 
119.37 120 71380 
119.37 120 71380 
119.29 120 71380 
119.38 120 71380 
119.45 120 71380 
119.6 120 71380 
119.49 120 71380 
119.43 120 71380 
119.39 120 71380 
119.37 120 71380 
119.52 120 71380 
119.49 120 71380 
119.41 120 71380 
119.26 120 71380 
119.23 120 71380 
119.32 120 71380 
119.65 120 71380 
119.63 120 71380 
119.46 120 71380 
119.3 120 71380 
119.15 120 71380 
119.07 120 71380 
119.22 120 71380 
119.4 120 71380 
119.34 120 71380 
119.2 120 71380 
119.04 120 71380 
119.17 120 71380 
119.28 120 71380 
119.21 120 71380 
119.25 120 71380 
119.41 120 71380 
119.25 120 71380 
119.33 120 71380 
119.3 120 71380 
119.18 120 71380 
119.12 120 71380 
119.3 120 71380 
119.06 120 71380 
119.05 120 71380 
119.44 120 71380 
119.51 120 71380 
119.37 150 71380 
119.22 150 71380 
119.19 150 71380 
119.12 150 71380 
119.44 150 71380 
119.37 150 71380 
119.16 150 71380 
119.02 150 71380 
118.89 150 71380 
119.24 150 71380 
119.46 150 71380 
119.38 150 71380 
119.33 150 71380 
119.09 150 71380 
119.12 150 71380 
119.2 150 71380 
119.18 150 71380 
119.12 150 71380 
119.22 150 71380 
119.32 150 71380 
119.25 150 71380 
119.24 150 71380 
119.31 150 71380 
119.29 150 71380 
119.18 150 71380 
119.14 150 71380 
119.14 150 71380 
119.24 150 71380 
119.21 150 71380 
119.16 150 71380 
119.18 150 71380 
119.15 150 71380 
119.12 150 71380 
119.03 150 71380 
118.89 150 71380 
118.98 150 71380 
119.13 150 71380 
119.17 150 71380 
119.29 150 71380 
119.11 150 71380 
118.94 150 71380 
118.68 150 71380 
118.92 150 71380 
119.05 150 71380 
119.16 150 71380 
119.03 150 71380 
119.21 150 71380 
119.08 150 71380 
118.94 150 71380 
119.07 150 71380 
118.82 150 71380 
118.9 150 71380 
119 150 71380 
118.96 150 71380 
119.11 150 71380 
119.07 150 71380 
118.73 150 71380 
118.83 150 71380 
118.91 150 71380 
118.55 150 71380 
118.8 150 71380 
118.93 150 71380 
118.91 150 71380 
119.05 150 71380 
119.03 150 71396 
119.03 150 71412 
118.94 150 71427 
119.4 150 71443 
120.37 150 71459 
120.74 150 71475 
121.31 150 71491 
121.76 150 71506 
122.58 150 71522 
123.15 150 71538 
123.46 150 71554 
123.87 150 71570 
124.77 150 71585 
125.16 150 71601 
125.1 150 71617 
125.63 150 71633 
126.09 150 71648 
126.54 150 71664 
126.72 150 71680 
127.08 150 71696 
127.66 150 71712 
128.14 150 71727 
128.2 150 71743 
128.45 150 71759 
128.99 150 71775 
129.43 150 71791 
129.71 150 71806 
129.96 150 71822 
130.32 150 71838 
130.38 150 71854 
130.28 150 71869 
130.71 150 71885 
131.5 150 71901 
131.67 150 71917 
131.68 150 71933 
131.9 150 71948 
132.48 150 71964 
133.02 150 71980 
133.04 150 71996 
133.6 150 72012 
134.05 150 72027 
134.3 150 72043 
134.39 150 72059 
134.67 150 72075 
135.08 150 72091 
135.36 150 72106 
135.55 150 72122 
135.86 150 72138 
136.34 150 72154 
136.53 150 72169 
136.41 150 72185 
136.81 150 72201 
137.4 150 72217 
137.49 150 72233 
137.76 150 72248 
137.95 150 72264 
138.56 150 72280 
138.86 150 72296 
138.87 150 72312 
138.99 150 72327 
139.41 150 72343 
139.53 150 72359 
139.38 150 72375 
139.54 150 72390 
139.99 150 72406 
140.28 150 72422 
140.33 150 72438 
140.6 150 72454 
140.91 150 72469 
141.24 150 72485 
141.27 150 72501 
141.71 150 72517 
142.23 150 72533 
142.62 150 72548 
142.71 150 72564 
143.04 150 72580 
143.85 150 72596 
143.85 150 72612 
143.98 150 72627 
144.2 150 72643 
144.55 150 72659 
144.72 150 72675 
144.77 150 72690 
144.94 150 72706 
145.62 150 72722 
145.76 150 72738 
145.65 150 72754 
146.18 150 72769 
146.59 150 72785 
146.68 150 72801 
146.89 150 72817 
147.3 150 72833 
147.41 150 72848 
147.71 150 72864 
148.04 150 72880 
148.29 150 72896 
148.59 150 72912 
149.04 150 72927 
149.3 150 72943 
149.39 150 72959 
149.59 150 72975 
149.89 150 72990 
150.18 150 73006 
150.18 150 73022 
150.44 150 73022 
150.81 150 73022 
150.53 150 73022 
150.54 150 73022 
150.68 150 73022 
150.72 150 73022 
150.72 150 73022 
150.51 150 73022 
150.51 150 73022 
150.4 150 73022 
150.32 150 73022 
150.38 150 73022 
150.57 150 73022 
150.55 150 73022 
150.47 150 73022 
150.3 150 73022 
150.44 150 73022 
150.38 150 73022 
150.41 150 73022 
150.41 150 73022 
150.36 150 73022 
150.49 150 73022 
150.43 150 73022 
150.15 150 73022 
150.3 150 73022 
150.4 150 73022 
150.26 150 73022 
150.32 150 73022 
150.26 150 73022 
150.23 150 73022 
150.38 150 73022 
150.31 150 73022 
150.34 150 73022 
150.4 150 73022 
150.2 150 73022 
150.16 150 73022 
150.32 150 73022 
150.28 150 73022 
149.94 150 73022 
150.01 150 73022 
150.2 150 73022 
150.08 150 73022 
149.87 150 73022 
149.98 150 73022 
150.16 150 73022 
150.31 150 73022 
150.2 150 73022 
150.2 150 73022 
150.08 150 73022 
150.2 150 73022 
150.31 150 73022 
150.05 150 73022 
149.9 150 73022 
149.93 150 73022 
150.06 150 73022 
150.03 150 73022 
149.93 150 73022 
149.9 150 73022 
149.89 150 73022 
150.04 150 73022 
150.22 150 73022 
149.81 150 73022 
149.63 150 73022 
149.71 150 73022 
149.69 150 73022 
149.85 150 73022 
149.85 150 73022 
149.79 150 73022 
149.78 150 73022 
149.77 150 73022 
149.89 150 73022 
149.89 150 73022 
149.96 150 73022 
150.17 150 73022 
149.91 150 73022 
150.17 150 73022 
149.95 150 73022 
149.71 150 73022 
149.82 150 73022 
150.02 150 73022 
149.71 150 73022 
149.63 150 73022 
149.68 150 73022 
149.65 150 73022 
149.71 150 73022 
149.76 150 73022 
149.8 150 73022 
149.92 150 73022 
150.22 150 73022 
150.21 150 73022 
149.94 150 73022 
149.65 150 73022 
149.62 150 73022 
149.7 150 73022 
149.89 150 73022 
149.9 150 73022 
149.69 150 73022 
149.59 150 73022 
149.84 150 73022 
149.95 150 73022 
149.87 150 73022 
149.85 150 73022 
149.86 150 73022 
149.82 150 73022 
149.83 150 73022 
149.71 150 73022 
149.81 150 73022 
149.81 150 73022 
149.62 150 73022 
149.73 150 73022 
149.77 150 73022 
149.67 150 73022 
149.61 150 73022 
149.71 150 73022 
149.87 150 73022 
149.87 150 73022 
149.75 150 73022 
149.62 150 73022 
149.68 150 73022 
149.69 150 73022 
149.56 150 73022 
149.42 150 73022 
149.49 150 73022 
149.57 150 73022 
149.69 150 73022 
149.68 150 73022 
149.55 150 73022 
149.48 150 73022 
149.49 150 73022 
149.49 150 73022 
149.43 150 73022 
149.5 150 73022 
149.56 150 73022 
149.54 150 73022 
149.73 150 73022 
149.69 150 73022 
149.75 150 73022 
149.63 150 73022 
149.57 150 73022 
149.36 150 73022 
149.47 150 73022 
149.6 150 73022 
149.6 150 73022 
149.51 150 73022 
149.35 150 73022 
149.28 150 73022 
149.54 150 73022 
149.73 150 73022 
149.79 150 73022 
149.5 150 73022 
149.54 150 73022 
149.67 150 73022 
149.43 150 73022 
149.46 150 73022 
149.32 150 73022 
149.46 150 73022 
149.53 150 73022 
149.42 150 73022 
149.65 150 73022 
149.71 150 73022 
149.63 150 73022 
149.22 150 73022 
149.25 150 73022 
149.46 150 73022 
149.51 150 73022 
149.34 150 73022 
149.42 150 73022 
149.5 150 73022 
149.34 150 73022 
149.26 150 73022 
149.4 150 73022 
149.55 150 73022 
149.5 150 73022 
149.46 150 73022 
149.68 150 73022 
149.49 150 73022 
149.43 150 73022 
149.59 150 73022 
149.39 150 73022 
149.38 150 73022 
149.47 150 73022 
149.5 150 73022 
149.45 150 73022 
149.26 150 73022 
149.32 150 73022 
149.19 150 73022 
149.24 150 73022 
149.34 150 73022 
149.48 200 73022 
149.45 200 73022 
149.35 200 73022 
149.43 200 73022 
149.46 200 73022 
149.29 200 73022 
149.14 200 73022 
149.18 200 73022 
149.03 200 73022 
149.13 200 73022 
149.35 200 73022 
149.34 200 73022 
149.28 200 73022 
149.22 200 73022 
149.12 200 73022 
149.58 200 73022 
149.32 200 73038 
149.45 200 73054 
149.84 200 73069 
149.87 200 73085 
150.5 200 73101 
150.92 200 73117 
151.29 200 73133 
151.64 200 73148 
151.87 200 73164 
152.63 200 73180 
153.42 200 73196 
153.23 200 73212 
153.66 200 73227 
154 200 73243 
154.01 200 73259 
154.32 200 73275 
154.87 200 73291 
155.46 200 73306 
155.81 200 73322 
155.98 200 73338 
156.29 200 73354 
156.74 200 73369 
157.11 200 73385 
157.1 200 73401 
157.62 200 73417 
158.38 200 73433 
158.51 200 73448 
158.71 200 73464 
158.95 200 73480 
159.67 200 73496 
159.9 200 73512 
160.14 200 73527 
160.58 200 73543 
160.9 200 73559 
161.02 200 73575 
161.17 200 73590 
161.67 200 73606 
162.27 200 73622 
162.73 200 73638 
162.6 200 73654 
162.92 200 73669 
163.77 200 73685 
164.27 200 73701 
164.15 200 73717 
164.21 200 73733 
164.63 200 73748 
165.31 200 73764 
165.59 200 73780 
165.49 200 73796 
165.87 200 73812 
166.63 200 73827 
167.16 200 73843 
167.63 200 73859 
168.04 200 73875 
168.5 200 73890 
168.67 200 73906 
169.15 200 73922 
169.36 200 73938 
170.18 200 73954 
170.98 200 73969 
171.18 200 73985 
171.67 200 74001 
172.63 200 74017 
172.96 200 74033 
173.35 200 74048 
173.94 200 74064 
174.63 200 74080 
175.09 200 74096 
175.39 200 74112 
176.08 200 74127 
176.4 200 74143 
176.64 200 74159 
177.3 200 74175 
178.14 200 74190 
178.69 200 74206 
179.19 200 74222 
179.57 200 74238 
180.03 200 74254 
180.94 200 74269 
181.47 200 74285 
182.05 200 74301 
182.77 200 74317 
183.43 200 74333 
183.92 200 74348 
184.21 200 74364 
184.92 200 74380 
185.92 200 74396 
186.29 200 74412 
186.55 200 74427 
187.14 200 74443 
187.93 200 74459 
188.64 200 74475 
189.13 200 74491 
189.62 200 74506 
190.35 200 74522 
191.13 200 74538 
191.29 200 74554 
191.62 200 74569 
192.46 200 74585 
192.96 200 74601 
193.02 200 74617 
193.44 200 74633 
194.23 200 74648 
194.94 200 74664 
195.31 200 74680 
196 200 74696 
196.91 200 74712 
197.38 200 74727 
197.45 200 74743 
198.04 200 74759 
198.61 200 74775 
198.94 200 74790 
199.13 200 74806 
199.57 200 74822 
200.33 200 74838 
200.98 200 74854 
201.27 200 74854 
201.75 200 74854 
201.68 200 74854 
201.46 200 74854 
201.51 200 74854 
201.34 200 74854 
201.01 200 74854 
201.02 200 74854 
201.24 200 74854 
201.04 200 74854 
200.69 200 74854 
200.61 200 74854 
200.71 200 74854 
200.5 200 74854 
200.44 200 74854 
200.5 200 74854 
200.56 200 74854 
200.37 200 74854 
200.09 200 74854 
200.16 200 74854 
200.12 200 74854 
199.97 200 74854 
199.81 200 74854 
199.68 200 74854 
199.87 200 74854 
200.01 200 74854 
199.86 200 74854 
199.6 200 74854 
199.68 200 74854 
199.63 200 74854 
199.72 200 74854 
199.6 200 74854 
199.31 200 74854 
199.25 200 74854 
199.37 200 74854 
199.15 200 74854 
199.17 200 74854 
199.25 200 74854 
199.15 200 74854 
199.23 200 74854 
199.3 200 74854 
199.22 200 74854 
198.97 200 74854 
199.06 200 74854 
198.87 200 74854 
198.94 200 74854 
198.98 200 74854 
199.13 200 74854 
199.07 200 74854 
198.87 200 74854 
199.04 200 74854 
198.96 200 74854 
198.79 200 74854 
198.88 200 74854 
198.99 200 74854 
198.9 200 74854 
198.8 200 74854 
198.68 200 74854 
198.7 200 74854 
198.74 200 74854 
198.74 200 74854 
198.54 200 74854 
198.29 200 74854 
198.49 200 74854 
198.73 200 74854 
198.85 200 74854 
198.73 200 74854 
198.65 200 74854 
198.56 200 74854 
198.25 200 74854 
198.28 200 74854 
198.45 200 74854 
198.46 200 74854 
198.45 200 74854 
198.6 200 74854 
198.36 200 74854 
198.32 200 74854 
198.28 200 74854 
198.17 200 74854 
198.11 200 74854 
198.33 200 74854 
198.25 200 74854 
198.23 200 74854 
198.33 200 74854 
198.17 200 74854 
197.98 200 74854 
198 200 74854 
198.28 200 74854 
198.17 200 74854 
197.98 200 74854 
198.18 200 74854 
198.37 200 74854 
198.21 200 74854 
198.23 200 74854 
198.18 200 74854 
197.96 200 74854 
198.22 200 74854 
197.89 200 74854 
197.91 200 74854 
198.01 200 74854 
197.82 200 74854 
197.81 200 74854 
197.79 200 74854 
197.73 200 74854 
197.91 200 74854 
198.11 200 74854 
198.02 200 74854 
197.99 200 74854 
197.82 200 74854 
197.91 200 74854 
198.01 200 74854 
198.09 200 74854 
197.93 200 74854 
197.74 200 74854 
197.62 200 74854 
197.56 200 74854 
197.59 200 74854 
197.6 200 74854 
197.56 200 74854 
197.67 200 74854 
197.74 200 74854 
197.73 200 74854 
197.64 200 74854 
197.61 200 74854 
197.87 200 74854 
197.98 200 74854 
197.88 200 74854 
197.63 200 74854 
197.5 200 74854 
197.46 200 74854 
197.62 200 74854 
197.79 200 74854 
197.84 200 74854 
197.82 200 74854 
197.69 200 74854 
197.52 200 74854 
197.44 200 74854 
197.44 200 74854 
197.42 200 74854 
197.69 200 74854 
197.68 200 74854 
197.49 200 74854 
197.39 200 74854 
197.32 200 74854 
197.64 200 74854 
197.63 200 74854 
197.68 200 74854 
197.57 200 74854 
197.49 200 74854 
197.35 200 74854 
197.53 200 74854 
197.64 200 74854 
197.69 200 74854 
197.69 200 74854 
197.36 200 74854 
197.53 200 74854 
197.57 200 74854 
197.37 200 74854 
197.26 200 74854 
197.32 200 74854 
197.25 200 74854 
197.41 200 74854 
197.54 200 74854 
197.38 200 74854 
197.41 200 74854 
197.42 200 74854 
197.52 200 74854 
197.23 200 74854 
197.28 200 74854 
197.34 200 74854 
197.42 200 74854 
197 200 74854 
196.9 200 74854 
196.99 200 74854 
197.22 200 74854 
197.43 200 74854 
197.43 200 74854 
197.56 200 74854 
197.32 200 74854 
197.2 200 74854 
197.2 200 74854 
197.3 200 74854 
197.15 200 74854 
197.18 200 74854 
197.17 200 74854 
197.05 200 74854 
197.06 200 74854 
197.25 200 74854 
197.2 200 74854 
197.28 200 74854 
197.29 200 74854 
197.11 200 74854 
197.26 200 74854 
197.29 200 74854 
197.06 200 74854 
197.16 200 74854 
197.03 200 74854 
197.12 200 74854 
197.37 200 74854 
197.35 200 74854 
197 200 74854 
196.99 200 74854 
197.1 200 74854 
197.34 200 74854 
197.31 200 74854 
197.21 200 74854 
197.27 200 74854 
196.97 200 74854 
196.98 200 74854 
197.16 200 74854 
197.03 200 74854 
197.04 200 74854 
196.99 200 74854 
197.14 200 74854 
197.28 200 74854 
197.21 200 74854 
197.24 200 74854 
197.39 200 74854 
197.28 200 74854 
197.42 200 74854 
197.11 200 74854 
197.19 200 74854 
197.42 200 74854 
197.23 200 74854 
197.13 200 74854 
197.34 200 74854 
197.26 200 74854 
197.04 200 74854 
197.09 200 74854 
196.85 200 74854 
196.94 200 74854 
197.1 200 74854 
197.18 200 74854 
197.21 200 74854 
196.7 200 74854 
196.71 200 74854 
197.08 200 74854 
197.15 200 74854 
197 200 74854 
197.04 200 74854 
197.12 200 74854 
197.1 200 74854 
197.24 200 74854 
197.18 200 74854 
197.16 200 74854 
197.24 200 74854 
197.35 200 74854 
197.11 200 74854 
197.19 200 74854 
197.36 200 74854 
197.22 200 74854 
197.16 200 74854 
197.14 200 74854 
197.02 200 74854 
196.99 200 74854 
196.82 200 74854 
196.84 200 74854 
197.06 200 74854 
196.97 200 74854 
196.84 200 74854 
196.86 200 74854 
196.98 200 74854 
197.1 200 74854 
197.19 200 74854 
197.29 200 74854 
197.12 200 74854 
197.02 200 74854 
197.07 200 74854 
197.22 200 74854 
197.08 200 74854 
196.9 200 74854 
196.72 200 74854 
196.92 200 74854 
196.88 200 74854 
196.92 200 74854 
196.88 200 74854 
196.93 200 74854 
196.88 200 74854 
196.82 200 74854 
196.72 200 74854 
196.61 200 74854 
196.88 200 74854 
196.73 200 74854 
196.7 200 74854 
196.93 200 74854 
196.97 200 74854 
196.92 200 74854 
196.82 200 74854 
196.8 200 74854 
196.99 200 74854 
196.98 200 74854 
196.44 200 74854 
196.56 200 74854 
196.79 200 74854 
196.68 200 74854 
196.63 200 74854 
196.69 200 74854 
196.7 200 74854 
196.89 200 74854 
196.96 200 74854 
196.99 200 74854 
197.03 200 74854 
197.01 200 74854 
196.77 200 74854 
196.6 200 74854 
196.61 200 74854 
196.9 200 74854 
196.8 200 74854 
196.74 200 74854 
196.56 200 74854 
196.59 200 74854 
196.65 200 74854 
196.65 200 74854 
196.78 200 74854 
197.1 200 74854 
197 200 74854 
196.6 200 74854 
196.58 200 74854 
196.73 200 74854 
196.72 200 74854 
196.79 200 74854 
196.88 200 74854 
197.06 200 74854 
196.83 200 74854 
196.63 200 74854 
196.43 200 74854 
196.35 200 74854 
196.66 200 74854 
196.54 200 74854 
196.87 200 74854 
196.81 200 74854 
196.66 200 74854 
196.68 200 74854 
196.47 200 74854 
196.49 200 74854 
196.57 200 74854 
196.51 200 74854 
196.49 200 74854 
196.55 200 74854 
196.58 200 74854 
196.62 200 74854 
196.56 200 74854 
196.68 200 74854 
196.37 200 74854 
196.5 200 74854 
196.37 200 74854 
196.41 200 74854 
196.73 200 74854 
196.82 200 74854 
196.86 200 74854 
196.69 200 74854 
196.55 200 74854 
196.7 200 74854 
196.56 200 74854 
196.4 200 74854 
196.54 200 74854 
196.68 200 74854 
196.64 200 74854 
196.47 200 74854 
196.54 200 74854 
196.45 200 74854 
196.4 200 74854 
196.4 200 74854 
196.3 200 74854 
196.48 200 74854 
196.5 200 74854 
196.48 200 74854 
196.49 200 74854 
196.36 200 74854 
196.46 200 74854 
196.46 200 74854 
196.48 200 74854 
196.47 200 74854 
196.35 200 74854 
196.45 200 74854 
196.61 200 74854 
196.43 200 74854 
196.41 200 74854 
196.46 200 74854 
196.48 200 74854 
196.29 200 74854 
196.23 200 74854 
196.3 200 74854 
196.37 200 74854 
196.55 200 74854 
196.38 200 74854 
196.43 200 74854 
196.57 200 74854 
196.55 200 74854 
196.88 200 74854 
196.7 200 74854 
196.08 200 74854 
195.95 200 74854 
196.15 200 74854 
196.32 200 74854 
196.48 200 74854 
196.48 200 74854 
196.46 200 74854 
196.33 200 74854 
196.11 200 74854 
196.31 200 74854 
196.38 200 74854 
196.24 200 74854 
196.34 200 74854 
196.46 200 74854 
196.62 200 74854 
196.33 200 74854 
196.33 200 74854 
196.36 200 74854 
196.24 200 74854 
196.04 200 74854 
196.17 200 74854 
196.47 200 74854 
196.29 200 74854 
196.19 200 74854 
196.23 200 74854 
196.34 200 74854 
196.25 200 74854 
196.11 200 74854 
196.32 200 74854 
196.38 200 74854 
196.38 200 74854 
196.35 200 74854 
196.34 200 74854 
196.14 200 74854 
196.12 200 74854 
196.12 200 74854 
196.33 200 74854 
196.2 200 74854 
196.2 200 74854 
196.32 200 74854 
196.13 200 74854 
196.31 200 74854 
196.29 200 74854 
196.04 200 74854 
196.1 200 74854 
196.15 200 74854 
196.15 200 74854 
196.23 200 74854 
196.03 200 74854 
196.38 200 74854 
196.34 200 74854 
196.24 200 74854 
196.24 200 74854 
196.3 200 74854 
196.45 200 74854 
196.19 200 74854 
196.09 200 74854 
195.86 200 74854 
196.05 200 74854 
196.3 200 74854 
196.05 200 74854 
196.12 200 74854 
196.15 200 74854 
196.12 200 74854 
196.27 200 74854 
196.44 200 74854 
196.31 200 74854 
196.02 200 74854 
195.95 200 74854 
195.94 200 74854 
196.11 200 74854 
195.87 200 74854 
195.88 200 74854 
196.27 200 74854 
196.24 200 74854 
196.32 200 74854 
196.39 200 74854 
196.05 200 74854 
195.95 200 74854 
196.27 200 74854 
196.1 200 74854 
195.82 200 74854 
195.78 200 74854 
195.94 200 74854 
196.24 200 74854 
196.17 200 74854 
196.08 200 74854 
196.27 200 74854 
196.4 200 74854 
196.25 200 74854 
196.23 200 74854 
196.07 200 74854 
195.92 200 74854 
196.1 200 74854 
196.14 200 74854 
196.09 200 74854 
196.02 200 74854 
196.03 200 74854 
196.34 200 74854 
196.14 200 74854 
196.08 200 74854 
196.05 200 74854 
195.98 200 74854 
196.11 200 74854 
196.23 200 74854 
196.21 200 74854 
195.91 200 74854 
195.91 200 74854 
196.07 200 74854 
196.13 200 74854 
195.99 200 74854 
196.07 200 74854 
196.13 200 74854 
196.07 200 74854 
196.25 200 74854 
196.25 200 74854 
196.24 200 74854 
195.91 200 74854 
195.91 200 74854 
196.31 200 74854 
196.05 200 74854 
195.98 200 74854 
196.08 200 74854 
195.89 200 74854 
196.05 200 74854 
196.08 200 74854 
196.09 200 74854 
196.25 200 74854 
196.08 200 74854 
196.19 200 74854 
196.19 200 74854 
195.7 200 74854 
195.67 200 74854 
196.08 200 74854 
195.92 200 74854 
196.14 200 74854 
196.17 200 74854 
196.13 200 74854 
196 200 74854 
196.04 200 74854 
196.27 200 74854 
196.16 200 74854 
196.12 200 74854 
196.17 200 74854 
196.18 200 74854 
196.18 200 74854 
195.97 200 74854 
196.05 200 74854 
196.05 200 74854 
196.43 200 74854 
196.2 200 74854 
196.03 200 74854 
195.98 200 74854 
195.91 200 74854 
195.88 200 74854 
195.91 200 74854 
196.02 200 74854 
196.12 200 74854 
196.04 200 74854 
196.06 200 74854 
196.24 200 74854 
196.01 200 74854 
196.04 200 74854 
196.14 200 74854 
196.01 200 74854 
195.81 200 74854 
196.03 200 74854 
196.05 200 74854 
196.09 200 74854 
195.87 200 74854 
195.81 200 74854 
196.03 200 74854 
196.09 200 74854 
196.16 200 74854 
196.16 200 74854 
196.13 200 74854 
196.09 200 74854 
195.99 200 74854 
195.93 200 74854 
195.82 200 74854 
195.96 200 74854 
196.2 200 74854 
196.19 200 74854 
196.05 200 74854 
196.12 200 74854 
196.16 200 74854 
195.95 200 74854 
195.93 200 74854 
195.83 200 74854 
195.84 200 74854 
195.91 200 74854 
196.12 200 74854 
196 200 74854 
196.02 200 74854 
195.99 200 74854 
195.86 200 74854 
195.75 200 74854 
196.01 200 74854 
195.93 200 74854 
196.02 200 74854 
196.06 200 74854 
195.9 200 74854 
195.76 200 74854 
195.51 200 74854 
195.96 200 74854 
196.06 200 74854 
195.91 200 74854 
195.93 200 74854 
196.09 200 74854 
196.12 200 74854 
195.99 200 74854 
195.8 200 74854 
195.72 200 74854 
195.77 200 74854 
195.67 200 74854 
195.85 200 74854 
195.92 200 74854 
196.12 200 74854 
196.16 200 74854 
196.1 200 74854 
195.95 200 74854 
195.63 200 74854 
195.57 200 74854 
196.01 200 74854 
196.12 200 74854 
195.84 200 74854 
195.9 200 74854 
195.92 200 74854 
195.65 200 74854 
195.74 200 74854 
195.88 200 74854 
195.97 200 74854 
195.89 200 74854 
195.84 200 74854 
195.94 200 74854 
195.96 200 74854 
195.98 200 74854 
195.72 200 74854 
195.47 200 74854 
195.36 200 74854 
195.21 200 74854 
195.81 200 74854 
195.97 200 74854 
195.95 200 74854 
195.94 200 74854 
195.82 200 74854 
195.74 200 74854 
195.83 200 74854 
195.76 200 74854 
195.69 200 74854 
195.77 200 74854 
195.67 200 74854 
195.71 200 74854 
195.7 200 74854 
195.63 200 74854 
195.55 200 74854 
195.54 200 74854 
195.82 200 74854 
195.86 200 74854 
195.91 200 74854 
195.95 200 74854 
195.74 200 74854 
195.84 200 74854 
195.95 200 74854 
195.93 200 74854 
195.82 200 74854 
195.68 200 74854 
195.85 200 74854 
195.69 200 74854 
195.57 200 74854 
195.64 200 74854 
195.88 200 74854 
195.99 200 74854 
195.79 200 74854 
195.72 200 74854 
195.65 200 74854 
195.6 200 74854 
195.81 200 74854 
195.81 200 74854 
195.79 200 74854 
195.76 200 74854 
195.72 200 74854 
195.86 200 74854 
195.69 200 74854 
195.62 200 74854 
195.72 200 74854 
195.76 200 74854 
195.83 200 74854 
195.71 200 74854 
195.83 200 74854 
195.64 200 74854 
195.41 200 74854 
195.51 200 74854 
195.69 200 74854 
195.41 200 74854 
195.6 200 74854 
195.8 200 74854 
195.63 200 74854 
195.64 200 74854 
195.83 200 74854 
195.59 200 74854 
195.73 200 74854 
195.73 200 74854 
195.63 200 74854 
195.75 200 74854 
195.72 200 74854 
195.65 200 74854 
195.76 200 74854 
195.77 200 74854 
195.81 200 74854 
195.58 200 74854 
195.68 200 74854 
195.59 200 74854 
195.63 200 74854 
195.79 200 74854 
195.7 200 74854 
195.59 200 74854 
195.65 200 74854 
195.69 200 74854 
195.61 200 74854 
195.6 200 74854 
195.63 200 74854 
195.41 200 74854 
195.48 200 74854 
195.73 200 74854 
195.68 200 74854 
195.65 200 74854 
195.53 200 74854 
195.41 200 74854 
195.57 200 74854 
195.55 200 74854 
195.59 200 74854 
195.81 200 74854 
195.85 200 74854 
195.55 200 74854 
195.56 200 74854 
195.64 200 74854 
195.51 200 74854 
195.66 200 74854 
195.71 200 74854 
195.53 200 74854 
195.54 200 74854 
195.51 200 74854 
195.48 200 74854 
195.41 200 74854 
195.28 200 74854 
195.33 200 74854 
195.38 200 74854 
195.51 200 74854 
195.56 200 74854 
195.44 200 74854 
195.62 200 74854 
195.79 200 74854 
195.7 200 74854 
195.62 200 74854 
195.48 200 74854 
195.3 200 74854 
195.38 200 74854 
195.49 200 74854 
195.38 200 74854 
195.51 200 74854 
195.49 200 74854 
195.39 200 74854 
195.35 200 74854 
195.37 200 74854 
195.6 200 74854 
195.67 200 74854 
195.75 200 74854 
195.65 200 74854 
195.39 200 74854 
195.35 200 74854 
195.36 200 74854 
195.59 200 74854 
195.72 200 74854 
195.54 200 74854 
195.44 200 74854 
195.62 200 74854 
195.66 200 74854 
195.67 200 74854 
195.49 200 74854 
195.32 200 74854 
195.23 200 74854 
195.55 200 74854 
195.66 200 74854 
195.56 200 74854 
195.67 200 74854 
195.39 200 74854 
195.27 200 74854 
195.35 200 74854 
195.54 200 74854 
195.53 200 74854 
195.58 200 74854 
195.59 200 74854 
195.57 200 74854 
195.69 200 74854 
195.51 200 74854 
195.16 200 74854 
195.1 200 74854 
195.21 200 74854 
195.55 200 74854 
195.39 200 74854 
195.34 200 74854 
195.59 200 74854 
195.33 200 74854 
195.28 200 74854 
195.33 200 74854 
195.58 200 74854 
195.63 200 74854 
195.49 200 74854 
195.34 200 74854 
195.33 200 74854 
195.25 200 74854 
195.33 200 74854 
195.27 200 74854 
195.26 200 74854 
195.18 200 74854 
195.17 200 74854 
195.18 200 74854 
195.12 200 74854 
195.44 200 74854 
195.58 200 74854 
195.4 200 74854 
195.32 200 74854 
195.53 200 74854 
195.8 200 74854 
195.55 200 74854 
195.44 200 74854 
195.43 200 74854 
195.48 200 74854 
195.51 200 74854 
195.49 200 74854 
195.34 200 74854 
195.54 200 74854 
195.55 200 74854 
195.37 200 74854 
194.98 200 74854 
195.13 200 74854 
195.38 200 74854 
195.24 200 74854 
195.37 200 74854 
195.4 200 74854 
195.39 200 74854 
195.17 200 74854 
195.27 200 74854 
195.33 200 74854 
195.48 200 74854 
195.27 200 74854 
195.28 200 74854 
195.39 200 74854 
195.52 200 74854 
195.51 200 74854 
195.53 200 74854 
195.27 200 74854 
195.12 200 74854 
195.12 200 74854 
195.26 200 74854 
195.35 200 74854 
195.59 200 74854 
195.74 200 74854 
195.61 200 74854 
195.52 200 74854 
195.32 200 74854 
195.35 200 74854 
195.48 200 74854 
195.34 200 74854 
195.33 200 74854 
195.4 200 74854 
195.5 200 74854 
195.5 200 74854 
195.52 200 74854 
195.58 200 74854 
195.71 200 74854 
195.46 200 74854 
195.45 200 74854 
195.31 200 74854 
195.49 200 74854 
195.33 200 74854 
195.3 200 74854 
195.23 200 74854 
195.44 200 74854 
195.2 200 74854 
195.19 200 74854 
195.41 200 74854 
195.2 200 74854 
195.14 200 74854 
195.5 200 74854 
195.44 200 74854 
195.27 200 74854 
195.56 200 74854 
195.52 200 74854 
195.21 200 74854 
195.01 200 74854 
195.21 200 74854 
195.42 200 74854 
195.52 200 74854 
195.35 200 74854 
195.31 200 74854 
195.48 200 74854 
195.5 200 74854 
195.17 200 74854 
195.22 200 74854 
195.33 200 74854 
195.5 200 74854 
195.59 200 74854 
195.42 200 74854 
195.44 200 74854 
195.5 200 74854 
195.42 200 74854 
195.11 200 74854 
194.99 200 74854 
195.25 200 74854 
195.37 200 74854 
195.19 200 74854 
195.26 200 74854 
195.51 200 74854 
195.31 200 74854 
195.1 200 74854 
195.12 200 74854 
195.24 200 74854 
195.21 200 74854 
195.23 200 74854 
195.21 200 74854 
195.24 200 74854 
195.25 200 74854 
195.3 200 74854 
195.21 200 74854 
195.39 200 74854 
195.23 200 74854 
195.11 200 74854 
195.28 200 74854 
195.27 200 74854 
195.37 200 74854 
195.16 200 74854 
195.19 200 74854 
195.27 200 74854 
195.28 200 74854 
195.36 200 74854 
195.49 200 74854 
195.14 200 74854 
194.96 200 74854 
195.11 200 74854 
195.53 200 74854 
195.55 200 74854 
195.14 200 74854 
195.09 200 74854 
195.25 200 74854 
195.37 200 74854 
195.31 200 74854 
195.28 200 74854 
195.1 200 74854 
195.12 200 74854 
195.18 200 74854 
195.12 200 74854 
194.95 200 74854 
195 200 74854 
195.1 200 74854 
195.04 200 74854 
195.1 200 74854 
195.15 200 74854 
195.3 200 74854 
195.26 200 74854 
195.36 200 74854 
195.3 200 74854 
195.17 200 74854 
195.14 200 74854 
195.1 200 74854 
194.97 200 74854 
194.8 200 74854 
195.22 200 74854 
195.3 200 74854 
195.18 200 74854 
195.23 200 74854 
195.17 200 74854 
195.06 200 74854 
195.05 200 74854 
195.14 200 74854 
195.29 200 74854 
195.36 200 74854 
195.49 200 74854 
195.38 200 74854 
195.19 200 74854 
195.11 200 74854 
195 200 74854 
195.22 200 74854 
195.19 200 74854 
195.18 200 74854 
195.24 200 74854 
195.48 200 74854 
195.6 200 74854 
195.45 200 74854 
195.34 200 74854 
195.22 200 74854 
195.3 200 74854 
195.16 200 74854 
194.98 200 74854 
194.95 200 74854 
195.2 200 74854 
194.99 200 74854 
194.78 200 74854 
195 200 74854 
195.28 200 74854 
195.19 200 74854 
195.06 200 74854 
195.13 200 74854 
195.12 200 74854 
195.11 200 74854 
195.16 200 74854 
195.31 200 74854 
195.05 200 74854 
195.03 200 74854 
194.98 200 74854 
195.03 200 74854 
195.46 200 74854 
195.36 200 74854 
195.09 200 74854 
195.18 200 74854 
195.19 200 74854 
195.09 200 74854 
195.13 200 74854 
195.09 200 74854 
195.15 200 74854 
195.18 200 74854 
194.96 200 74854 
195.04 200 74854 
195.04 200 74854 
195.24 200 74838 
196.02 200 74822 
196.96 200 74663 
195.24 200 74500 
190.52 200 74336 
183.37 200 74173 
176.28 200 74011 
171.29 200 73847 
169.19 200 73684 
166.52 200 73521 
161.46 200 73358 
156.81 200 73195 
152.2 200 73032 
147.8 200 72869 
143.75 200 72705 
140.08 200 72542 
137.36 200 72379 
134.53 200 72216 
131.68 200 72053 
128.27 200 71890 
124.58 200 71727 
120.41 200 71563 
115.89 200 71400 
111.42 200 71237 
106.87 200 71074 
101.73 200 70911 
96.78 200 70748 
92.21 200 70585 
88.55 200 70422 
85.79 200 70258 
82.56 200 70095 
79.51 200 69932 
76.96 200 69769 
74.87 200 69606 
72.9 200 69443 
71.32 200 69280 
69.77 200 69117 
68.27 200 68954 
66.24 200 68791 
64.2 200 68627 
61.83 200 68464 
58.88 200 68301 
56.06 200 68138 
53.14 200 67975 
50.37 200 67812 
47.66 200 67649 
45.26 200 67485 
43.38 200 67322 
42.18 200 67159 
41.01 200 66996 
39.48 200 66833 
37.89 200 66670 
36.92 200 66507 
36.13 200 66343 
35.3 200 66180 
33.99 200 66017 
32.51 200 65854 
31.42 200 65691 
30.6 200 65528 
29.39 200 65364 
27.88 200 65201 
26.36 200 65038 
24.94 200 64875 
23.57 200 64712 
22.44 200 64549 
21.61 200 64386 
20.55 200 64223 
19.59 200 64060 
18.88 200 63897 
17.8 200 63733 
16.96 200 63570 
16.42 200 63407 
15.78 200 63244 
14.61 200 63081 
13.89 200 62918 
13.15 200 62755 
12.43 200 62592 
11.97 200 62429 
11.29 200 62265 
10.4 200 62102 
9.59 200 61939 
9.26 200 61776 
8.44 200 61613 
7.89 200 61450 
7.55 200 61287 
7.03 200 61124 
6.13 200 60960 
5.42 200 60797 
4.8 200 60634 
4.07 200 60471 
3.78 200 60308 
3.36 200 60145 
3.08 200 59982 
2.32 200 59818 
1.75 200 59655 
1.72 200 59492 
1.28 200 59329 
0.98 200 59166 
0.97 200 59003 
0.56 200 58840 
0.13 200 58677 
0.06 200 58513 
-0.34 200 58350 
-0.43 200 58187 
-0.44 200 58024 
-0.48 200 57861 
-0.52 200 57698 
-0.54 200 57693 
-0.34 200 57693 
-0.77 200 57693 
-0.63 200 57693 
-0.86 200 57693 
-0.97 200 57693 
-0.87 200 57693 
-0.96 200 57693 
-1.09 200 57693 
-1 200 57693 
-0.6 200 57693 
-0.57 200 57693 
-0.78 200 57693 
-0.84 200 57693 
-0.85 200 57693 
-0.85 200 57693 
-0.79 200 57693 
-0.78 200 57693 
-0.72 200 57693 
-0.84 200 57693 
-1.09 200 57693 
-1.07 200 57693 
-0.7 200 57693 
-0.76 200 57693 
-0.87 200 57693 
-0.92 200 57693 
-0.91 200 57693 
-0.87 200 57693 
-0.99 200 57693 
-0.9 200 57693 
-0.91 200 57693 
-0.82 200 57693 
-0.83 200 57693 
-0.65 200 57693 
-0.58 200 57693 
-0.86 200 57693 
-0.8 200 57693 
-0.58 200 57693 
-0.67 200 57693 
-0.48 200 57693 
-0.47 200 57693 
-0.53 200 57693 
-0.62 200 57693 
-0.73 200 57693 
-0.81 200 57693 
-1.05 200 57693 
-1.07 200 57693 
-0.95 200 57693 
-0.86 200 57693 
-0.76 200 57693 
-1.01 200 57693 
-1.05 200 57693 
-0.78 200 57693 
-0.79 200 57693 
-0.88 200 57693 
-0.75 200 57693 
-0.67 200 57693 
-0.96 200 57693 
-0.92 200 57693 
-0.72 200 57693 
-0.53 200 57693 
-0.65 200 57693 
-0.62 200 57693 
-0.74 200 57693 
-0.74 200 57693 
-0.74 200 57693 
-0.87 200 57693 
-0.84 200 57693 
-0.92 200 57693 
-0.99 200 57693 
-0.98 200 57693 
-0.92 200 57693 
-0.9 200 57693 
-1.06 200 57693 
-1.06 200 57693 
-0.91 200 57693 
-0.82 200 57693 
-0.78 200 57693 
-0.75 200 57693 
-0.91 200 57693 
-0.86 200 57693 
-0.9 200 57693 
-0.78 200 57693 
-0.83 200 57693 
-0.85 200 57693 
-0.86 200 57693 
-0.91 200 57693 
-0.91 200 57693 
-0.81 200 57693 
-0.8 200 57693 
-0.63 200 57693 
-0.74 200 57693 
-0.97 200 57693 
-1.08 200 57693 
-0.88 200 57693 
-0.75 200 57693 
-1.17 200 57693 
-0.99 200 57693 
-0.9 200 57693 
-1.02 200 57693 
-0.87 200 57693 
-0.84 200 57693 
-1.08 200 57693 
-1.22 200 57693 
-1.18 200 57693 
-0.8 200 57693 
-0.82 200 57693 
-0.92 200 57693 
-0.89 200 57693 
-0.65 200 57693 
-0.72 200 57693 
-0.94 200 57693 
-0.93 200 57693 
-0.98 200 57693 
-1.08 200 57693 
-0.92 200 57693 
-0.85 200 57693 
-0.8 200 57693 
-0.75 200 57693 
-0.6 200 57693 
-0.81 200 57693 
-0.86 200 57693 
-0.74 200 57693 
-0.94 200 57693 
-1.09 200 57693 
-0.95 200 57693 
-0.82 200 57693 
-0.72 200 57693 
-0.72 200 57693 
-0.82 200 57693 
-0.64 200 57693 
-0.47 200 57693 
-0.56 200 57693 
-0.9 200 57693 
-0.96 200 57693 
-0.87 200 57693 
-1.14 200 57693 
-0.84 200 57693 
-0.57 200 57693 
-0.76 200 57693 
-0.93 200 57693 
-0.72 200 57693 
-0.86 200 57693 
-0.65 200 57693 
-0.57 200 57693 
-0.8 200 57693 
-0.88 200 57693 
-0.82 200 57693 
-0.9 200 57693 
-0.53 200 57693 
-0.57 200 57693 
-0.92 200 57693 
-0.78 200 57693 
-0.65 200 57693 
-0.87 200 57693 
-0.92 200 57693 
-0.75 200 57693 
-0.78 200 57693 
-0.7 200 57693 
-0.73 200 57693 
-0.8 200 57693 
-0.84 200 57693 
-0.86 200 57693 
-0.81 200 57693 
-0.7 200 57693 
-0.73 200 57693 
-0.76 200 57693 
-0.56 200 57693 
-0.61 200 57693 
-0.97 200 57693 
-0.82 200 57693 
-0.42 200 57693 
-0.67 200 57693 
-0.65 200 57693 
-0.51 200 57693 
-0.68 200 57693 
-0.92 200 57693 
-0.65 200 57693 
-0.5 200 57693 
-0.55 200 57693 
-0.74 200 57693 
-0.91 200 57693 
-0.78 200 57693 
-0.81 200 57693 
-0.73 200 57693 
-0.63 200 57693 
-0.75 200 57693 
-0.81 200 57693 
-0.76 200 57693 
-0.86 200 57693 
-0.86 200 57693 
-0.58 200 57693 
-0.72 200 57693 
-1.01 200 57693 
-0.95 200 57693 
-0.73 200 57693 
-0.68 200 57693 
-0.7 200 57693 
-0.72 200 57693 
-0.81 200 57693 
-0.72 200 57693 
-0.58 200 57693 
-0.55 150 57693 
-0.73 150 57693 
-1.01 150 57693 
-0.97 150 57693 
-0.73 150 57693 
-0.51 150 57693 
-0.6 150 57693 
-0.84 150 57693 
-0.82 150 57693 
-0.73 150 57693 
-0.89 150 57693 
-0.88 150 57693 
-0.88 150 57693 
-0.98 150 57693 
-0.89 150 57693 
-0.88 150 57693 
-0.76 150 57693 
-0.75 150 57693 
-0.66 150 57693 
-0.72 150 57693 
-0.84 150 57693 
-0.74 150 57693 
-0.76 150 57693 
-0.65 150 57693 
-0.75 150 57693 
-0.68 150 57693 
-0.52 150 57693 
-0.67 150 57693 
-0.74 150 57693 
-0.66 150 57693 
-0.66 150 57693 
-0.69 150 57693 
-0.6 150 57693 
-0.7 150 57693 
-0.69 150 57693 
-0.59 150 57693 
-0.6 150 57693 
-0.77 150 57693 
-0.7 150 57693 
-0.6 150 57693 
-0.74 150 57693 
-0.87 150 57693 
-0.61 150 57693 
-0.6 150 57693 
-0.82 150 57693 
-0.86 150 57693 
-1.05 150 57693 
-1.04 150 57693 
-0.9 150 57693 
-0.97 150 57693 
-0.72 150 57693 
-0.5 150 57693 
-0.56 150 57693 
-0.9 150 57693 
-0.67 150 57693 
-0.75 150 57693 
-0.83 150 57693 
-1 150 57693 
-0.89 150 57693 
-0.67 150 57693 
-0.65 150 57693 
-0.7 150 57693 
-0.84 150 57693 
-0.7 150 57693 
-0.89 150 57693 
-0.91 150 57693 
-0.89 150 57693 
-0.88 150 57693 
-0.91 150 57693 
-0.9 150 57693 
-0.81 150 57693 
-0.88 150 57693 
-1.04 150 57693 
-0.81 150 57693 
-0.81 150 57693 
-0.63 150 57693 
-0.54 150 57693 
-0.66 150 57693 
-0.66 150 57693 
-0.83 150 57693 
-0.66 150 57693 
-0.63 150 57693 
-0.67 150 57693 
-0.7 150 57693 
-0.67 150 57693 
-0.81 150 57693 
-0.91 150 57693 
-1 150 57693 
-1.43 150 57693 
-1.08 150 57693 
-0.74 150 57693 
-0.88 150 57693 
-0.97 150 57693 
-0.94 150 57693 
-0.78 150 57693 
-0.68 150 57693 
-0.62 150 57693 
-0.65 150 57693 
-0.76 150 57693 
-0.98 150 57693 
-0.87 150 57693 
-0.66 150 57693 
-0.67 150 57693 
-0.9 150 57693 
-0.98 150 57693 
-0.89 150 57693 
-0.84 150 57693 
-0.9 150 57693 
-1.1 150 57693 
-0.86 150 57693 
-0.81 150 57693 
-0.62 150 57693 
-0.72 150 57693 
-0.65 150 57693 
-0.58 150 57693 
-0.42 150 57693 
-0.81 150 57693 
-0.73 150 57693 
-0.75 150 57693 
-0.88 150 57693 
-1.07 150 57693 
-1.04 150 57693 
-0.76 150 57693 
-0.86 150 57693 
-0.9 150 57693 
-0.89 150 57693 
-0.9 150 57693 
-0.79 150 57693 
-0.67 150 57693 
-0.84 150 57693 
-0.65 150 57693 
-0.93 150 57693 
-1.23 150 57693 
-0.62 150 57693 
-0.6 150 57693 
-0.77 150 57693 
-0.69 150 57693 
-0.79 150 57693 
-1.13 150 57693 
-0.77 150 57693 
-0.84 150 57693 
-0.97 150 57693 
-1.06 150 57693 
-1.17 150 57693 
-0.96 150 57693 
-0.84 150 57693 
-0.99 150 57693 
-0.72 150 57693 
-0.78 150 57693 
-0.95 150 57693 
-0.67 150 57693 
-0.66 150 57693 
-0.68 150 57693 
-0.54 150 57693 
-0.56 150 57693 
-0.7 150 57693 
-0.81 150 57693 
-1.01 150 57693 
-1 150 57693 
-0.78 150 57693 
-0.69 150 57693 
-0.79 150 57693 
-0.71 150 57693 
-0.59 150 57693 
-0.73 150 57693 
-0.67 150 57693 
-0.64 150 57693 
-0.97 150 57693 
-1.05 150 57693 
-1.11 150 57693 
-0.89 150 57693 
-0.77 150 57693 
-0.95 150 57693 
-0.92 150 57693 
-0.88 150 57693 
-1.08 150 57693 
-1.04 150 57693 
-0.81 150 57693 
-0.8 150 57693 
-0.94 150 57693 
-0.86 150 57693 
-0.76 150 57693 
-0.88 150 57693 
-0.72 150 57693 
-0.51 150 57693 
-0.63 150 57693 
-0.68 150 57693 
-0.77 150 57693 
-0.91 150 57693 
-1.09 150 57693 
-0.97 150 57693 
-0.93 150 57693 
-1 150 57693 
-1.15 150 57693 
-1.02 150 57693 
-0.54 150 57693 
-0.22 150 57693 
-0.43 150 57693 
-0.55 150 57693 
-0.76 150 57693 
-0.92 150 57693 
-0.75 150 57693 
-0.82 150 57693 
-1.02 150 57693 
-0.8 150 57693 
-0.67 150 57693 
-0.78 150 57693 
-0.68 150 57693 
-0.84 150 57693 
-0.93 150 57693 
-0.8 150 57693 
-0.66 150 57693 
-0.69 150 57693 
-0.71 150 57693 
-0.65 150 57693 
-0.75 150 57693 
-0.77 150 57693 
-0.81 150 57693 
-0.71 150 57693 
-0.64 150 57693 
-0.67 150 57693 
-0.67 150 57693 
-0.65 150 57693 
-1.07 150 57693 
-0.81 150 57693 
-0.93 150 57693 
-1.2 150 57693 
-1.11 150 57693 
-1.01 150 57693 
-0.98 150 57693 
-0.88 150 57693 
-0.87 150 57693 
-0.85 150 57693 
-0.75 150 57693 
-0.83 150 57693 
-0.69 150 57693 
-0.81 150 57693 
-0.98 150 57693 
-0.84 150 57693 
-0.95 150 57693 
-0.76 150 57693 
-0.66 150 57693 
-0.7 150 57693 
-0.62 150 57693 
-0.95 150 57693 
-0.93 150 57693 
-0.8 150 57693 
-0.92 150 57693 
-1.07 150 57693 
-1.04 150 57693 
-0.88 150 57693 
-0.78 150 57693 
-0.93 150 57693 
-0.98 150 57693 
-0.75 150 57693 
-0.71 150 57693 
-0.71 150 57693 
-0.75 150 57693 
-0.87 150 57693 
-0.75 150 57693 
-0.65 150 57693 
-1 150 57693 
-0.92 150 57693 
-0.83 150 57693 
-0.82 150 57693 
-0.9 150 57693 
-0.73 150 57693 
-0.96 150 57693 
-0.92 150 57693 
-0.75 150 57693 
-0.57 150 57693 
-0.66 150 57693 
-0.67 150 57693 
-0.65 150 57693 
-0.69 150 57693 
-0.59 150 57693 
-0.78 150 57693 
-0.74 150 57693 
-0.84 150 57693 
-0.93 150 57693 
-0.8 150 57693 
-0.58 150 57693 
-0.67 150 57693 
-0.94 150 57693 
-1.06 150 57693 
-1.05 150 57693 
-0.72 150 57693 
-0.54 150 57693 
-0.65 150 57693 
-0.78 150 57693 
-0.83 150 57693 
-0.75 150 57693 
-0.89 150 57693 
-0.86 150 57693 
-0.64 150 57693 
-0.86 150 57693 
-0.76 150 57693 
-0.38 150 57693 
-0.79 150 57693 
-1 150 57693 
-0.82 150 57693 
-0.75 150 57693 
-0.8 150 57693 
-0.77 150 57693 
-0.91 150 57693 
-0.96 150 57693 
-0.86 150 57693 
-0.79 150 57693 
-0.66 150 57693 
-0.88 150 57693 
-0.9 150 57693 
-0.67 150 57693 
-0.75 150 57693 
-0.86 150 57693 
-0.73 150 57693 
-0.91 150 57693 
-0.98 150 57693 
-0.81 150 57693 
-0.93 150 57693 
-1.04 150 57693 
-0.87 150 57693 
-0.71 150 57693 
-0.76 150 57693 
-0.85 150 57693 
-0.86 150 57693 
-0.76 150 57693 
-0.74 150 57693 
-0.75 150 57693 
-0.73 150 57693 
-0.84 150 57693 
-0.94 150 57693 
-0.83 150 57693 
-0.65 150 57693 
-0.7 150 57693 
-0.67 150 57693 
-0.59 150 57693 
-0.69 150 57693 
-0.9 150 57693 
-0.93 150 57693 
-0.84 150 57693 
-0.54 150 57693 
-0.58 150 57693 
-0.84 150 57693 
-0.77 150 57693 
-0.74 150 57693 
-0.58 150 57693 
-0.75 150 57693 
-0.67 150 57693 
-0.55 150 57693 
-0.55 150 57693 
-0.61 150 57693 
-0.69 150 57693 
-0.77 150 57693 
-0.95 150 57693 
-0.66 150 57693 
-0.65 150 57693 
-0.79 150 57693 
-0.74 150 57693 
-0.93 150 57693 
-1.14 150 57693 
-1.1 150 57693 
-0.54 150 57693 
-0.42 150 57693 
-0.67 150 57693 
-0.82 150 57693 
-0.81 150 57693 
-0.91 150 57693 
-0.75 150 57693 
-0.88 150 57693 
-0.87 150 57693 
-0.89 150 57693 
-0.75 150 57693 
-0.56 150 57693 
-0.62 150 57693 
-0.58 150 57693 
-0.75 150 57693 
-0.76 150 57693 
-0.93 150 57693 
-0.79 150 57693 
-0.65 150 57693 
-0.76 150 57693 
-0.79 150 57693 
-0.85 150 57693 
-0.71 150 57693 
-0.51 150 57693 
-0.53 150 57693 
-0.6 150 57693 
-0.68 150 57693 
-0.58 150 57693 
-0.78 150 57693 
-1.15 150 57693 
-0.96 150 57693 
-0.84 150 57693 
-0.88 150 57693 
-0.63 150 57693 
-0.48 150 57693 
-0.46 150 57693 
-0.52 150 57693 
-0.43 150 57693 
-0.54 150 57693 
-0.68 150 57693 
-0.76 150 57693 
-0.69 150 57693 
-0.45 150 57693 
-0.52 150 57693 
-0.6 150 57693 
-0.71 150 57693 
-0.96 150 57693 
-0.7 150 57693 
-0.7 150 57693 
-1.03 150 57693 
-0.85 150 57693 
-0.66 150 57693 
-0.64 150 57693 
-0.66 150 57693 
-0.91 150 57693 
-1.05 150 57693 
-1.05 150 57693 
-0.75 150 57693 
-0.68 150 57693 
-0.81 150 57693 
-1.05 150 57693 
-1.07 150 57693 
-1.03 150 57693 
-0.84 150 57693 
-0.83 150 57693 
-0.82 150 57693 
-0.99 150 57693 
-0.88 150 57693 
-0.73 150 57693 
-0.8 150 57693 
-0.85 150 57693 
-1 150 57693 
-0.91 150 57693 
-0.53 150 57693 
-0.47 150 57693 
-0.61 150 57693 
-0.81 150 57693 
-1.08 150 57693 
-0.99 150 57693 
-0.97 150 57693 
-0.82 150 57693 
-0.91 150 57693 
-0.78 150 57693 
-0.72 150 57693 
-1.11 150 57693 
-0.96 150 57693 
-0.75 150 57693 
-0.6 150 57693 
-0.64 150 57693 
-0.71 150 57693 
-0.63 150 57693 
-0.69 150 57693 
-0.62 150 57693 
-0.86 150 57693 
-0.91 150 57693 
-0.52 150 57693 
-0.65 150 57693 
-0.73 150 57693 
-0.61 150 57693 
-0.57 150 57693 
-0.54 150 57693 
-0.69 150 57693 
-0.77 150 57693 
-0.71 150 57693 
-0.65 150 57693 
-0.78 150 57693 
-0.87 150 57693 
-0.89 150 57693 
-0.83 150 57693 
-0.77 150 57693 
-0.78 150 57693 
-0.61 150 57693 
-0.9 150 57693 
-1.05 150 57693 
-0.92 150 57693 
-0.98 150 57693 
-0.91 150 57693 
-0.93 150 57693 
-0.87 150 57693 
-0.7 150 57693 
-0.76 150 57693 
-0.99 150 57693 
-0.97 150 57693 
-1.13 150 57693 
-1.02 150 57693 
-0.56 150 57693 
-0.56 150 57693 
-0.99 150 57693 
-0.98 150 57693 
-1.02 150 57693 
-1.03 150 57693 
-0.75 150 57693 
-0.79 150 57693 
-0.85 150 57693 
-0.88 150 57693 
-0.74 150 57693 
-0.55 150 57693 
-0.6 150 57693 
-0.75 150 57693 
-0.92 150 57693 
-0.91 150 57693 
-0.87 150 57693 
-0.69 150 57693 
-0.52 150 57693 
-0.56 150 57693 
-0.73 150 57693 
-0.84 150 57693 
-0.71 150 57693 
-0.7 150 57693 
-0.76 150 57693 
-0.92 150 57693 
-0.86 150 57693 
-0.94 150 57693 
-0.88 150 57693 
-0.91 150 57693 
-0.87 150 57693 
-0.93 150 57693 
-1.28 150 57693 
-1.3 150 57693 
-0.89 150 57693 
-0.76 150 57693 
-0.9 150 57693 
-1.01 150 57693 
-0.97 150 57693 
-0.66 150 57693 
-0.68 150 57693 
-0.98 150 57693 
-0.99 150 57693 
-0.97 150 57693 
-0.85 150 57693 
-0.68 150 57693 
-0.85 150 57693 
-0.88 150 57693 
-0.87 150 57693 
-0.86 150 57693 
-0.81 150 57693 
-0.81 150 57693 
-0.78 150 57693 
-0.59 150 57693 
-0.73 150 57693 
-0.85 150 57693 
-0.76 150 57693 
-0.81 150 57693 
-0.91 150 57693 
-0.96 150 57693 
-0.94 150 57693 
-0.61 150 57693 
-0.75 150 57693 
-0.7 150 57693 
-0.78 150 57693 
-0.88 150 57693 
-0.91 150 57693 
-0.87 150 57693 
-0.75 150 57693 
-0.75 150 57693 
-0.75 150 57693 
-0.54 150 57693 
-0.64 150 57693 
-0.82 150 57693 
-1.03 150 57693 
-1.02 150 57693 
-0.94 150 57693 
-0.73 150 57693 
-0.7 150 57693 
-0.86 150 57693 
-0.89 150 57693 
-0.74 150 57693 
-0.68 150 57693 
-0.52 150 57693 
-0.53 150 57693 
-0.87 150 57693 
-1.06 150 57693 
-0.96 150 57693 
-0.75 150 57693 
-0.72 150 57693 
-0.77 150 57693 
-0.76 150 57693 
-0.8 150 57693 
-0.78 150 57693 
-0.88 150 57693 
-0.79 150 57693 
-0.75 150 57693 
-0.63 150 57693 
-0.66 150 57693 
-0.66 150 57693 
-0.51 150 57693 
-0.75 150 57693 
-0.96 150 57693 
-0.87 150 57693 
-0.78 150 57693 
-0.7 150 57693 
-0.79 150 57693 
-0.54 150 57693 
-0.59 150 57693 
-0.64 150 57693 
-0.71 150 57693 
-0.8 150 57693 
-0.9 150 57693 
-0.54 150 57693 
-0.82 150 57693 
-0.69 150 57693 
-0.75 150 57693 
-0.83 150 57693 
-0.6 150 57693 
-0.43 150 57693 
-0.59 150 57693 
-0.65 150 57693 
-0.66 150 57693 
-0.96 150 57693 
-0.86 150 57693 
-0.67 150 57693 
-0.71 150 57693 
-0.81 150 57693 
-0.88 150 57693 
-0.86 150 57693 
-0.94 150 57693 
-1.01 150 57693 
-1.07 150 57693 
-0.98 150 57693 
-1.13 150 57693 
-1.1 150 57693 
-0.97 150 57693 
-0.68 150 57693 
-0.5 150 57693 
-0.73 150 57693 
-0.85 150 57693 
-0.96 150 57693 
-0.91 150 57693 
-0.59 150 57693 
-0.65 150 57693 
-0.87 150 57693 
-0.81 150 57693 
-0.96 150 57693 
-1.07 150 57693 
-0.85 150 57693 
-0.56 150 57693 
-0.52 150 57693 
-0.79 150 57693 
-1.11 150 57693 
-1.05 150 57693 
-0.87 150 57693 
-0.7 150 57693 
-0.86 150 57693 
-0.86 150 57693 
-0.65 150 57693 
-0.55 150 57693 
-0.61 150 57693 
-0.49 150 57693 
-0.51 150 57693 
-0.7 150 57693 
-0.88 150 57693 
-0.83 150 57693 
-0.73 150 57693 
-0.63 150 57693 
-0.62 150 57693 
-0.78 150 57693 
-0.82 150 57693 
-0.64 150 57693 
-0.75 150 57693 
-0.65 100 57693 
-0.81 100 57693 
-0.84 100 57693 
-0.72 100 57693 
-0.86 100 57693 
-0.75 100 57693 
-0.55 100 57693 
-0.54 100 57693 
-0.47 100 57693 
-0.51 100 57693 
-0.49 100 57693 
-0.55 100 57693 
-0.7 100 57693 
-0.88 100 57693 
-0.62 100 57693 
-0.49 100 57693 
-0.7 100 57693 
-0.88 100 57693 
-0.65 100 57693 
-0.45 100 57693 
-0.8 100 57693 
-0.75 100 57693 
-0.76 100 57693 
-0.7 100 57693 
-0.72 100 57693 
-0.71 100 57693 
-0.65 100 57693 
-0.77 100 57693 
-0.68 100 57693 
-0.73 100 57693 
-0.62 100 57693 
-0.68 100 57693 
-0.57 100 57693 
-0.54 100 57853 
-0.63 100 58016 
-0.55 100 58035 
-0.9 100 58051 
-0.69 100 58067 
-0.34 100 58082 
-0.56 100 58098 
-0.87 100 58114 
-0.63 100 58130 
-0.62 100 58145 
-0.89 100 58161 
-1.15 100 58177 
-0.78 100 58193 
-0.44 100 58209 
-0.65 100 58224 
-0.9 100 58240 
-0.8 100 58256 
-0.71 100 58272 
-0.88 100 58288 
-0.84 100 58303 
-0.86 100 58319 
-0.7 100 58335 
-0.81 100 58351 
-1.04 100 58367 
-0.83 100 58382 
-0.46 100 58398 
-0.56 100 58414 
-0.88 100 58430 
-0.56 100 58445 
-0.35 100 58461 
-0.48 100 58477 
-0.97 100 58493 
-0.98 100 58509 
-0.7 100 58524 
-0.57 100 58540 
-0.8 100 58556 
-0.59 100 58572 
-0.46 100 58588 
-0.47 100 58603 
-0.77 100 58619 
-0.71 100 58635 
-0.29 100 58651 
-0.39 100 58667 
-0.66 100 58682 
-0.51 100 58698 
-0.35 100 58714 
-0.5 100 58730 
-0.55 100 58745 
-0.47 100 58761 
-0.32 100 58777 
-0.14 100 58793 
-0.5 100 58809 
-0.71 100 58824 
-0.42 100 58840 
-0.09 100 58856 
-0.35 100 58872 
-0.42 100 58888 
-0.16 100 58903 
-0.09 100 58919 
-0.18 100 58935 
-0.21 100 58951 
-0.12 100 58967 
-0.15 100 58982 
-0.26 100 58998 
-0.07 100 59014 
0.24 100 59030 
0.15 100 59045 
0 100 59061 
-0.2 100 59077 
0.14 100 59093 
0.36 100 59109 
0.3 100 59124 
0.15 100 59140 
0.33 100 59156 
0.35 100 59172 
0.18 100 59188 
0.18 100 59203 
0.42 100 59219 
0.69 100 59235 
0.54 100 59251 
0.7 100 59267 
0.75 100 59282 
0.86 100 59298 
0.47 100 59314 
0.32 100 59330 
0.53 100 59345 
0.97 100 59361 
0.79 100 59377 
0.5 100 59393 
0.79 100 59409 
0.98 100 59424 
0.9 100 59440 
0.71 100 59456 
0.67 100 59472 
1 100 59488 
0.9 100 59503 
0.77 100 59519 
1 100 59535 
1.42 100 59551 
1.33 100 59567 
1.15 100 59582 
1.16 100 59598 
1.5 100 59614 
1.33 100 59630 
1.02 100 59646 
1.1 100 59661 
1.37 100 59677 
1.13 100 59693 
1.07 100 59709 
1.51 100 59724 
1.83 100 59740 
1.76 100 59756 
1.83 100 59772 
1.79 100 59788 
1.94 100 59803 
1.67 100 59819 
1.52 100 59835 
1.89 100 59851 
1.96 100 59867 
2.03 100 59882 
1.78 100 59898 
2.05 100 59914 
2.42 100 59930 
2.24 100 59946 
2.08 100 59961 
2.22 100 59977 
2.51 100 59993 
2.44 100 60009 
2.3 100 60024 
2.59 100 60040 
2.62 100 60056 
2.4 100 60072 
2.42 100 60088 
2.43 100 60103 
2.57 100 60119 
2.69 100 60135 
2.66 100 60151 
2.61 100 60167 
2.66 100 60182 
2.88 100 60198 
2.8 100 60214 
2.76 100 60230 
3.04 100 60246 
3.03 100 60261 
3.08 100 60277 
3.06 100 60293 
3.19 100 60309 
3.19 100 60324 
3.22 100 60340 
3.24 100 60356 
3.53 100 60372 
3.86 100 60388 
3.84 100 60403 
3.49 100 60419 
3.59 100 60435 
3.87 100 60451 
3.62 100 60467 
3.52 100 60482 
3.8 100 60498 
4 100 60514 
3.79 100 60530 
3.59 100 60546 
3.98 100 60561 
4.17 100 60577 
3.98 100 60593 
4.01 100 60609 
4.11 100 60624 
4.42 100 60640 
4.27 100 60656 
4.25 100 60672 
4.32 100 60688 
4.84 100 60703 
4.84 100 60719 
4.36 100 60735 
4.77 100 60751 
5.02 100 60767 
4.95 100 60782 
4.86 100 60798 
4.86 100 60814 
5.42 100 60830 
5.27 100 60845 
5.04 100 60861 
5.36 100 60877 
5.82 100 60893 
5.82 100 60909 
5.59 100 60924 
5.88 100 60940 
5.96 100 60956 
5.99 100 60972 
5.82 100 60988 
5.91 100 61003 
5.96 100 61019 
5.88 100 61035 
5.91 100 61051 
5.88 100 61067 
6.22 100 61082 
6.21 100 61098 
6.01 100 61114 
6.11 100 61130 
6.37 100 61145 
6.44 100 61161 
6.22 100 61177 
6.18 100 61193 
6.46 100 61209 
6.4 100 61224 
6.26 100 61240 
6.19 100 61256 
6.66 100 61272 
6.88 100 61288 
6.63 100 61303 
6.59 100 61319 
6.92 100 61335 
7.31 100 61351 
7.03 100 61367 
6.81 100 61382 
7.08 100 61398 
7.08 100 61414 
6.73 100 61430 
6.82 100 61445 
7.01 100 61461 
7.14 100 61477 
7.21 100 61493 
7.12 100 61509 
7.23 100 61524 
7.62 100 61540 
7.53 100 61556 
7.47 100 61572 
7.85 100 61588 
7.87 100 61603 
7.68 100 61619 
7.76 100 61635 
8 100 61651 
8.02 100 61666 
7.96 100 61682 
7.87 100 61698 
8.08 100 61714 
8.24 100 61730 
8.2 100 61745 
8.2 100 61761 
8.37 100 61777 
8.48 100 61793 
8.48 100 61809 
8.14 100 61824 
8.52 100 61840 
8.82 100 61856 
8.74 100 61872 
8.72 100 61888 
8.88 100 61903 
9.11 100 61919 
9.08 100 61935 
8.91 100 61951 
9.16 100 61966 
9.47 100 61982 
9.63 100 61998 
9.4 100 62014 
9.44 100 62030 
9.83 100 62045 
9.77 100 62061 
9.66 100 62077 
10.01 100 62093 
10.11 100 62109 
9.86 100 62124 
9.72 100 62140 
10.32 100 62156 
10.56 100 62172 
10.6 100 62188 
10.59 100 62203 
10.65 100 62219 
10.85 100 62235 
11.23 100 62251 
10.83 100 62267 
10.96 100 62282 
11.12 100 62298 
11.16 100 62314 
11.08 100 62330 
11.15 100 62345 
11.71 100 62361 
11.6 100 62377 
11.44 100 62393 
11.68 100 62409 
12.1 100 62424 
11.92 100 62440 
11.83 100 62456 
11.99 100 62472 
12.14 100 62488 
12.48 100 62503 
12.48 100 62519 
12.3 100 62535 
12.65 100 62551 
12.68 100 62567 
12.53 100 62582 
12.61 100 62598 
13.03 100 62614 
13.12 100 62630 
13 100 62646 
13.18 100 62661 
13.44 100 62677 
13.56 100 62693 
13.55 100 62709 
13.49 100 62724 
14 100 62740 
14.22 100 62756 
13.76 100 62772 
13.87 100 62788 
14.27 100 62803 
14.73 100 62819 
14.52 100 62835 
14.45 100 62851 
14.57 100 62867 
14.68 100 62882 
14.69 100 62898 
14.57 100 62914 
14.83 100 62930 
15.16 100 62946 
14.96 100 62961 
15.01 100 62977 
15.33 100 62993 
15.42 100 63009 
15.18 100 63024 
15.1 100 63040 
15.27 100 63056 
15.53 100 63072 
15.65 100 63088 
15.35 100 63103 
15.45 100 63119 
16.01 100 63135 
15.95 100 63151 
15.92 100 63167 
16.19 100 63182 
16.39 100 63198 
16.45 100 63214 
16.47 100 63230 
16.71 100 63245 
17.08 100 63261 
16.89 100 63277 
16.77 100 63293 
17.27 100 63309 
17.61 100 63324 
17.39 100 63340 
17.09 100 63356 
17.33 100 63372 
17.78 100 63388 
17.62 100 63403 
17.59 100 63419 
17.67 100 63435 
18.28 100 63451 
18.27 100 63467 
17.88 100 63482 
18.31 100 63498 
18.6 100 63514 
18.63 100 63530 
18.34 100 63546 
18.55 100 63561 
19.03 100 63577 
18.91 100 63593 
18.82 100 63609 
19.08 100 63624 
19.29 100 63640 
19.33 100 63656 
19.17 100 63672 
19.2 100 63688 
19.28 100 63703 
19.35 100 63719 
19.36 100 63735 
19.25 100 63751 
19.53 100 63767 
19.75 100 63782 
19.57 100 63798 
19.42 100 63814 
19.93 100 63830 
20.18 100 63846 
19.85 100 63861 
19.67 100 63877 
19.87 100 63893 
20.31 100 63909 
20.17 100 63924 
20.29 100 63940 
20.48 100 63956 
20.66 100 63972 
20.92 100 63988 
20.97 100 64003 
21.09 100 64019 
21.22 100 64035 
21.29 100 64051 
21.36 100 64067 
21.69 100 64082 
22.03 100 64098 
22.18 100 64114 
21.95 100 64130 
22.03 100 64145 
22.67 100 64161 
22.61 100 64177 
22.52 100 64193 
22.86 100 64209 
22.95 100 64224 
22.86 100 64240 
22.45 100 64256 
22.68 100 64272 
23.04 100 64288 
22.9 100 64303 
22.79 100 64319 
23.19 100 64335 
23.48 100 64351 
23.47 100 64366 
23.22 100 64382 
23.46 100 64398 
23.93 100 64414 
23.89 100 64430 
23.72 100 64445 
23.94 100 64461 
24.01 100 64477 
23.7 100 64493 
23.88 100 64509 
23.92 100 64524 
23.88 100 64540 
23.9 100 64556 
23.83 100 64572 
24.03 100 64588 
24.55 100 64603 
24.51 100 64619 
24.19 100 64635 
24.07 100 64651 
24.52 100 64666 
24.63 100 64682 
24.59 100 64698 
24.67 100 64714 
24.74 100 64730 
25.02 100 64745 
25.01 100 64761 
25.04 100 64777 
25.3 100 64793 
25.67 100 64809 
25.52 100 64824 
25.73 100 64840 
26.23 100 64856 
26.21 100 64872 
26.03 100 64887 
26.16 100 64903 
26.9 100 64919 
27.05 100 64935 
27.1 100 64951 
27.14 100 64966 
27.56 100 64982 
27.84 100 64998 
27.85 100 65014 
27.81 100 65030 
28.32 100 65045 
28.85 100 65061 
28.8 100 65077 
28.98 100 65093 
29.03 100 65108 
29.47 100 65124 
29.76 100 65140 
29.81 100 65156 
30.14 100 65172 
30.32 100 65187 
30.24 100 65203 
30.49 100 65219 
30.83 100 65235 
31.11 100 65251 
31.12 100 65266 
31.33 100 65282 
31.81 100 65298 
32.09 100 65314 
32.25 100 65330 
32.22 100 65345 
32.69 100 65361 
33.17 100 65377 
33.23 100 65393 
33.36 100 65408 
33.45 100 65424 
33.86 100 65440 
33.9 100 65456 
33.94 100 65472 
34.07 100 65487 
34.33 100 65503 
34.23 100 65519 
34.2 100 65535 
34.74 100 65551 
34.97 100 65566 
34.95 100 65582 
34.85 100 65598 
35 100 65614 
35.47 100 65630 
35.48 100 65645 
35.32 100 65661 
35.67 100 65677 
36.22 100 65693 
36.24 100 65708 
36.33 100 65724 
36.49 100 65740 
36.99 100 65756 
37.16 100 65772 
36.85 100 65787 
36.67 100 65803 
37.11 100 65819 
37.54 100 65835 
37.42 100 65851 
37.53 100 65866 
37.96 100 65882 
38.24 100 65898 
37.99 100 65914 
38.23 100 65930 
38.62 100 65945 
38.66 100 65961 
38.54 100 65977 
38.79 100 65993 
39.02 100 66008 
39.17 100 66024 
39.33 100 66040 
39.46 100 66056 
39.99 100 66072 
40.3 100 66087 
40.15 100 66103 
40.44 100 66119 
40.77 100 66135 
40.6 100 66151 
40.52 100 66166 
40.72 100 66182 
41.31 100 66198 
41.47 100 66214 
41.42 100 66230 
41.43 100 66245 
41.53 100 66261 
42.07 100 66277 
41.94 100 66293 
41.83 100 66308 
42.15 100 66324 
42.5 100 66340 
42.36 100 66356 
42.19 100 66372 
42.84 100 66387 
42.92 100 66403 
42.96 100 66419 
43.08 100 66435 
43.33 100 66451 
43.53 100 66466 
43.41 100 66482 
43.44 100 66498 
43.79 100 66514 
44.19 100 66530 
44.33 100 66545 
44.25 100 66561 
44.72 100 66577 
45.19 100 66593 
45.2 100 66608 
45.24 100 66624 
45.39 100 66640 
45.72 100 66656 
45.64 100 66672 
45.64 100 66687 
45.91 100 66703 
46.47 100 66719 
46.6 100 66735 
46.58 100 66751 
46.78 100 66766 
47.08 100 66782 
47.08 100 66798 
46.83 100 66814 
47.12 100 66829 
47.55 100 66845 
47.44 100 66861 
47.33 100 66877 
47.54 100 66893 
48.04 100 66908 
48.03 100 66924 
47.96 100 66940 
48.02 100 66956 
48.34 100 66972 
48.36 100 66987 
48.06 100 67003 
48.04 100 67019 
48.6 100 67035 
48.88 100 67051 
48.57 100 67066 
48.85 100 67082 
49.44 100 67098 
49.45 100 67114 
49.26 100 67129 
49.45 100 67145 
49.89 100 67161 
49.78 100 67177 
49.57 100 67193 
49.9 100 67208 
50.36 100 67224 
50.68 100 67240 
50.58 100 67256 
50.68 100 67272 
51.38 100 67287 
51.74 100 67303 
51.76 100 67319 
51.46 100 67335 
51.8 100 67351 
51.79 100 67366 
51.73 100 67382 
51.75 100 67398 
52.25 100 67414 
52.64 100 67429 
52.35 100 67445 
52.26 100 67461 
52.9 100 67477 
53.04 100 67493 
52.83 100 67508 
53.38 100 67524 
53.67 100 67540 
53.51 100 67556 
53.27 100 67572 
53.49 100 67587 
53.8 100 67603 
54 100 67619 
54.21 100 67635 
54.53 100 67651 
54.8 100 67666 
54.99 100 67682 
55.19 100 67698 
55.39 100 67714 
55.92 100 67729 
56.2 100 67745 
56.39 100 67761 
56.45 100 67777 
57.28 100 67808 
57.45 100 67809 
57.52 100 67809 
57.65 100 67809 
57.8 100 67809 
57.57 100 67809 
57.45 100 67809 
57.67 100 67809 
58 100 67809 
57.81 100 67809 
57.75 100 67809 
57.55 100 67809 
57.39 100 67809 
57.52 100 67809 
57.82 100 67809 
57.59 100 67809 
57.39 100 67809 
57.69 100 67809 
57.62 100 67809 
57.57 100 67809 
57.39 100 67809 
57.46 100 67809 
57.5 100 67809 
57.28 100 67809 
57.52 100 67809 
57.47 100 67809 
57.24 100 67809 
57.3 100 67809 
57.69 100 67809 
57.42 100 67809 
57.31 100 67809 
57.43 100 67809 
57.57 100 67809 
57.63 100 67809 
57.58 100 67809 
57.31 100 67809 
57.45 100 67809 
57.59 100 67809 
57.26 100 67809 
57.28 100 67809 
57.35 100 67809 
57.4 100 67809 
57.1 100 67809 
57.3 100 67809 
57.45 100 67809 
57.15 100 67809 
57.43 100 67809 
57.21 100 67809 
57.2 100 67809 
57.37 100 67809 
57.31 100 67809 
57.37 100 67809 
57.47 100 67809 
57.64 100 67809 
57.68 100 67809 
57.55 100 67809 
57.27 100 67809 
57.29 100 67809 
57.45 100 67809 
57.29 100 67809 
57.54 100 67809 
57.57 100 67809 
57.33 100 67809 
57.36 100 67809 
57.35 100 67809 
57.28 100 67809 
57.27 100 67809 
57.7 100 67809 
57.67 100 67809 
57.49 100 67809 
57.45 100 67809 
57.47 100 67809 
57.56 100 67809 
57.55 100 67809 
57.48 100 67809 
57.41 100 67809 
57.21 100 67809 
57.26 100 67809 
57.56 100 67809 
57.45 100 67809 
57.32 100 67809 
57.27 100 67809 
57.08 100 67809 
57.08 100 67809 
57.32 100 67809 
57.63 100 67809 
57.46 100 67809 
57.36 100 67809 
57.36 100 67809 
57.33 100 67809 
57.3 100 67809 
57.27 100 67809 
57.32 100 67809 
57.43 100 67809 
57.53 100 67809 
57.48 100 67809 
57.51 100 67809 
57.1 100 67809 
57.06 100 67809 
57.41 100 67809 
57.36 100 67809 
57.31 100 67809 
57.42 100 67809 
57.56 100 67809 
57.24 100 67809 
57.31 100 67809 
57.47 100 67809 
57.57 100 67809 
57.2 100 67809 
57.27 100 67809 
57.31 100 67809 
57.42 100 67809 
57.42 100 67809 
57.4 100 67809 
57.25 100 67809 
57.26 100 67809 
57.19 100 67809 
57.22 100 67809 
57.4 100 67809 
57.52 100 67809 
57.49 100 67809 
57.59 100 67809 
57.5 100 67809 
57.42 100 67809 
57.57 100 67809 
57.29 100 67809 
57.2 100 67809 
57.43 100 67809 
57.6 100 67809 
57.59 100 67809 
57.2 100 67809 
57.04 100 67809 
56.99 100 67809 
57.11 100 67809 
57.18 100 67809 
57.3 100 67809 
57.26 100 67809 
57.21 100 67809 
57.1 100 67809 
57.19 100 67809 
57.22 100 67809 
57.2 100 67809 
57.34 100 67809 
57.45 100 67809 
57.24 100 67809 
57.09 100 67809 
57.06 100 67809 
57.23 100 67809 
57.11 100 67825 
57.17 100 67841 
57.66 100 67856 
58.25 100 67872 
58.41 100 67888 
58.65 100 67904 
58.9 100 67920 
59.46 100 67935 
59.66 100 67951 
59.47 100 67967 
60.26 100 67983 
60.72 100 67999 
60.95 100 68014 
61.12 100 68030 
61.31 100 68046 
61.76 100 68062 
61.75 100 68078 
61.96 100 68093 
62.26 100 68109 
62.85 100 68125 
62.91 100 68141 
63.12 100 68156 
63.61 100 68172 
64.11 100 68188 
64.63 100 68204 
64.78 100 68220 
64.93 100 68235 
65.47 100 68251 
66 100 68267 
66.04 100 68283 
66.26 100 68299 
66.77 100 68314 
67.28 100 68330 
67.13 100 68346 
67.37 100 68362 
68.34 100 68378 
68.58 100 68393 
68.39 100 68409 
68.65 100 68425 
69.34 100 68441 
69.4 100 68456 
69.6 100 68472 
69.79 100 68488 
70.46 100 68504 
70.77 100 68520 
70.36 100 68535 
70.45 100 68551 
71.32 100 68567 
71.51 100 68583 
71.55 100 68599 
71.85 100 68614 
72.19 100 68630 
72.58 100 68646 
72.58 100 68662 
72.88 100 68677 
73.25 100 68693 
73.16 100 68709 
73.35 100 68725 
73.47 100 68741 
73.93 100 68756 
74.43 100 68772 
74.42 100 68788 
74.61 100 68804 
75.19 100 68820 
75.46 100 68835 
75.6 100 68851 
75.59 100 68867 
76.27 100 68883 
76.59 100 68898 
76.28 100 68914 
76.13 100 68930 
76.62 100 68946 
77.37 100 68962 
77.21 100 68977 
77.08 100 68993 
77.27 100 69009 
77.82 100 69025 
77.91 100 69041 
77.98 100 69056 
78.39 100 69072 
78.65 100 69088 
78.62 100 69104 
78.47 100 69120 
78.8 100 69135 
79.35 100 69151 
79.55 100 69167 
79.47 100 69183 
79.8 100 69198 
80.17 100 69214 
80.1 100 69230 
79.97 100 69246 
80.16 100 69262 
80.65 100 69277 
80.75 100 69293 
80.86 100 69309 
81.03 100 69325 
81.33 100 69341 
81.47 100 69356 
81.55 100 69372 
81.94 100 69388 
82.17 100 69404 
82.35 100 69420 
82.44 100 69435 
82.42 100 69451 
82.82 100 69467 
83.21 100 69483 
83.22 100 69499 
83.47 100 69514 
83.55 100 69530 
83.43 100 69546 
83.71 100 69562 
83.98 100 69577 
84.37 100 69593 
84.62 100 69609 
84.56 100 69625 
84.69 100 69641 
85.14 100 69656 
85.44 100 69672 
85.43 100 69688 
85.83 100 69704 
86.46 100 69720 
86.55 100 69735 
86.62 100 69751 
86.77 100 69767 
87.2 100 69783 
87.39 100 69799 
87.24 100 69814 
87.48 100 69830 
87.88 100 69846 
88.18 100 69862 
88.15 100 69877 
88.19 100 69893 
88.52 100 69909 
88.91 100 69925 
89.2 100 69941 
89.07 100 69956 
89.43 100 69972 
89.79 100 69988 
89.84 100 70004 
89.68 100 70020 
90.17 100 70035 
90.47 100 70051 
90.54 100 70067 
90.71 100 70083 
91.26 100 70099 
91.36 100 70114 
91.45 100 70130 
91.59 100 70146 
92.04 100 70162 
92.42 100 70177 
92.28 100 70193 
92.47 100 70209 
92.71 100 70225 
93.19 100 70241 
93.13 100 70256 
92.93 100 70272 
93.23 100 70288 
93.38 100 70304 
93.41 100 70320 
93.66 100 70335 
94.06 100 70351 
94.39 100 70367 
94.71 100 70383 
94.72 100 70399 
95.1 100 70414 
95.4 100 70430 
95.48 100 70446 
95.5 100 70462 
95.92 100 70478 
96.46 100 70493 
96.48 100 70509 
96.46 100 70525 
96.62 100 70541 
97.16 100 70556 
97.61 100 70572 
97.97 100 70588 
97.99 100 70604 
98.5 100 70620 
98.72 100 70635 
98.83 100 70651 
99.12 100 70667 
99.92 100 70683 
100.11 100 70699 
100.08 100 70714 
100.73 100 70715 
101.13 100 70715 
101.04 100 70715 
101.08 100 70715 
101.26 100 70715 
101.08 100 70715 
101.21 100 70715 
101.18 100 70715 
100.99 100 70715 
100.83 100 70715 
100.99 100 70715 
101.13 100 70715 
100.86 100 70715 
100.87 100 70715 
101 100 70715 
101.11 100 70715 
101.04 100 70715 
100.84 100 70715 
100.91 100 70715 
101.16 100 70715 
101 100 70715 
100.93 100 70715 
100.85 100 70715 
100.54 100 70715 
100.89 100 70715 
100.93 100 70715 
100.97 100 70715 
100.93 100 70715 
100.74 100 70715 
100.64 100 70715 
100.46 100 70715 
100.5 100 70715 
100.75 100 70715 
100.79 100 70715 
100.69 100 70715 
100.52 100 70715 
100.75 100 70715 
100.9 100 70715 
100.68 100 70715 
100.64 100 70715 
100.77 100 70715 
100.79 100 70715 
100.76 100 70715 
100.57 100 70715 
100.47 100 70715 
100.53 100 70715 
100.42 100 70715 
100.42 100 70715 
100.73 100 70715 
100.7 100 70715 
100.61 100 70715 
100.6 100 70715 
100.57 100 70715 
100.66 100 70715 
100.76 100 70715 
100.55 100 70715 
100.43 100 70715 
100.38 100 70715 
100.48 100 70715 
100.52 100 70715 
100.57 100 70715 
100.73 100 70715 
100.68 100 70715 
100.42 100 70715 
100.31 100 70715 
100.48 100 70715 
100.68 100 70715 
100.67 100 70715 
100.69 100 70715 
100.68 100 70715 
100.56 100 70715 
100.57 100 70715 
100.51 100 70715 
100.43 100 70715 
100.67 100 70715 
100.6 100 70715 
100.46 100 70715 
100.56 100 70715 
100.6 100 70715 
100.35 100 70715 
100.48 100 70715 
100.42 100 70715 
100.6 100 70715 
100.54 100 70715 
100.63 100 70715 
100.44 100 70715 
100.31 100 70715 
100.42 100 70715 
100.38 100 70715 
100.32 100 70715 
100.43 100 70715 
100.35 100 70715 
100.35 100 70715 
100.37 100 70715 
100.46 100 70715 
100.47 100 70715 
100.44 100 70715 
100.36 100 70715 
100.2 100 70715 
100.29 100 70715 
100.21 100 70715 
100.3 100 70715 
100.56 100 70715 
100.63 100 70715 
100.49 100 70715 
100.43 100 70715 
100.19 100 70715 
99.99 100 70715 
100.15 100 70715 
100.24 100 70715 
100.23 100 70715 
100.18 100 70715 
100.29 100 70715 
100.11 100 70715 
100.03 100 70715 
100.12 100 70715 
100.26 100 70715 
100.32 100 70715 
100.43 100 70715 
100.29 100 70715 
100.22 100 70715 
100.16 100 70715 
100.12 100 70715 
100.28 100 70715 
100.26 100 70715 
100.2 100 70715 
100.33 100 70715 
100.24 100 70715 
100.24 100 70715 
100.19 100 70715 
100.1 100 70715 
100.01 100 70715 
100.28 100 70715 
100.19 100 70715 
100.22 100 70715 
100.19 100 70715 
100.21 100 70715 
100.04 100 70715 
100.03 100 70715 
100.38 100 70715 
100.23 100 70715 
100.33 100 70715 
100.31 100 70715 
100.27 100 70715 
100.32 100 70715 
100.16 100 70715 
100.1 100 70715 
100.34 100 70715 
100.32 100 70715 
100.35 100 70715 
100.44 100 70715 
100.32 100 70715 
100.18 100 70715 
100.3 100 70699 
100.76 100 70699 
101.72 100 70699 
102.18 100 70699 
102.07 100 70699 
102.19 100 70699 
101.88 100 70699 
101.99 100 70699 
102.01 100 70699 
101.98 100 70699 
101.9 100 70699 
101.86 100 70699 
102.1 100 70699 
102.16 100 70699 
102.03 100 70699 
101.83 100 70699 
101.66 100 70699 
101.75 100 70699 
101.91 100 70699 
101.88 100 70699 
101.57 100 70699 
101.77 100 70699 
101.7 100 70699 
101.58 100 70699 
101.79 100 70699 
102.08 100 70699 
102.09 100 70699 
101.88 100 70699 
101.96 100 70699 
102.09 100 70699 
101.96 100 70699 
101.86 100 70699 
101.67 100 70699 
101.55 100 70699 
101.5 100 70699 
101.44 100 70699 
101.86 100 70699 
101.97 100 70699 
101.75 100 70699 
101.86 100 70699 
101.93 100 70699 
101.79 100 70699 
101.71 100 70699 
101.59 100 70699 
101.53 100 70699 
101.77 100 70699 
101.7 100 70699 
101.81 100 70699 
101.57 100 70699 
101.53 100 70699 
101.68 100 70699 
101.67 100 70699 
101.67 100 70699 
101.72 100 70699 
102.03 100 70540 
103.34 100 70537 
103.84 100 70537 
102.48 100 70537 
102.26 100 70537 
102.25 100 70537 
102.32 100 70537 
102.27 100 70537 
102.21 100 70537 
102.15 100 70537 
102.25 100 70537 
102.32 100 70537 
102.43 100 70537 
102.33 100 70537 
102.31 100 70537 
102.12 100 70537 
101.94 100 70537 
102.13 100 70537 
102.04 100 70537 
102.1 100 70537 
102.04 100 70537 
102.01 100 70537 
101.95 100 70537 
101.96 100 70537 
101.92 100 70537 
101.93 100 70537 
102.14 100 70537 
102.06 100 70537 
102.01 100 70377 
101.41 100 70374 
99.61 100 70374 
98.38 100 70374 
98.04 100 70374 
98.12 100 70374 
98.15 100 70374 
98.07 100 70374 
98.28 100 70374 
98.1 100 70374 
98.28 100 70374 
98.42 100 70374 
98.36 100 70374 
98.09 100 70374 
98.04 100 70374 
98.13 100 70374 
98.18 100 70374 
98.25 100 70374 
98.26 100 70374 
98.33 100 70374 
98.4 100 70374 
98.6 100 70374 
98.45 100 70374 
98.36 100 70374 
98.39 100 70374 
98.2 100 70374 
98.35 100 70374 
98.37 100 70374 
98.38 100 70374 
98.2 100 70374 
98.12 100 70374 
98.36 100 70374 
98.28 100 70374 
98.39 100 70374 
98.21 100 70374 
98.13 100 70215 
97.94 100 70051 
95.82 100 69888 
92.09 100 69725 
88.88 100 69562 
86.36 100 69399 
84.6 100 69236 
82.84 100 69072 
80.81 100 68909 
78.55 100 68746 
75.7 100 68583 
72.57 100 68420 
69.41 100 68257 
66.08 100 68093 
62.8 100 67930 
59.28 100 67767 
56.08 100 67604 
52.8 100 67441 
50.55 100 67278 
48.98 100 67115 
47.36 100 66952 
44.98 100 66788 
42.89 100 66625 
41.6 100 66462 
40.42 100 66299 
39.18 100 66136 
38.3 100 65973 
37.13 100 65810 
35.87 100 65647 
34.56 100 65484 
32.87 100 65320 
31.08 100 65157 
29.55 100 64994 
27.6 100 64831 
25.9 100 64668 
24.1 100 64505 
22.47 100 64342 
21.48 100 64178 
20.9 100 64016 
20.16 100 63852 
19.19 100 63689 
18.39 100 63526 
17.34 100 63363 
16.42 100 63200 
15.69 100 63037 
15.22 100 62874 
14.47 100 62710 
13.38 100 62547 
12.65 100 62384 
11.61 100 62221 
10.69 100 62058 
10 100 61895 
9.22 100 61732 
8.57 100 61568 
7.98 100 61405 
7.24 100 61242 
6.56 100 61079 
5.7 100 60916 
5.23 100 60753 
4.71 100 60590 
3.98 100 60426 
3.89 100 60263 
3.22 100 60100 
2.75 100 59937 
2.29 100 59774 
1.84 100 59611 
1.38 100 59448 
1.12 100 59284 
0.71 100 59121 
0.27 100 58958 
0.24 100 58795 
0.03 100 58632 
-0.15 100 58469 
-0.39 100 58305 
-0.69 100 58142 
-0.88 100 57979 
-0.9 100 57816 
-1.11 100 57653 
-0.8 100 57490 
-0.69 100 57327 
-0.75 100 57164 
-0.9 100 57001 
-0.81 100 56837 
-0.9 100 56674 
-0.97 100 56511 
-0.98 100 56348 
-0.95 100 56185 
-0.79 100 56022 
-0.84 100 55859 
-0.79 100 55696 
-0.66 100 55533 
-0.81 100 55369 
-0.87 100 55206 
-0.71 100 55043 
-0.57 100 54880 
-0.68 100 54717 
-0.8 100 54554 
-0.97 100 54390 
-0.88 100 54227 
-0.73 100 54064 
-0.72 100 53901 
-0.99 100 53738 
-0.95 100 53575 
-0.83 100 53412 
-0.7 100 53248 
-0.59 100 53085 
-0.78 100 52922 
-0.64 100 52759 
-0.72 100 52596 
-0.63 100 52433 
-0.93 100 52270 
-1.05 100 52107 
-1.04 100 51944 
-0.79 100 51780 
-1 100 51617 
-0.62 100 51454 
-0.52 100 51291 
-1.03 100 51128 
-1.21 100 50965 
-0.89 100 50801 
-0.51 100 50638 
-0.58 100 50475 
-0.7 100 50312 
-0.86 100 50149 
-0.95 100 49986 
-0.92 100 49823 
-0.9 100 49659 
-1.15 100 49496 
-0.73 100 49333 
-0.67 100 49170 
-1.07 100 49007 
-1.18 100 48844 
-0.88 100 48680 
-0.36 100 48517 
-0.4 100 48354 
-0.53 100 48191 
-0.43 100 48028 
-0.74 100 47865 
-1.04 100 47702 
-0.75 100 47538 
-0.65 100 47375 
-0.9 100 47212 
-0.94 100 47049 
-0.78 100 46886 
-0.79 100 46723 
-0.63 100 46560 
-0.75 100 46397 
-0.85 100 46234 
-0.64 100 46070 
-0.92 100 45907 
-0.85 100 45744 
-0.79 100 45581 
-0.68 100 45418 
-1.03 100 45255 
-0.96 100 45091 
-0.73 100 44928 
-0.97 100 44765 
-0.95 100 44602 
-0.7 100 44439 
-0.55 100 44276 
-0.8 100 44113 
-1.05 100 43949 
-1.16 100 43786 
-1.06 100 43623 
-0.81 100 43460 
-0.75 100 43297 
-0.91 100 43134 
-0.98 100 42971 
-0.97 100 42807 
-0.86 100 42644 
-0.69 100 42481 
-0.63 100 42318 
-0.71 100 42155 
-0.84 100 41992 
-0.82 100 41828 
-0.59 100 41665 
-0.76 100 41502 
-0.83 100 41339 
-0.82 100 41176 
-0.94 100 41013 
-1.26 100 40849 
-0.91 100 40686 
-1.03 100 40523 
-0.84 100 40360 
-0.49 100 40197 
-0.62 100 40034 
-0.56 100 39871 
-0.71 100 39707 
-0.86 100 39544 
-0.92 100 39381 
-0.84 100 39218 
-0.58 100 39055 
-0.9 100 38892 
-1.05 100 38728 
-1.04 100 38565 
-0.8 100 38402 
-0.79 100 38239 
-0.92 100 38076 
-0.85 100 37913 
-0.74 100 37750 
-0.69 100 37586 
-0.65 100 37423 
-0.56 100 37260 
-0.83 100 37097 
-1.02 100 36934 
-0.9 100 36771 
-0.97 100 36608 
-0.94 100 36445 
-0.97 100 36281 
-0.84 100 36118 
-0.84 100 35955 
-0.81 100 35792 
-0.84 100 35629 
-0.81 100 35466 
-0.83 100 35303 
-0.74 100 35139 
-0.61 100 34976 
-0.93 100 34813 
-0.83 100 34650 
-0.88 100 34487 
-0.88 100 34324 
-0.57 100 34161 
-0.79 100 33998 
-0.94 100 33835 
-0.84 100 33672 
-0.81 100 33508 
-0.77 100 33345 
-0.86 100 33182 
-0.53 100 33019 
-0.63 100 32856 
-0.87 100 32693 
-0.75 100 32530 
-0.75 100 32367 
-0.75 100 32204 
-0.81 100 32040 
-0.97 100 31877 
-0.85 100 31714 
-0.69 100 31551 
-0.63 100 31388 
-0.55 100 31225 
-0.71 100 31062 
-1.02 100 30899 
-1.16 100 30736 
-1.02 100 30572 
-0.92 100 30409 
-0.8 100 30246 
-0.92 100 30083 
-1.01 100 29920 
-1.07 100 29757 
-1.18 100 29593 
-0.86 100 29430 
-0.93 100 29267 
-0.93 100 29104 
-0.56 100 28941 
-0.54 100 28778 
-0.78 100 28615 
-0.84 100 28452 
-0.99 100 28289 
-0.86 100 28125 
-0.88 100 27962 
-0.89 100 27799 
-0.85 100 27636 
-0.87 100 27473 
-0.99 100 27310 
-1.08 100 27146 
-0.97 100 26983 
-0.7 100 26820 
-0.93 100 26657 
-1.15 100 26494 
-0.96 100 26331 
-0.75 100 26167 
-0.77 100 26004 
-1.08 100 25841 
-0.97 100 25678 
-0.96 100 25515 
-1.06 100 25352 
-1.06 100 25189 
-0.87 100 25026 
-0.68 100 24863 
-0.89 100 24700 
-1.08 100 24537 
-1.16 100 24373 
-0.97 100 24210 
-0.81 100 24047 
-0.82 100 23884 
-1.12 100 23721 
-1.2 100 23558 
-0.95 100 23394 
-0.77 100 23231 
-0.73 100 23068 
-0.8 100 22905 
-0.8 100 22742 
-0.86 100 22579 
-0.98 100 22415 
-1.11 100 22252 
-1.01 100 22089 
-0.83 100 21926 
-0.94 100 21763 
-0.96 100 21600 
-0.82 100 21436 
-0.68 100 21273 
-0.88 100 21110 
-1.17 100 20947 
-1.08 100 20784 
-0.88 100 20621 
-0.75 100 20458 
-0.73 100 20294 
-0.96 100 20131 
-0.68 100 19968 
-0.58 100 19805 
-0.95 100 19642 
-1.13 100 19479 
-0.75 100 19316 
-0.7 100 19152 
-0.89 100 18989 
-1.17 100 18826 
-0.81 100 18663 
-0.93 100 18500 
-0.89 100 18337 
-0.97 100 18174 
-0.91 100 18011 
-0.9 100 17847 
-0.76 100 17684 
-0.73 100 17521 
-0.84 100 17358 
-0.84 100 17195 
-0.92 100 17032 
-0.94 100 16868 
-0.83 100 16705 
-0.89 100 16542 
-0.89 100 16379 
-1.08 100 16216 
-0.85 100 16053 
-0.65 100 15890 
-0.62 100 15726 
-0.74 100 15563 
-0.72 100 15400 
-0.81 100 15237 
-0.82 100 15074 
-0.97 100 14911 
-0.81 100 14748 
-0.63 100 14744 
-0.78 100 14744 
-1.17 100 14744 
-1.26 100 14744 
-1.22 100 14744 
-1.03 100 14744 
-0.86 100 14744 
-1.02 100 14744 
-1.4 100 14744 
-1.23 100 14744 
-1.31 100 14744 
-1.37 100 14744 
-1.3 100 14744 
-1.44 100 14744 
-1.45 100 14744 
-1.35 100 14744 
-1.35 100 14744 
-0.97 100 14744 
-1.04 100 14744 
-1.38 100 14744 
-1.3 100 14744 
-1.18 100 14744 
-0.91 100 14744 
-0.67 100 14744 
-0.96 100 14744 
-1.22 100 14744 
-1.41 100 14744 
-1.58 100 14744 
-1.38 100 14744 
-1.01 100 14744 
-1.02 100 14744 
-1.18 100 14744 
-1.27 100 14744 
-1.27 100 14744 
-1.46 100 14744 
-1.25 100 14744 
-1.19 100 14744 
-1.26 100 14744 
-1.24 100 14744 
-1.24 100 14744 
-1.37 100 14744 
-1.28 100 14744 
-1.21 100 14744 
-1.17 100 14744 
-1.3 100 14744 
-1.32 100 14744 
-1.31 100 14744 
-1.28 100 14744 
-1.29 100 14744 
-1.18 100 14744 
-1.18 100 14744 
-1.08 100 14744 
-1.08 100 14744 
-1.21 100 14744 
-1.17 100 14744 
-0.98 100 14744 
-1.18 100 14744 
-1.15 100 14744 
-1.08 100 14744 
-1.16 100 14744 
-1.29 100 14744 
-1.18 100 14744 
-1.38 100 14744 
-1.66 100 14744 
-1.58 100 14744 
-1.33 100 14744 
-1.3 100 14744 
-1.24 100 14744 
-1.24 100 14744 
-1.62 100 14744 
-1.43 100 14744 
-1.29 100 14744 
-1.37 100 14744 
-1.35 100 14744 
-1.29 100 14744 
-1.31 100 14744 
-1.17 100 14744 
-1.06 100 14744 
-1.09 100 14744 
-1.05 100 14744 
-1.1 100 14744 
-1.08 100 14744 
-1.24 100 14744 
-1.29 100 14744 
-1.29 100 14744 
-1.25 100 14744 
-1.31 100 14744 
-1.25 100 14744 
-1.18 100 14744 
-1.25 100 14744 
-1.44 100 14744 
-1.45 100 14744 
-1.34 100 14744 
-1.5 100 14744 
-1.43 100 14744 
-1.26 100 14744 
-1.15 100 14744 
-0.95 100 14744 
-1.03 100 14744 
-1.11 100 14744 
-1.06 100 14744 
-0.78 100 14744 
-0.83 100 14744 
-1.17 100 14744 
-1.03 100 14744 
-0.93 100 14744 
-1.24 100 14744 
-1.33 100 14744 
-1.4 100 14744 
-1.26 100 14744 
-1.2 100 14744 
-1.15 100 14744 
-1.33 100 14744 
-1.53 100 14744 
-1.31 100 14744 
-1.15 100 14744 
-1.19 100 14744 
-1.06 100 14744 
-0.96 100 14744 
-0.94 100 14744 
-1.18 100 14744 
-1.29 100 14744 
-1.18 100 14744 
-1.15 100 14744 
-1.16 100 14744 
-1.14 100 14744 
-1.06 100 14744 
-1.02 100 14744 
-1.07 100 14744 
-1.27 100 14744 
-1.42 100 14744 
-1.22 100 14744 
-0.77 100 14744 
-0.69 100 14744 
-1.08 100 14744 
-1.02 100 14744 
-0.84 100 14744 
-0.97 100 14744 
-1.04 100 14744 
-1.15 100 14744 
-1.22 100 14744 
-1.34 100 14744 
-1.09 100 14744 
-1.01 100 14744 
-1.15 100 14744 
-0.96 100 14744 
-0.95 100 14744 
-0.87 100 14744 
-1.02 100 14744 
-1.27 100 14744 
-1.12 100 14744 
-0.98 100 14744 
-1.17 100 14744 
-1.04 100 14744 
-1 100 14744 
-0.91 100 14744 
-0.98 100 14744 
-1.27 100 14744 
-1.24 100 14744 
-1.24 100 14744 
-1.18 100 14744 
-1.25 100 14744 
-1.45 100 14744 
-1.46 100 14744 
-1.23 100 14744 
-0.93 100 14744 
-0.77 100 14744 
-1.06 100 14744 
-1.19 100 14744 
-1.11 100 14744 
-1.27 100 14744 
-1.42 100 14744 
-1.23 100 14744 
-1.09 100 14744 
-1.25 100 14744 
-1.22 100 14744 
-1.21 100 14744 
-1.1 100 14744 
-1.16 100 14744 
-1.02 100 14744 
-0.99 100 14744 
-1.01 100 14744 
-0.77 100 14744 
-1 100 14744 
-1.18 100 14744 
-1.18 100 14744 
-1.35 100 14744 
-1.46 100 14744 
-1.48 100 14744 
-1.21 100 14744 
-0.97 100 14744 
-1.08 100 14744 
-1.03 100 14744 
-0.89 100 14744 
-0.82 100 14744 
-1.66 100 14744 
-1.33 100 14744 
-0.31 100 14744 
-0.71 100 14744 
-1.41 100 14744 
-1.09 100 14744 
-0.52 100 14744 
-0.76 100 14744 
-1.06 100 14744 
-1.06 100 14744 
-0.97 100 14744 
-1.01 100 14744 
-1.12 100 14744 
-1.18 100 14744 
-0.89 100 14744 
-0.95 100 14744 
-1.01 100 14744 
-1.21 100 14744 
-1.18 100 14744 
-1.23 100 14744 
-1.28 100 14744 
-1.13 100 14744 
-0.4 100 14744 
-1.12 100 14744 
-1.76 100 14744 
-1.49 100 14744 
-4.1 100 14744 
-4.01 100 14744 
-1.26 100 14744 
-6.73 100 14744 
-15.54 100 14744 
-13.46 100 14744 
-16.76 100 14744 
-16.57 100 14744 
-15.74 100 14744 
-11.62 100 14744 
-10.95 100 14744 
-15.17 100 14744 
-20.04 100 14744 
-18.86 100 14744 
-17.43 100 14744 
-13.27 100 14744 
-6.75 100 14744 
0.96 100 14744 
6.61 100 14744 
12.44 100 14744 
32.13 100 14744 
43.12 100 14744 
36.8 100 14744 
32.34 100 14744 
28.83 100 14744 
21.6 100 14744 
16.17 100 14744 
10.95 100 14744 
11.51 100 14744 
17.97 100 14744 
18.41 100 14744 
8.46 100 14744 
-0.52 100 14744 
-13.2 100 14744 
-19.4 100 14744 
-15.67 100 14744 
-4.53 100 14744 
3.07 100 14744 
12.04 100 14744 
11.77 100 14744 
5.7 100 14744 
5.19 100 14744 
6.79 100 14744 
13.28 100 14744 
19.39 100 14744 
10.66 100 14744 
6.5 100 14744 
11.24 100 14744 
17.56 100 14744 
17.91 100 14744 
8.62 100 14744 
6.36 100 14744 
14.25 100 14744 
20.19 100 14744 
18.73 100 14744 
15.53 100 14744 
10.95 100 14744 
6.13 100 14744 
5.74 100 14744 
10.08 100 14744 
14.3 100 14744 
18.39 100 14744 
20.17 100 14744 
22.49 100 14744 
25.95 100 14744 
27.91 100 14744 
37.19 100 14744 
43.51 100 14744 
29.55 100 14744 
23.66 100 14744 
28.33 100 14744 
29.86 100 14744 
32.19 100 14744 
32.89 100 14744 
27.43 100 14744 
24.81 100 14744 
24.81 100 14744 
24.78 100 14744 
24.54 100 14744 
24.78 100 14744 
24.93 100 14744 
24.59 100 14744 
24.48 100 14744 
24.84 100 14744 
25.14 100 14744 
25.23 100 14744 
24.94 100 14744 
24.4 100 14744 
24.22 100 14744 
24.69 100 14744 
24.94 100 14744 
24.82 100 14744 
24.82 100 14744 
24.76 100 14744 
24.59 100 14744 
24.94 100 14744 
24.93 100 14744 
24.57 100 14744 
24.44 100 14744 
24.44 100 14744 
24.41 100 14744 
24.88 100 14744 
25.06 100 14744 
25.16 100 14744 
24.82 100 14744 
24.72 100 14744 
24.84 100 14744 
24.66 100 14744 
24.73 100 14744 
24.57 100 14744 
24.43 100 14744 
24.6 100 14744 
24.54 100 14744 
24.63 100 14744 
24.57 100 14744 
24.74 100 14744 
24.87 100 14744 
24.58 100 14744 
24.64 100 14744 
24.62 100 14744 
24.63 100 14744 
24.52 100 14744 
24.52 100 14744 
24.9 100 14744 
24.94 100 14744 
24.56 100 14744 
24.64 100 14744 
24.75 100 14744 
24.66 100 14744 
24.64 100 14744 
24.89 100 14744 
24.63 100 14744 
24.55 100 14744 
24.75 100 14744 
24.92 100 14744 
25.34 100 14744 
25.7 100 14744 
25.06 100 14744 
25.22 100 14744 
29.24 100 14744 
32.84 100 14744 
34.06 100 14744 
34.27 100 14744 
35.65 100 14744 
38.38 100 14744 
39.41 100 14744 
36.82 100 14744 
35.16 100 14744 
36.98 100 14744 
40.28 100 14744 
40.91 100 14744 
37.42 100 14744 
35.56 100 14744 
33.16 100 14744 
30.95 100 14744 
31.21 100 14744 
31.18 100 14744 
31.24 100 14744 
32.68 100 14744 
32.17 100 14744 
28.82 100 14744 
25.91 100 14744 
20.89 100 14744 
13.46 100 14744 
10.88 100 14744 
14.07 100 14744 
20.59 100 14744 
26.39 100 14744 
21.26 100 14744 
8.5 100 14744 
-4.56 100 14744 
-11.69 100 14744 
7.54 100 14744 
37.89 100 14744 
38.17 100 14744 
33.65 100 14744 
26.1 100 14744 
22.52 100 14744 
14.09 100 14744 
0.82 100 14744 
6.13 100 14744 
12.92 100 14744 
17.23 100 14744 
31.58 100 14744 
36.86 100 14744 
19.18 100 14744 
-5.41 100 14744 
-7.41 100 14744 
-5.21 100 14744 
-2.37 100 14744 
-0.55 100 14744 
8.11 100 14744 
18.21 100 14744 
29.94 100 14744 
30.68 100 14744 
32.27 100 14744 
32.8 100 14744 
34.77 100 14744 
41.09 100 14744 
34.65 100 14744 
29.31 100 14744 
27.58 100 14744 
20.98 100 14744 
15.38 100 14744 
16.88 100 14744 
20.59 100 14744 
23.88 100 14744 
29.63 100 14744 
28.14 100 14744 
24.18 100 14744 
24.2 100 14744 
17.61 100 14744 
16 100 14744 
11.4 100 14744 
8.37 100 14744 
3.46 100 14744 
1.19 100 14744 
7.96 100 14744 
8.95 100 14744 
-8.69 100 14744 
-31.57 100 14744 
-40.09 100 14744 
-33.02 100 14744 
-15.25 100 14744 
-0.47 100 14744 
20.71 100 14744 
19.38 100 14744 
16.4 100 14744 
20 100 14744 
26.19 100 14744 
29.91 100 14744 
26.23 100 14744 
22.35 100 14744 
15.4 100 14744 
12.97 100 14744 
18.26 100 14744 
20.39 100 14744 
21.84 100 14744 
22.2 100 14744 
23.18 100 14744 
23.93 100 14744 
19.67 100 14744 
13.8 100 14744 
17.4 100 14744 
27.74 100 14744 
36.28 100 14744 
22.15 100 14744 
7.64 100 14744 
5.75 100 14744 
5.83 100 14744 
5.89 100 14744 
5.85 100 14744 
5.81 100 14744 
5.75 100 14744 
5.79 100 14744 
5.41 100 14744 
5.51 100 14744 
5.98 100 14744 
6.3 100 14744 
6.13 100 14744 
5.65 100 14744 
5.46 100 14744 
5.69 100 14744 
5.91 100 14744 
5.99 100 14744 
5.93 100 14744 
5.63 100 14744 
5.89 100 14744 
6.07 100 14744 
6.08 100 14744 
5.97 100 14744 
5.61 100 14744 
5.48 100 14744 
5.73 100 14744 
5.94 100 14744 
6.06 100 14744 
6.12 100 14744 
6.01 100 14744 
5.9 100 14744 
5.77 100 14744 
5.86 100 14744 
5.82 100 14744 
5.6 100 14744 
5.61 100 14744 
5.62 100 14744 
6.05 100 14744 
6.48 100 14744 
6.39 100 14744 
6.04 100 14744 
6.09 100 14744 
6.03 100 14744 
5.51 100 14744 
5.45 100 14744 
5.78 100 14744 
5.81 100 14744 
5.82 100 14744 
5.88 100 14744 
5.91 100 14744 
5.94 100 14744 
5.98 100 14744 
6.06 100 14744 
5.92 100 14744 
6.08 100 14744 
5.91 100 14744 
5.59 100 14744 
5.82 100 14744 
5.79 100 14744 
6.01 100 14744 
6.19 100 14744 
5.87 100 14744 
5.88 100 14744 
6.11 100 14744 
6.09 100 14744 
5.99 100 14744 
5.84 100 14744 
5.74 100 14744 
5.87 100 14744 
5.76 100 14744 
5.78 100 14744 
5.9 100 14744 
6.03 100 14744 
6.05 100 14744 
6.03 100 14744 
6.04 100 14744 
6.06 100 14744 
6.23 100 14744 
6.23 100 14744 
6.21 100 14744 
6.03 100 14744 
5.65 100 14744 
5.51 100 14744 
5.99 100 14744 
6.16 100 14744 
5.84 100 14744 
5.76 100 14744 
6.07 100 14744 
6.01 100 14744 
5.73 100 14744 
5.88 100 14744 
5.92 100 14744 
5.99 100 14744 
5.91 100 14744 
5.73 100 14744 
5.8 100 14744 
5.97 100 14744 
5.97 100 14744 
5.85 100 14744 
5.76 100 14744 
5.7 100 14744 
5.94 100 14744 
5.87 100 14744 
5.99 100 14744 
5.91 100 14744 
5.93 100 14744 
5.89 100 14744 
6.02 100 14744 
5.78 100 14744 
5.96 100 14744 
6.18 100 14744 
6.13 100 14744 
6.29 100 14744 
6.16 100 14744 
6.12 100 14744 
5.99 100 14744 
5.99 100 14744 
5.92 100 14744 
6.06 100 14744 
6.1 100 14744 
5.99 100 14744 
6.02 100 14744 
6.23 100 14744 
6.46 100 14744 
6.09 100 14744 
5.8 100 14744 
5.92 100 14744 
6.11 100 14744 
6.02 100 14744 
6.07 100 14744 
6.2 100 14744 
6.49 100 14744 
6.2 100 14744 
5.83 100 14744 
6 100 14744 
6.13 100 14744 
6.21 100 14744 
5.91 100 14744 
5.96 100 14744 
6.16 100 14744 
6.22 100 14744 
6.18 100 14744 
6.38 100 14744 
6.32 100 14744 
6.18 100 14744 
6.18 100 14744 
6.15 100 14744 
6.01 100 14744 
6.25 100 14744 
6.13 100 14744 
5.84 100 14744 
6.07 100 14744 
6.13 100 14744 
5.98 100 14744 
5.98 100 14744 
6.13 100 14744 
6.29 100 14744 
5.98 100 14744 
5.96 100 14744 
6.23 100 14744 
6.17 100 14744 
6.14 100 14744 
6.13 100 14744 
6.18 100 14744 
6.07 100 14744 
6.15 100 14744 
6.23 100 14744 
6.09 100 14744 
6.05 100 14744 
5.93 100 14744 
5.87 100 14744 
6.04 100 14744 
6.08 100 14744 
6.26 100 14744 
6.14 100 14744 
6.18 100 14744 
6.27 100 14744 
6.13 100 14744 
6.21 100 14744 
6.13 100 14744 
5.98 100 14744 
6.24 100 14744 
6.33 100 14744 
6.14 100 14744 
6.18 100 14744 
6.04 100 14744 
6.07 100 14744 
6.03 100 14744 
5.93 100 14744 
5.84 100 14744 
5.91 100 14744 
5.91 100 14744 
5.94 100 14744 
5.92 100 14744 
5.93 100 14744 
6.04 100 14744 
6.07 100 14744 
5.76 100 14744 
5.79 100 14744 
6.09 100 14744 
6.3 100 14744 
6.05 100 14744 
6.04 100 14744 
5.96 100 14744 
5.98 100 14744 
5.86 100 14744 
6.08 100 14744 
6.18 100 14744 
6.13 100 14744 
5.93 100 14744 
5.82 100 14744 
6.06 100 14744 
6.01 100 14744 
5.96 100 14744 
5.89 100 14744 
5.92 100 14744 
5.95 100 14744 
5.89 100 14744 
5.66 100 14744 
5.97 100 14744 
6.04 100 14744 
6.03 100 14744 
5.86 100 14744 
5.81 100 14744 
6.07 100 14744 
6.24 100 14744 
6.2 100 14744 
5.99 100 14744 
6.11 100 14744 
5.99 100 14744 
6.05 100 14744 
5.93 100 14744 
5.93 100 14744 
5.83 100 14744 
5.9 100 14744 
5.99 100 14744 
6 100 14744 
5.94 100 14744 
5.81 100 14744 
6.04 100 14744 
6.1 100 14744 
6.03 100 14744 
5.71 100 14744 
5.85 100 14744 
5.82 100 14744 
6.01 100 14744 
6.28 100 14744 
5.84 100 14744 
5.82 100 14744 
5.88 100 14744 
5.73 100 14744 
5.93 100 14744 
5.95 100 14744 
5.68 100 14744 
5.58 100 14744 
6 100 14744 
6.13 100 14744 
6.09 100 14744 
6.06 100 14744 
6.2 100 14744 
6 100 14744 
5.8 100 14744 
5.75 100 14744 
5.69 100 14744 
5.8 100 14744 
6.09 100 14744 
6.28 100 14744 
6.15 100 14744 
6.12 100 14744 
6.29 100 14744 
6.14 100 14744 
5.93 100 14744 
5.93 100 14744 
5.98 100 14744 
6.18 100 14744 
6.07 100 14744 
6.08 100 14744 
5.91 100 14744 
5.75 100 14744 
6.03 100 14744 
6.09 100 14744 
5.98 100 14744 
5.95 100 14744 
6.06 100 14744 
5.95 100 14744 
5.94 100 14744 
5.96 100 14744 
5.93 100 14744 
6 100 14744 
6.13 100 14744 
6.32 100 14744 
6.08 100 14744 
6.14 100 14744 
6.1 100 14744 
5.78 100 14744 
5.59 100 14744 
5.75 100 14744 
5.92 100 14744 
6.02 100 14744 
5.96 100 14744 
5.85 100 14744 
5.99 100 14744 
6.01 100 14744 
6.02 100 14744 
5.88 100 14744 
5.72 100 14744 
5.88 100 14744 
6.22 100 14744 
