0.03 100 58280 
-0.09 100 58296 
-0.03 100 58312 
0.01 100 58327 
0.09 100 58343 
0.16 100 58359 
0.07 100 58375 
0.32 100 58390 
0.35 100 58406 
0.05 100 58422 
-0.09 100 58438 
0.25 100 58453 
0.28 100 58469 
0.21 100 58485 
0.07 100 58501 
0.25 100 58517 
0.42 100 58532 
0.34 100 58548 
0.4 100 58564 
0.64 100 58580 
0.93 100 58595 
0.62 100 58611 
0.44 100 58627 
0.4 100 58643 
0.77 100 58658 
0.59 100 58674 
0.22 100 58690 
0.31 100 58706 
0.61 100 58721 
0.76 100 58737 
0.58 100 58753 
0.57 100 58769 
0.76 100 58785 
0.81 100 58800 
0.57 100 58816 
0.65 100 58832 
0.86 100 58848 
0.97 100 58863 
0.84 100 58879 
0.96 100 58895 
1.27 100 58911 
1.15 100 58926 
0.97 100 58942 
0.85 100 58958 
0.96 100 58974 
1.16 100 58989 
0.9 100 59005 
0.75 100 59021 
1.31 100 59037 
1.48 100 59053 
1.1 100 59068 
1.02 100 59084 
1.48 100 59100 
1.61 100 59116 
1.14 100 59131 
1.08 100 59147 
1.13 100 59163 
1.55 100 59179 
1.41 100 59194 
1.1 100 59210 
1.29 100 59226 
1.53 100 59242 
1.26 100 59257 
1.31 100 59273 
1.42 100 59289 
1.51 100 59305 
1.42 100 59321 
1.53 100 59336 
1.83 100 59352 
1.96 100 59368 
1.89 100 59384 
1.7 100 59399 
1.99 100 59415 
2.1 100 59431 
2.1 100 59447 
2.04 100 59462 
1.81 100 59478 
2.15 100 59494 
2.07 100 59510 
1.85 100 59526 
2.03 100 59541 
2.31 100 59557 
2.09 100 59573 
2.05 100 59589 
2.18 100 59604 
2.36 100 59620 
2.41 100 59636 
2.34 100 59652 
2.28 100 59667 
2.49 100 59683 
2.26 100 59699 
2.21 100 59715 
2.47 100 59730 
2.47 100 59746 
2.71 100 59762 
2.58 100 59778 
2.61 100 59794 
3 100 59809 
3.13 100 59825 
2.99 100 59841 
2.93 100 59857 
3.07 100 59872 
2.93 100 59888 
2.69 100 59904 
2.76 100 59920 
3.24 100 59935 
3.22 100 59951 
3.01 100 59967 
3.24 100 59983 
3.5 100 59999 
3.41 100 60014 
3.26 100 60030 
3.35 100 60046 
3.69 100 60062 
3.76 100 60077 
3.5 100 60093 
3.6 100 60109 
3.84 100 60125 
3.89 100 60140 
3.78 100 60156 
3.59 100 60172 
4.09 100 60188 
4.13 100 60203 
4 100 60219 
3.82 100 60235 
4.08 100 60251 
4.1 100 60267 
4.3 100 60282 
4.26 100 60298 
4.27 100 60314 
4.79 100 60330 
4.59 100 60345 
4.6 100 60361 
4.62 100 60377 
4.66 100 60393 
4.58 100 60408 
4.53 100 60424 
4.67 100 60440 
4.71 100 60456 
4.96 100 60471 
4.88 100 60487 
4.87 100 60503 
5.07 100 60519 
4.95 100 60535 
4.94 100 60550 
5 100 60566 
5.09 100 60582 
5.2 100 60598 
5.1 100 60613 
5.22 100 60629 
5.42 100 60645 
5.42 100 60661 
5.13 100 60676 
5.24 100 60692 
5.58 100 60708 
5.57 100 60724 
5.25 100 60740 
5.48 100 60755 
5.57 100 60771 
5.57 100 60787 
5.44 100 60803 
5.67 100 60818 
5.87 100 60834 
5.87 100 60850 
5.68 100 60866 
6.01 100 60881 
6.31 100 60897 
6.31 100 60913 
6.2 100 60929 
6.41 100 60944 
6.32 100 60960 
6.35 100 60976 
6.3 100 60992 
6.34 100 61008 
6.72 100 61023 
6.56 100 61039 
6.45 100 61055 
6.45 100 61071 
7.03 100 61086 
7.18 100 61102 
6.84 100 61118 
6.85 100 61134 
7.08 100 61149 
7.2 100 61165 
6.74 100 61181 
6.93 100 61197 
7.48 100 61212 
7.27 100 61228 
6.67 100 61244 
6.67 100 61260 
7.1 100 61276 
7.5 100 61291 
7.31 100 61307 
7.2 100 61323 
7.43 100 61339 
7.5 100 61354 
7.21 100 61370 
7.2 100 61386 
7.63 100 61402 
7.55 100 61417 
7.26 100 61433 
7.15 100 61449 
7.48 100 61465 
7.57 100 61480 
7.56 100 61496 
7.77 100 61512 
7.89 100 61528 
7.85 100 61544 
7.64 100 61559 
7.64 100 61575 
7.85 100 61591 
8.11 100 61607 
8.26 100 61622 
8.01 100 61638 
8.04 100 61654 
8.29 100 61670 
8.17 100 61685 
8.16 100 61701 
8.57 100 61717 
8.65 100 61733 
8.67 100 61748 
8.53 100 61764 
8.57 100 61780 
8.73 100 61796 
8.92 100 61812 
8.82 100 61827 
8.82 100 61843 
9.15 100 61859 
9.05 100 61875 
8.84 100 61890 
9.09 100 61906 
9.46 100 61922 
9.3 100 61938 
9.33 100 61953 
9.46 100 61969 
9.62 100 61985 
9.89 100 62001 
9.79 100 62017 
9.83 100 62032 
10.37 100 62048 
10.36 100 62064 
10.15 100 62080 
10.43 100 62095 
10.98 100 62111 
10.75 100 62127 
10.52 100 62143 
10.67 100 62158 
10.96 100 62174 
11.02 100 62190 
10.7 100 62206 
10.82 100 62222 
11.19 100 62237 
11.41 100 62253 
11.24 100 62269 
11.32 100 62285 
11.46 100 62300 
11.47 100 62316 
11.57 100 62332 
11.34 100 62348 
11.64 100 62363 
11.82 100 62379 
11.83 100 62395 
12.04 100 62411 
12.16 100 62426 
12.27 100 62442 
12.2 100 62458 
12.23 100 62474 
12.56 100 62490 
12.61 100 62505 
12.37 100 62521 
12.47 100 62537 
12.61 100 62553 
13.02 100 62568 
12.86 100 62584 
12.65 100 62600 
12.82 100 62616 
13.17 100 62631 
13.14 100 62647 
13.29 100 62663 
13.68 100 62679 
13.82 100 62694 
13.51 100 62710 
13.45 100 62726 
13.9 100 62742 
14.32 100 62758 
14.12 100 62773 
14.04 100 62789 
14.16 100 62805 
14.4 100 62821 
14.41 100 62836 
14.25 100 62852 
14.41 100 62868 
14.86 100 62884 
15.02 100 62899 
15.05 100 62915 
15.24 100 62931 
15.34 100 62947 
15.06 100 62963 
15 100 62978 
15.16 100 62994 
15.41 100 63010 
15.52 100 63026 
15.14 100 63041 
15.43 100 63057 
15.82 100 63073 
15.81 100 63089 
15.51 100 63104 
15.46 100 63120 
15.87 100 63136 
15.84 100 63152 
15.69 100 63168 
15.73 100 63183 
16.03 100 63199 
16.33 100 63215 
16.17 100 63231 
16.53 100 63246 
16.86 100 63262 
16.67 100 63278 
16.63 100 63294 
16.8 100 63309 
17.14 100 63325 
17.12 100 63341 
17.15 100 63357 
16.93 100 63372 
17.74 100 63388 
17.74 100 63404 
17.3 100 63420 
17.35 100 63435 
17.76 100 63451 
17.76 100 63467 
17.79 100 63483 
17.94 100 63499 
18.14 100 63514 
18.07 100 63530 
18.05 100 63546 
17.87 100 63562 
18.35 100 63577 
18.6 100 63593 
18.27 100 63609 
18.32 100 63625 
18.75 100 63640 
19.05 100 63656 
18.82 100 63672 
18.65 100 63688 
18.86 100 63703 
19.43 100 63719 
19.36 100 63735 
19.26 100 63751 
19.25 100 63767 
19.43 100 63782 
19.36 100 63798 
19.29 100 63814 
19.65 100 63830 
19.59 100 63845 
19.49 100 63861 
19.54 100 63877 
19.72 100 63893 
20.03 100 63908 
19.9 100 63924 
19.83 100 63940 
19.9 100 63956 
20.06 100 63971 
20.19 100 63987 
20.19 100 64003 
20.59 100 64019 
20.87 100 64035 
20.46 100 64050 
20.52 100 64066 
20.81 100 64082 
21.23 100 64098 
20.96 100 64113 
20.88 100 64129 
20.97 100 64145 
21.43 100 64161 
21.56 100 64176 
21.17 100 64192 
21.32 100 64208 
21.8 100 64224 
21.99 100 64239 
21.54 100 64255 
21.77 100 64271 
22.14 100 64287 
22.33 100 64303 
22.14 100 64318 
22.09 100 64334 
22.26 100 64350 
22.35 100 64366 
22.38 100 64381 
22.38 100 64397 
22.61 100 64413 
22.72 100 64429 
22.35 100 64444 
22.42 100 64460 
22.79 100 64476 
23 100 64492 
22.72 100 64507 
22.9 100 64523 
23.11 100 64539 
23.35 100 64555 
23.08 100 64571 
23.04 100 64586 
23.52 100 64602 
23.72 100 64618 
23.46 100 64634 
23.67 100 64649 
23.89 100 64665 
23.85 100 64681 
23.95 100 64697 
23.8 100 64712 
24.04 100 64728 
24.46 100 64744 
24.61 100 64760 
24.17 100 64775 
24.27 100 64791 
24.5 100 64807 
24.45 100 64823 
24.33 100 64839 
24.66 100 64854 
25.17 100 64870 
25.29 100 64886 
25.29 100 64902 
25.32 100 64917 
25.65 100 64933 
25.67 100 64949 
25.78 100 64965 
25.83 100 64980 
26.06 100 64996 
26.14 100 65012 
26.13 100 65028 
26.32 100 65043 
26.61 100 65059 
26.65 100 65075 
26.37 100 65091 
26.61 100 65107 
27.09 100 65122 
27.04 100 65138 
27.3 100 65154 
27.55 100 65170 
27.81 100 65185 
28.04 100 65201 
28.03 100 65217 
27.8 100 65233 
28.15 100 65248 
28.34 100 65264 
28.54 100 65280 
28.77 100 65296 
28.93 100 65312 
29.22 100 65327 
29.13 100 65343 
29.35 100 65359 
29.83 100 65375 
30.1 100 65390 
29.64 100 65406 
29.49 100 65422 
30.08 100 65438 
30.35 100 65453 
30.12 100 65469 
30.28 100 65485 
30.62 100 65501 
30.79 100 65516 
30.54 100 65532 
30.63 100 65548 
31.09 100 65564 
31.19 100 65579 
31.13 100 65595 
31.27 100 65611 
31.71 100 65627 
31.48 100 65643 
31.58 100 65658 
31.93 100 65674 
32.21 100 65690 
32.48 100 65706 
32.28 100 65721 
32.26 100 65737 
32.57 100 65753 
32.83 100 65769 
32.87 100 65784 
32.99 100 65800 
33.19 100 65816 
33.28 100 65832 
33.34 100 65847 
33.22 100 65863 
33.65 100 65879 
33.94 100 65895 
33.93 100 65911 
33.96 100 65926 
34.13 100 65942 
34.33 100 65958 
34.29 100 65974 
34.17 100 65989 
34.61 100 66005 
34.81 100 66021 
34.91 100 66037 
34.99 100 66052 
35.28 100 66068 
35.43 100 66084 
35.47 100 66100 
35.51 100 66115 
35.66 100 66131 
35.91 100 66147 
36.04 100 66163 
36.19 100 66179 
36.31 100 66194 
36.73 100 66210 
36.81 100 66226 
36.42 100 66242 
36.57 100 66257 
36.96 100 66273 
36.84 100 66289 
36.74 100 66305 
37.33 100 66320 
37.79 100 66336 
37.74 100 66352 
37.56 100 66368 
37.54 100 66384 
37.7 100 66399 
37.89 100 66415 
38.11 100 66431 
38.23 100 66447 
38.7 100 66462 
38.5 100 66478 
38.33 100 66494 
38.64 100 66510 
39.09 100 66525 
39.38 100 66541 
39.33 100 66557 
39.25 100 66573 
39.71 100 66589 
39.94 100 66604 
39.97 100 66620 
40.11 100 66636 
40.27 100 66652 
40.27 100 66667 
40.04 100 66683 
40.58 100 66699 
40.95 100 66715 
41.14 100 66730 
41.15 100 66746 
41.21 100 66762 
41.49 100 66778 
41.61 100 66794 
41.28 100 66809 
41.19 100 66825 
41.64 100 66841 
41.89 100 66857 
41.71 100 66872 
41.85 100 66888 
42.17 100 66904 
42.27 100 66920 
42.03 100 66935 
42.13 100 66951 
42.44 100 66967 
42.77 100 66983 
42.67 100 66999 
42.72 100 67014 
43.04 100 67030 
43.32 100 67046 
43.16 100 67062 
43.27 100 67077 
43.41 100 67093 
43.63 100 67109 
43.47 100 67125 
43.5 100 67140 
43.59 100 67156 
43.98 100 67172 
44.08 100 67188 
43.87 100 67204 
44 100 67219 
44.43 100 67235 
44.65 100 67251 
44.6 100 67267 
44.52 100 67282 
44.98 100 67298 
45.38 100 67314 
45.14 100 67330 
45.2 100 67345 
45.55 100 67361 
45.77 100 67377 
45.42 100 67393 
45.65 100 67408 
46.14 100 67424 
46.13 100 67440 
46.02 100 67456 
46.15 100 67472 
46.64 100 67487 
46.87 100 67503 
46.7 100 67519 
46.9 100 67535 
47.3 100 67550 
47.48 100 67566 
47.33 100 67582 
47.45 100 67598 
47.59 100 67613 
47.87 100 67629 
47.77 100 67645 
47.72 100 67661 
48.1 100 67677 
48.6 100 67692 
48.41 100 67708 
48.35 100 67724 
48.73 100 67740 
49.02 100 67755 
49.1 100 67771 
48.85 100 67787 
49.38 100 67803 
49.92 100 67818 
49.85 100 67834 
49.78 100 67850 
50.14 100 67866 
50.35 100 67882 
50.12 100 67897 
50.3 100 67913 
50.75 100 67929 
50.79 100 67945 
50.58 100 67960 
50.66 100 67976 
50.93 100 67992 
51.24 100 68008 
51.14 100 68023 
51.52 100 68039 
51.87 100 68055 
51.89 100 68071 
51.97 100 68087 
52.17 100 68102 
52.48 100 68118 
53 100 68134 
53.34 100 68150 
53.12 100 68165 
53.38 100 68181 
54.02 100 68197 
54.22 100 68213 
53.94 100 68228 
54.16 100 68244 
54.67 100 68260 
55.05 100 68276 
55.17 100 68292 
55.45 100 68307 
55.76 100 68323 
56.2 100 68339 
56.2 100 68355 
56.19 100 68370 
56.81 100 68386 
57.08 100 68402 
56.88 100 68418 
56.77 100 68433 
57.29 100 68449 
57.81 100 68465 
57.85 100 68481 
57.87 100 68497 
58.13 100 68512 
58.56 100 68528 
58.31 100 68544 
58.62 100 68560 
59.16 100 68575 
59.34 100 68591 
59.51 100 68607 
59.74 100 68623 
60.03 100 68638 
59.93 100 68654 
59.79 100 68670 
60.22 100 68686 
60.92 100 68702 
60.92 100 68717 
60.75 100 68733 
60.75 100 68749 
61.34 100 68765 
61.49 100 68780 
61.44 100 68796 
61.82 100 68812 
62.11 100 68828 
62.29 100 68843 
62.28 100 68859 
62.64 100 68875 
63.12 100 68891 
63.33 100 68907 
63.35 100 68922 
63.54 100 68938 
63.93 100 68954 
64.22 100 68970 
64.35 100 68985 
64.43 100 69001 
64.82 100 69017 
65.03 100 69033 
64.87 100 69048 
65 100 69064 
65.48 100 69080 
65.7 100 69096 
65.56 100 69112 
65.78 100 69127 
66.23 100 69143 
66.6 100 69159 
66.57 100 69175 
66.65 100 69190 
66.73 100 69206 
67.1 100 69222 
67.15 100 69238 
67.38 100 69253 
67.61 100 69269 
67.85 100 69285 
68.01 100 69301 
68.25 100 69317 
68.37 100 69332 
68.57 100 69348 
68.82 100 69364 
68.86 100 69380 
69.1 100 69395 
69.42 100 69411 
69.56 100 69427 
69.41 100 69443 
69.57 100 69458 
70.02 100 69474 
70.13 100 69490 
70.16 100 69506 
70.36 100 69522 
70.94 100 69537 
70.93 100 69553 
70.76 100 69569 
70.95 100 69585 
71.39 100 69600 
71.6 100 69616 
71.45 100 69632 
71.66 100 69648 
72.08 100 69663 
72.16 100 69679 
72.17 100 69695 
72.42 100 69711 
73.02 100 69727 
73.54 100 69742 
73.45 100 69758 
73.6 100 69774 
74.1 100 69790 
74.28 100 69805 
74.16 100 69821 
74.48 100 69837 
74.95 100 69853 
75.32 100 69868 
75.44 100 69884 
75.48 100 69900 
75.91 100 69916 
75.77 100 69932 
75.8 100 69947 
76.09 100 69963 
76.36 100 69979 
76.65 100 69995 
76.8 100 70010 
76.9 100 70026 
77.24 100 70042 
77.43 100 70058 
77.17 100 70074 
77.24 100 70089 
77.87 100 70105 
78.05 100 70121 
78.01 100 70137 
78.15 100 70152 
78.41 100 70168 
78.74 100 70184 
78.49 100 70200 
78.6 100 70215 
79.29 100 70231 
79.56 100 70247 
79.43 100 70263 
79.2 100 70279 
79.73 100 70294 
80.21 100 70310 
80.11 100 70326 
80.02 100 70342 
80.46 100 70357 
80.67 100 70373 
80.85 100 70389 
80.94 100 70405 
81.03 100 70420 
81.4 100 70436 
81.3 100 70452 
81.12 100 70468 
81.36 100 70483 
81.76 100 70499 
81.72 100 70515 
81.67 100 70531 
82.04 100 70547 
82.36 100 70562 
82.17 100 70578 
81.95 100 70594 
82.5 100 70610 
83.18 100 70625 
83.2 100 70641 
83.1 100 70657 
83.7 100 70673 
83.86 100 70689 
84.14 100 70704 
84.17 100 70720 
84.29 100 70736 
84.71 100 70752 
85.14 100 70767 
85.27 100 70783 
85.37 100 70799 
85.94 100 70815 
86.47 100 70830 
86.45 100 70846 
86.37 100 70862 
86.66 100 70878 
86.96 100 70894 
86.6 100 70909 
87.02 100 70925 
87.72 100 70941 
87.99 100 70957 
88 100 70972 
88.16 100 70988 
88.35 100 71004 
88.97 100 71020 
88.98 100 71035 
89.14 100 71051 
89.58 100 71067 
89.97 100 71083 
90.34 100 71099 
90.34 100 71114 
90.9 100 71130 
91.19 100 71146 
91.53 100 71162 
91.89 100 71177 
92.25 100 71193 
92.38 100 71209 
92.64 100 71225 
92.84 100 71240 
93.33 100 71256 
93.83 100 71272 
93.8 100 71288 
93.96 100 71304 
94.46 100 71319 
95.1 100 71335 
95.3 100 71351 
95.48 100 71367 
95.9 100 71382 
96.34 100 71398 
96.58 100 71414 
96.57 100 71430 
97.24 100 71445 
97.81 100 71461 
97.94 100 71477 
98.25 100 71493 
98.5 100 71509 
98.95 100 71524 
99.16 100 71540 
98.93 100 71556 
99.37 100 71572 
100.03 100 71587 
100.21 100 71603 
100.25 100 71603 
100.53 100 71603 
100.75 100 71603 
100.67 100 71603 
100.56 100 71603 
100.49 100 71603 
100.42 100 71603 
100.5 100 71603 
100.58 100 71603 
100.43 100 71603 
100.43 100 71603 
100.5 100 71603 
100.39 100 71603 
100.48 100 71603 
100.44 100 71603 
100.16 100 71603 
100.31 100 71603 
100.42 100 71603 
100.43 100 71603 
100.36 100 71603 
100.33 100 71603 
100.41 100 71603 
100.56 100 71603 
100.52 100 71603 
100.21 100 71603 
100.19 100 71603 
100.21 100 71603 
100.12 100 71603 
100.27 100 71603 
100.24 100 71603 
99.88 100 71603 
99.91 100 71603 
100.08 100 71603 
100.11 100 71603 
100.09 100 71603 
99.83 100 71603 
99.78 100 71603 
100.04 100 71603 
100.04 100 71603 
99.99 100 71603 
100.27 100 71603 
100.18 100 71603 
100.16 100 71603 
100.11 100 71603 
100.3 100 71603 
100.1 100 71603 
99.83 100 71603 
99.83 100 71603 
99.95 100 71603 
99.94 100 71603 
100.19 100 71603 
100.13 100 71603 
99.99 100 71603 
99.54 100 71603 
99.76 100 71603 
99.86 100 71603 
99.74 100 71603 
99.79 100 71603 
99.75 100 71603 
99.72 100 71603 
99.68 100 71603 
99.59 100 71603 
