0.81 0 0 
0.99 0 0 
1.12 0 0 
1.21 0 0 
1.02 0 0 
0.98 0 0 
1.02 0 0 
1.03 0 0 
0.93 0 0 
0.98 0 0 
1.2 0 0 
1.19 0 0 
1.08 0 0 
0.97 0 0 
1.08 0 0 
0.89 0 0 
0.94 0 0 
1.09 0 0 
1.09 0 0 
0.8 0 0 
0.91 0 0 
0.95 0 0 
1.18 0 0 
0.99 0 0 
0.98 0 0 
0.97 0 0 
1.07 0 0 
1.25 0 0 
1.09 0 0 
1.03 0 0 
0.96 0 0 
0.99 0 0 
1.02 0 0 
0.94 0 0 
0.95 0 0 
0.94 0 0 
1.06 0 0 
0.97 0 0 
0.72 0 0 
1.03 0 0 
1.01 0 0 
1.04 0 0 
1.06 0 0 
0.97 0 0 
1.1 0 0 
1 0 0 
0.96 0 0 
0.98 0 0 
0.8 0 0 
0.93 0 0 
0.94 0 0 
0.75 0 0 
0.88 0 0 
0.86 0 0 
1.04 0 0 
1.2 0 0 
1.1 0 0 
1 0 0 
1.01 0 0 
1.16 0 0 
1.11 0 0 
1.17 0 0 
1.17 0 0 
1.18 0 0 
1.06 0 0 
0.9 0 0 
1.07 0 0 
1.05 0 0 
0.92 0 0 
1.08 0 0 
1.15 0 0 
1.03 0 0 
1.21 0 0 
1.13 0 0 
1 0 0 
1.05 0 0 
1.13 0 0 
0.98 0 0 
0.97 0 0 
1 0 0 
1.02 0 0 
1.18 0 0 
1.14 0 0 
1.15 0 0 
0.97 0 0 
0.81 0 0 
1.18 0 0 
1.14 0 0 
0.91 0 0 
0.81 0 0 
0.92 0 0 
0.86 0 0 
0.75 0 0 
0.62 0 0 
0.86 0 0 
1.04 15000 0 
0.89 15000 0 
0.81 15000 0 
1.1 15000 0 
1.18 15000 0 
0.91 15000 0 
1 15000 0 
1.16 15000 0 
0.92 15000 0 
1.01 15000 0 
1.11 15000 0 
1.16 15000 0 
1.09 15000 0 
1.04 15000 0 
0.76 15000 0 
0.91 15000 0 
1.01 15000 0 
1.05 15000 0 
0.87 15000 0 
0.79 15000 0 
0.97 15000 0 
1 15000 0 
1.07 15000 0 
1.21 15000 0 
1.02 15000 0 
0.94 15000 0 
0.69 15000 0 
0.79 15000 0 
1.08 15000 0 
0.92 15000 0 
0.95 15000 0 
1.03 15000 0 
0.82 15000 0 
0.82 15000 0 
0.94 15000 0 
0.97 15000 0 
0.64 15000 0 
0.65 15000 0 
0.99 15000 0 
1.12 15000 0 
1.18 15000 0 
1.2 15000 0 
0.99 15000 0 
0.98 15000 0 
0.97 15000 0 
1.07 15000 0 
0.85 15000 0 
0.82 15000 0 
0.94 15000 159 
1.04 15000 321 
0.89 15000 484 
0.86 15000 647 
0.71 15000 810 
0.95 15000 972 
0.87 15000 1135 
0.65 15000 1297 
0.96 15000 1460 
0.94 15000 1623 
0.88 15000 1785 
0.93 15000 1948 
0.73 15000 2111 
0.78 15000 2273 
0.89 15000 2436 
0.74 15000 2599 
0.63 15000 2761 
0.77 15000 2924 
0.63 15000 3087 
0.75 15000 3249 
0.84 15000 3412 
0.81 15000 3575 
0.75 15000 3737 
0.75 15000 3900 
0.92 15000 4063 
1.13 15000 4225 
0.97 15000 4388 
0.94 15000 4551 
0.92 15000 4714 
0.92 15000 4876 
0.94 15000 5039 
0.74 15000 5202 
0.72 15000 5364 
0.98 15000 5527 
1.08 15000 5690 
0.83 15000 5852 
0.74 15000 6015 
0.73 15000 6178 
0.85 15000 6340 
0.91 15000 6503 
1 15000 6666 
0.8 15000 6828 
0.86 15000 6991 
0.79 15000 7154 
0.73 15000 7316 
0.86 15000 7479 
0.89 15000 7642 
1.05 15000 7804 
0.86 15000 7967 
0.9 15000 8130 
1.14 15000 8292 
0.94 15000 8455 
0.65 15000 8618 
0.73 15000 8780 
0.92 15000 8943 
0.85 15000 9106 
0.84 15000 9268 
0.93 15000 9431 
0.93 15000 9594 
1 15000 9757 
0.7 15000 9919 
0.79 15000 10081 
1.02 15000 10244 
0.97 15000 10407 
0.86 15000 10570 
0.61 15000 10732 
0.75 15000 10895 
0.76 15000 11058 
0.69 15000 11220 
0.93 15000 11383 
1.14 15000 11546 
1.06 15000 11708 
0.87 15000 11871 
1.09 15000 12034 
1.16 15000 12196 
1.09 15000 12359 
1.03 15000 12522 
0.79 15000 12684 
0.74 15000 12847 
0.83 15000 13010 
0.96 15000 13172 
1.06 15000 13335 
1.16 15000 13498 
0.99 15000 13661 
0.56 15000 13823 
0.74 15000 13986 
1.01 15000 14149 
0.75 15000 14311 
0.76 15000 14474 
0.86 15000 14636 
1.05 15000 14799 
0.93 15000 14962 
0.8 15000 15124 
0.75 15000 15287 
0.94 15000 15450 
0.89 15000 15612 
1.07 15000 15775 
1.1 15000 15938 
1.12 15000 16100 
1 15000 16263 
0.92 15000 16426 
0.67 15000 16588 
0.8 15000 16751 
1.02 15000 16914 
0.85 15000 17076 
0.89 15000 17239 
0.96 15000 17402 
0.65 15000 17564 
0.73 15000 17727 
1.08 15000 17890 
1.13 15000 18052 
1.01 15000 18215 
0.9 15000 18378 
0.71 15000 18540 
0.69 15000 18703 
0.76 15000 18866 
0.87 15000 19028 
1 15000 19191 
0.93 15000 19354 
0.95 15000 19516 
1.01 15000 19679 
0.79 15000 19842 
0.78 15000 20004 
1.01 15000 20167 
1.03 15000 20330 
0.95 15000 20493 
1.01 15000 20655 
1.13 15000 20818 
0.86 15000 20980 
0.59 15000 21143 
0.85 15000 21306 
0.89 15000 21468 
0.88 15000 21631 
0.98 15000 21794 
0.88 15000 21956 
0.87 15000 22119 
0.74 15000 22282 
0.79 15000 22444 
0.85 15000 22607 
0.65 15000 22770 
0.62 15000 22932 
0.94 15000 23095 
0.86 15000 23258 
0.65 15000 23420 
0.82 15000 23583 
1.01 15000 23746 
0.96 15000 23909 
0.85 15000 24071 
0.71 15000 24234 
0.87 15000 24396 
0.83 15000 24559 
0.95 15000 24722 
0.95 15000 24884 
1.05 15000 25047 
0.92 15000 25210 
0.99 15000 25372 
1.06 15000 25535 
0.86 15000 25698 
1.02 15000 25860 
1.04 15000 26023 
0.54 15000 26186 
0.58 15000 26348 
0.83 15000 26511 
0.9 15000 26674 
0.85 15000 26836 
0.76 15000 26999 
0.65 15000 27162 
0.79 15000 27324 
0.7 15000 27487 
0.76 15000 27650 
0.78 15000 27813 
0.7 15000 27975 
0.79 15000 28138 
0.78 15000 28300 
0.77 15000 28463 
0.68 15000 28626 
0.75 15000 28788 
0.82 15000 28951 
0.58 15000 29114 
0.75 15000 29276 
0.83 15000 29439 
0.75 15000 29602 
0.76 15000 29764 
0.84 15000 29927 
0.75 15000 30090 
0.82 15000 30252 
0.94 15000 30415 
0.95 15000 30578 
0.87 15000 30740 
0.86 15000 30903 
0.83 15000 31066 
0.71 15000 31228 
0.65 15000 31391 
0.89 15000 31554 
1.04 15000 31716 
0.91 15000 31879 
0.65 15000 32042 
0.79 15000 32204 
0.7 15000 32367 
0.8 15000 32530 
0.89 15000 32692 
0.96 15000 32855 
1.07 15000 33018 
0.83 15000 33180 
0.63 15000 33343 
0.96 15000 33506 
1.15 15000 33669 
0.98 15000 33831 
0.96 15000 33994 
0.99 15000 34157 
0.93 15000 34319 
0.94 15000 34482 
0.91 15000 34645 
0.86 15000 34807 
0.9 15000 34970 
1.03 15000 35133 
0.99 15000 35295 
1.05 15000 35458 
0.89 15000 35621 
0.93 15000 35783 
0.95 15000 35946 
0.78 15000 36109 
0.88 15000 36271 
0.97 15000 36434 
0.88 15000 36597 
1.02 15000 36759 
1.1 15000 36922 
1.02 15000 37085 
0.91 15000 37248 
0.92 15000 37410 
1.02 15000 37573 
0.79 15000 37735 
0.81 15000 37898 
1.1 15000 38061 
1.02 15000 38223 
0.83 15000 38386 
0.92 15000 38549 
0.91 15000 38711 
1.18 15000 38874 
0.94 15000 39037 
1.11 15000 39200 
1.38 15000 39362 
1.42 15000 39525 
1.16 15000 39687 
0.85 15000 39850 
0.69 15000 40013 
0.85 15000 40175 
0.85 15000 40338 
0.76 15000 40501 
1.18 15000 40663 
1.12 15000 40826 
0.97 15000 40989 
0.97 15000 41151 
1 15000 41314 
0.87 15000 41477 
1.08 15000 41640 
1.24 15000 41802 
0.88 15000 41965 
0.91 15000 42128 
1.07 15000 42290 
1.1 15000 42453 
1.09 15000 42616 
0.94 15000 42778 
0.88 15000 42941 
1.05 15000 43104 
1.05 15000 43266 
0.89 15000 43429 
1.05 15000 43592 
1.04 15000 43755 
1.16 15000 43917 
1.13 15000 44080 
1.09 15000 44243 
0.93 15000 44405 
0.71 15000 44568 
0.69 15000 44731 
0.83 15000 44893 
0.85 15000 45056 
0.7 15000 45219 
0.73 15000 45381 
0.49 15000 45544 
0.67 15000 45707 
1.01 15000 45869 
0.87 15000 46032 
0.97 15000 46195 
0.96 15000 46358 
0.94 15000 46520 
0.99 15000 46682 
0.81 15000 46845 
0.98 15000 47008 
1.01 15000 47170 
0.79 15000 47333 
0.58 15000 47496 
0.75 15000 47658 
1.02 15000 47821 
0.96 15000 47984 
1.01 15000 48146 
0.97 15000 48309 
0.9 15000 48472 
0.9 15000 48634 
0.95 15000 48797 
0.87 15000 48960 
0.77 15000 49123 
1 15000 49285 
0.75 15000 49448 
0.65 15000 49611 
0.86 15000 49773 
1.14 15000 49936 
0.89 15000 50099 
0.66 15000 50261 
0.71 15000 50424 
0.73 15000 50587 
0.73 15000 50749 
0.94 15000 50912 
1.14 15000 51075 
0.79 15000 51237 
1 15000 51400 
1.16 15000 51563 
0.85 15000 51725 
0.73 15000 51888 
0.77 15000 52051 
0.97 15000 52214 
0.81 15000 52376 
0.78 15000 52538 
0.58 15000 52701 
0.69 15000 52864 
0.92 15000 53026 
0.78 15000 53189 
0.6 15000 53352 
0.68 15000 53514 
1.11 15000 53677 
1.14 15000 53840 
0.85 15000 54002 
0.67 15000 54165 
0.77 15000 54328 
0.62 15000 54490 
0.73 15000 54653 
0.85 15000 54816 
0.97 15000 54979 
0.87 15000 55141 
0.87 15000 55304 
0.71 15000 55466 
0.84 15000 55629 
1.15 15000 55792 
1.07 15000 55954 
0.97 15000 56117 
0.86 15000 56280 
0.94 15000 56442 
0.81 15000 56605 
0.79 15000 56768 
0.89 15000 56930 
0.98 15000 57093 
0.98 15000 57256 
0.9 15000 57418 
0.98 15000 57581 
0.96 15000 57744 
0.97 15000 57907 
0.7 15000 58069 
0.65 15000 58231 
0.76 15000 58394 
0.79 15000 58557 
0.68 15000 58720 
0.82 15000 58882 
1 15000 59045 
0.85 15000 59208 
0.85 15000 59370 
0.88 15000 59533 
0.8 15000 59696 
0.92 15000 59858 
1.08 15000 60021 
1.04 15000 60184 
0.88 15000 60347 
0.82 15000 60509 
0.72 15000 60672 
0.79 15000 60835 
0.88 15000 60997 
0.89 15000 61160 
0.92 15000 61323 
0.96 15000 61485 
0.85 15000 61648 
0.89 15000 61811 
0.85 15000 61973 
0.95 15000 62136 
1.04 15000 62299 
1.11 15000 62461 
1.06 15000 62624 
0.65 15000 62787 
0.71 15000 62950 
0.79 15000 63112 
1.01 15000 63275 
0.94 15000 63438 
0.83 15000 63600 
0.86 15000 63763 
0.84 15000 63926 
0.97 15000 64088 
0.83 15000 64251 
0.88 15000 64414 
0.83 15000 64576 
0.86 15000 64739 
0.9 15000 64902 
0.78 15000 65064 
0.78 15000 65227 
0.79 15000 65390 
0.99 15000 65552 
1.02 15000 65715 
0.79 15000 65878 
0.79 15000 66040 
0.97 15000 66202 
0.98 15000 66365 
0.9 15000 66528 
0.86 15000 66690 
1 15000 66853 
0.99 15000 67016 
1 15000 67178 
0.75 15000 67341 
0.86 15000 67504 
1.26 15000 67666 
1.33 15000 67829 
0.93 15000 67992 
0.98 15000 68155 
0.86 15000 68317 
0.79 15000 68480 
1.02 15000 68642 
0.73 15000 68805 
0.64 15000 68968 
0.96 15000 69130 
1.07 15000 69293 
1.1 15000 69456 
1.02 15000 69618 
0.89 15000 69781 
0.95 15000 69944 
1.06 15000 70106 
0.96 15000 70269 
0.94 15000 70432 
1.07 15000 70594 
1.1 15000 70757 
0.91 15000 70920 
0.58 15000 71082 
0.59 15000 71245 
1.03 15000 71408 
1.2 15000 71570 
1.14 15000 71733 
0.99 15000 71896 
0.88 15000 72058 
0.85 15000 72221 
0.89 15000 72384 
0.76 15000 72546 
0.62 15000 72709 
0.78 15000 72872 
0.92 15000 73035 
0.99 15000 73197 
0.95 15000 73360 
0.77 15000 73522 
0.89 15000 73685 
1 15000 73848 
0.95 15000 74010 
1 15000 74173 
0.88 15000 74336 
0.93 15000 74498 
0.79 15000 74661 
0.69 15000 74824 
0.65 15000 74986 
0.69 15000 75149 
1.12 15000 75312 
1.01 15000 75475 
0.8 15000 75637 
0.87 15000 75800 
0.69 15000 75962 
0.88 15000 76125 
1.03 15000 76288 
0.96 15000 76450 
0.89 15000 76613 
0.72 15000 76776 
0.77 15000 76938 
0.79 15000 77101 
0.6 15000 77264 
0.76 15000 77427 
0.73 15000 77589 
0.94 15000 77752 
1.09 15000 77915 
0.99 15000 78077 
0.85 15000 78240 
0.85 15000 78403 
0.86 15000 78565 
0.95 15000 78728 
1.02 15000 78891 
0.89 15000 79053 
0.69 15000 79216 
0.84 15000 79379 
0.82 15000 79542 
0.89 15000 79704 
1.08 15000 79867 
1.07 15000 80030 
1 15000 80192 
1.07 15000 80355 
1.24 15000 80518 
1.18 15000 80680 
0.95 15000 80843 
0.95 15000 81006 
0.98 15000 81168 
0.85 15000 81331 
0.75 15000 81494 
0.73 15000 81656 
0.77 15000 81819 
0.85 15000 81982 
0.68 15000 82145 
0.55 15000 82307 
0.73 15000 82470 
0.88 15000 82633 
0.63 15000 82795 
0.78 15000 82958 
0.89 15000 83121 
0.99 15000 83283 
0.87 15000 83446 
0.8 15000 83609 
0.8 15000 83771 
0.76 15000 83934 
0.84 15000 84097 
0.79 15000 84260 
1 15000 84422 
1.08 15000 84585 
0.66 15000 84748 
1.08 15000 85073 
0.93 15000 85236 
0.88 15000 85398 
0.91 15000 85561 
0.9 15000 86040 
1.12 15000 86528 
1.03 15000 87016 
1.03 15000 87504 
1.22 15000 87992 
1.07 15000 88480 
0.83 15000 88968 
0.71 15000 89456 
0.7 15000 89944 
0.76 15000 90432 
0.69 15000 90920 
0.8 15000 91408 
0.97 15000 91896 
0.85 15000 92385 
0.63 15000 92873 
0.55 15000 93361 
0.44 15000 93849 
0.52 15000 94337 
0.55 15000 94825 
0.8 15000 95313 
0.73 15000 95801 
0.67 15000 96289 
0.65 15000 96776 
0.63 15000 97264 
0.68 15000 97752 
0.69 15000 98240 
0.7 15000 98728 
0.7 15000 99216 
0.75 15000 99705 
0.64 15000 100193 
0.74 15000 100681 
0.66 15000 101169 
0.55 15000 101657 
0.72 15000 102145 
0.78 15000 102633 
0.86 15000 103120 
0.99 15000 103608 
0.8 15000 104096 
0.67 15000 104584 
0.71 15000 105072 
0.91 15000 105560 
1.02 15000 106049 
0.84 15000 106537 
0.83 15000 107025 
0.7 15000 107513 
1.02 15000 108001 
1.08 15000 108489 
0.68 15000 108977 
0.6 15000 109465 
0.92 15000 109953 
0.9 15000 110441 
0.88 15000 110929 
0.86 15000 111417 
0.79 15000 111905 
0.77 15000 112393 
0.76 15000 112881 
0.98 15000 113370 
0.72 15000 113858 
0.74 15000 114346 
0.91 15000 114834 
1 15000 115322 
0.91 15000 115810 
0.86 15000 116298 
0.81 15000 116785 
0.64 15000 117273 
0.82 15000 117761 
0.75 15000 118249 
0.6 15000 118737 
0.65 15000 119226 
0.84 15000 119714 
0.83 15000 120202 
0.75 15000 120690 
0.76 15000 121178 
0.63 15000 121666 
0.75 15000 122153 
0.88 15000 122641 
0.99 15000 123129 
0.7 15000 123617 
0.71 15000 124105 
0.84 15000 124594 
0.65 15000 125082 
0.67 15000 125570 
0.8 15000 126058 
0.76 15000 126546 
0.79 15000 127034 
0.79 15000 127522 
0.73 15000 128010 
0.59 15000 128498 
0.71 15000 128986 
1 15000 129474 
0.91 15000 129962 
0.82 15000 130451 
0.76 15000 130939 
0.66 15000 131427 
0.51 15000 131915 
0.75 15000 132403 
1.06 15000 132891 
0.86 15000 133379 
0.72 15000 133867 
0.8 15000 134355 
0.65 15000 134843 
0.86 15000 135331 
1.02 15000 135819 
0.92 15000 136308 
0.85 15000 136796 
0.92 15000 137284 
0.86 15000 137772 
0.98 15000 138260 
0.84 15000 138748 
0.88 15000 139236 
0.84 15000 139724 
0.84 15000 140212 
0.66 15000 140701 
0.75 15000 141189 
0.84 15000 141677 
0.72 15000 142165 
0.74 15000 142653 
0.84 15000 143141 
0.74 15000 143628 
0.76 15000 144115 
0.95 15000 144603 
0.81 15000 145091 
0.84 15000 145579 
0.68 15000 146067 
0.69 15000 146555 
0.62 15000 147044 
0.64 15000 147532 
0.87 15000 148020 
0.86 15000 148508 
0.71 15000 148995 
0.88 15000 149483 
0.84 15000 149971 
0.94 15000 150459 
1.1 15000 150947 
0.87 15000 151436 
0.7 15000 151924 
0.75 15000 152412 
0.53 15000 152900 
0.54 15000 153388 
0.52 15000 153876 
0.89 15000 154364 
1.09 15000 154852 
0.97 15000 155340 
0.75 15000 155829 
0.61 15000 156317 
0.68 15000 156805 
0.62 15000 157293 
0.85 15000 157780 
0.94 15000 158268 
0.86 15000 158756 
0.76 15000 159244 
0.75 15000 159733 
0.61 15000 160221 
0.75 15000 160709 
0.64 15000 161197 
0.78 15000 161685 
0.8 15000 162173 
0.73 15000 162661 
0.71 15000 163149 
0.7 15000 163637 
0.72 15000 164125 
0.8 15000 164613 
0.83 15000 165101 
0.68 15000 165590 
0.78 15000 166078 
0.89 15000 166566 
0.95 15000 167054 
0.85 15000 167542 
0.74 15000 168030 
0.85 15000 168517 
0.75 15000 169005 
0.75 15000 169493 
0.88 15000 169981 
0.83 15000 170470 
0.71 15000 170958 
0.67 15000 171446 
0.71 15000 171934 
0.83 15000 172422 
0.98 15000 172910 
1.11 15000 173398 
0.87 15000 173886 
0.96 15000 174374 
0.94 15000 174862 
0.82 15000 175350 
0.88 15000 175838 
0.79 15000 176326 
0.76 15000 176814 
0.64 15000 177302 
0.77 15000 177791 
0.71 15000 178279 
0.72 15000 178767 
0.78 15000 179255 
0.77 15000 179743 
0.79 15000 180231 
0.75 15000 180719 
0.88 15000 181207 
0.94 15000 181695 
0.68 15000 182183 
0.44 15000 182671 
0.64 15000 183159 
0.65 15000 183647 
0.67 15000 184135 
0.71 15000 184624 
0.8 15000 185112 
0.81 15000 185600 
0.83 15000 186088 
0.54 15000 186576 
0.79 15000 187063 
0.94 15000 187551 
0.94 15000 188039 
1.06 15000 188527 
1.04 15000 189016 
0.83 15000 189504 
0.65 15000 189992 
0.68 15000 190480 
0.78 15000 190968 
0.81 15000 191456 
0.96 15000 191944 
0.88 15000 192920 
1.09 15000 192936 
1.12 15000 192936 
0.72 15000 192936 
0.95 15000 192936 
0.86 15000 192936 
0.8 15000 192936 
0.57 15000 192936 
0.75 15000 192936 
1.14 15000 192936 
1.01 15000 192936 
0.76 15000 192936 
0.54 15000 192936 
0.55 15000 192936 
0.84 15000 192936 
0.85 15000 192936 
0.86 15000 192936 
0.9 15000 192936 
1.15 15000 192936 
0.97 15000 192936 
0.96 15000 192936 
0.93 15000 192936 
0.82 15000 192936 
0.85 15000 192936 
1.01 15000 192936 
0.82 15000 192936 
0.8 15000 192936 
0.95 15000 192936 
0.79 15000 192936 
1.07 15000 192936 
0.98 15000 192936 
0.67 15000 192936 
0.69 15000 192936 
0.75 15000 192936 
0.76 15000 192936 
0.91 15000 192936 
0.93 15000 192936 
0.93 15000 192936 
0.71 15000 192936 
0.87 15000 192936 
0.86 15000 192936 
0.64 15000 192936 
0.57 15000 192936 
0.76 15000 192936 
0.97 15000 192936 
0.71 15000 192936 
0.64 15000 192936 
0.68 15000 192936 
0.96 15000 192936 
0.7 15000 192936 
0.46 15000 192936 
0.62 15000 192936 
0.8 15000 192936 
0.71 15000 192936 
0.62 15000 192936 
0.77 15000 193410 
0.65 15000 193898 
0.42 15000 193929 
0.52 15000 193944 
0.79 15000 193960 
0.89 15000 193976 
0.99 15000 193992 
0.84 15000 194007 
0.61 15000 194023 
0.65 15000 194039 
0.83 15000 194055 
0.86 15000 194070 
0.85 15000 194086 
0.68 15000 194102 
1.05 15000 194118 
0.97 15000 194133 
0.65 15000 194149 
0.66 15000 194165 
0.79 15000 194181 
0.87 15000 194196 
0.89 15000 194212 
0.69 15000 194228 
0.59 15000 194244 
0.83 15000 194259 
0.94 15000 194275 
0.91 15000 194291 
1.01 15000 194307 
1.1 15000 194322 
0.86 15000 194338 
0.58 15000 194354 
0.64 15000 194370 
0.75 15000 194385 
0.58 15000 194401 
0.82 15000 194417 
1 15000 194433 
0.92 15000 194448 
0.89 15000 194464 
0.75 15000 194480 
0.69 15000 194495 
0.75 15000 194511 
0.71 15000 194527 
0.76 15000 194543 
0.58 15000 194558 
0.87 15000 194574 
1.09 15000 194590 
0.75 15000 194606 
0.55 15000 194621 
0.86 15000 194637 
1.13 15000 194653 
0.96 15000 194669 
0.75 15000 194684 
0.93 15000 194700 
1.03 15000 194716 
0.8 15000 194732 
0.65 15000 194747 
0.69 15000 194763 
0.78 15000 194779 
0.74 15000 194795 
1.03 15000 194810 
0.98 15000 194826 
0.95 15000 194842 
0.89 15000 194858 
0.86 15000 194873 
0.82 15000 194889 
0.79 15000 194905 
0.94 15000 194921 
0.97 15000 194936 
0.97 15000 194952 
0.85 15000 194968 
0.77 15000 194983 
0.78 15000 194999 
1 15000 195015 
1.02 15000 195031 
0.98 15000 195046 
0.85 15000 195062 
0.9 15000 195078 
0.93 15000 195094 
0.9 15000 195109 
0.82 15000 195125 
0.9 15000 195141 
0.82 15000 195157 
0.97 15000 195172 
0.89 15000 195188 
0.95 15000 195204 
0.85 15000 195220 
0.92 15000 195235 
0.98 15000 195251 
0.77 15000 195267 
0.91 15000 195283 
0.84 15000 195298 
0.75 15000 195314 
0.76 15000 195330 
0.75 15000 195345 
0.75 15000 195361 
0.71 15000 195377 
0.62 15000 195393 
0.68 15000 195408 
0.6 15000 195424 
0.63 15000 195440 
0.44 15000 195456 
0.76 15000 195471 
0.91 15000 195487 
0.97 15000 195503 
0.99 15000 195519 
1.14 15000 195534 
1.25 15000 195550 
1.03 15000 195566 
0.91 15000 195582 
0.9 15000 195597 
0.86 15000 195613 
0.61 15000 195629 
0.7 15000 195645 
0.75 15000 195660 
0.87 15000 195676 
0.8 15000 195692 
0.71 15000 195708 
0.88 15000 195723 
0.83 15000 195739 
0.76 15000 195755 
0.87 15000 195771 
0.99 15000 195786 
1.07 15000 195802 
0.75 15000 195818 
0.65 15000 195834 
0.95 15000 195849 
1 15000 195865 
0.83 15000 195881 
0.73 15000 195896 
0.86 15000 195912 
0.83 15000 195928 
0.8 15000 195944 
0.73 15000 195959 
0.75 15000 195975 
1.16 15000 195991 
0.96 15000 196007 
0.86 15000 196022 
0.97 15000 196023 
0.67 15000 196023 
0.75 15000 196023 
0.95 15000 196023 
0.82 15000 196023 
0.65 15000 196023 
0.58 15000 196023 
0.86 15000 196023 
0.95 15000 196023 
1.14 15000 196023 
1.12 15000 196023 
1.17 15000 196023 
0.98 15000 196023 
0.86 15000 196023 
0.92 15000 196023 
0.69 15000 196023 
0.73 15000 196023 
0.78 15000 196023 
0.85 15000 196023 
0.78 15000 196023 
0.86 15000 196023 
0.78 15000 196023 
1.05 15000 196023 
1.08 15000 196023 
1 15000 196023 
0.95 15000 196023 
0.73 15000 196023 
1.05 15000 196023 
1.05 15000 196023 
1.08 15000 196023 
0.91 15000 196023 
0.91 15000 196023 
1.13 15000 196023 
0.96 15000 196023 
0.81 15000 196023 
0.92 15000 196023 
0.95 15000 196023 
1.04 15000 196023 
0.87 15000 196023 
0.75 15000 196023 
0.97 15000 196023 
1.04 15000 196023 
0.85 15000 196023 
0.81 15000 196023 
0.65 15000 196023 
0.82 15000 196023 
1.01 15000 196023 
0.89 15000 196023 
0.93 15000 196023 
0.97 15000 196023 
0.83 15000 196023 
0.76 15000 196023 
0.87 15000 196023 
0.81 15000 196023 
0.76 15000 196023 
0.89 15000 196023 
0.87 15000 196023 
0.76 15000 196023 
0.72 15000 196023 
0.75 15000 196023 
0.6 15000 196023 
0.7 15000 196023 
0.74 15000 196023 
0.84 15000 196023 
0.96 15000 196023 
0.92 15000 196023 
0.86 15000 196023 
0.72 15000 196023 
0.82 15000 196023 
1.03 15000 196023 
1.23 15000 196023 
1.1 15000 196023 
0.85 15000 196023 
0.84 15000 196023 
0.62 15000 196023 
0.79 15000 196023 
0.85 15000 196023 
0.69 15000 196023 
0.93 15000 196023 
0.97 15000 196023 
0.86 15000 196023 
0.93 15000 196023 
1.18 15000 196023 
1.05 15000 196023 
0.97 15000 196023 
0.82 15000 196023 
0.75 20000 196023 
0.7 20000 196023 
0.7 20000 196023 
0.87 20000 196023 
0.74 20000 196023 
0.7 20000 196023 
0.89 20000 196023 
0.75 20000 196023 
1.07 20000 196023 
1.02 20000 196023 
0.98 20000 196023 
0.94 20000 196023 
0.74 20000 196023 
0.56 20000 196023 
0.54 20000 196023 
0.49 20000 196039 
0.73 20000 196055 
0.94 20000 196070 
0.7 20000 196086 
0.84 20000 196102 
0.8 20000 196117 
0.88 20000 196133 
1.03 20000 196149 
0.87 20000 196165 
0.84 20000 196180 
0.91 20000 196196 
0.87 20000 196212 
0.6 20000 196228 
0.59 20000 196243 
0.62 20000 196259 
0.82 20000 196275 
0.91 20000 196291 
0.92 20000 196306 
0.75 20000 196322 
0.73 20000 196338 
0.9 20000 196354 
0.98 20000 196369 
0.93 20000 196385 
1.09 20000 196401 
1.01 20000 196417 
0.81 20000 196432 
0.92 20000 196448 
0.83 20000 196464 
0.75 20000 196480 
1.02 20000 196495 
0.92 20000 196511 
0.87 20000 196527 
0.73 20000 196543 
0.69 20000 196558 
0.71 20000 196574 
0.71 20000 196590 
0.71 20000 196606 
0.93 20000 196621 
0.94 20000 196637 
0.71 20000 196653 
0.74 20000 196669 
0.82 20000 196684 
0.86 20000 196700 
0.89 20000 196716 
0.79 20000 196732 
0.86 20000 196747 
0.79 20000 196763 
0.83 20000 196779 
0.64 20000 196794 
0.61 20000 196810 
0.77 20000 196826 
0.84 20000 196842 
0.78 20000 196857 
0.89 20000 196873 
0.87 20000 196889 
0.7 20000 196905 
0.61 20000 196920 
0.53 20000 196936 
0.68 20000 196952 
0.92 20000 196968 
0.84 20000 196983 
0.83 20000 196999 
1.31 20000 197015 
1.97 20000 197031 
8.41 20000 197046 
30.69 20000 197062 
61.73 20000 197078 
95.62 20000 197094 
131.44 20000 197109 
167.97 20000 197125 
205.37 20000 197141 
242.05 20000 197157 
278.2 20000 197172 
313.7 20000 197188 
348.6 20000 197204 
384.46 20000 197220 
422.14 20000 197235 
460.66 20000 197251 
499.76 20000 197267 
538.25 20000 197283 
576.14 20000 197298 
614.36 20000 197314 
653.53 20000 197330 
694.3 20000 197345 
736.49 20000 197361 
779.35 20000 197377 
823.58 20000 197393 
869.39 20000 197408 
917.26 20000 197424 
967.54 20000 197440 
1020.19 20000 197456 
1075.58 20000 197471 
1132.98 20000 197487 
1190.36 20000 197503 
1246.64 20000 197519 
1302.79 20000 197534 
1359.39 20000 197550 
1415.21 20000 197566 
1469.27 20000 197582 
1523.11 20000 197597 
1574.29 20000 197613 
1623.32 20000 197629 
1672.3 20000 197645 
1714.08 20000 197660 
1756.39 20000 197676 
1801.41 20000 197692 
1841.26 20000 197708 
1888.2 20000 197723 
1944.33 20000 197739 
2002.46 20000 197755 
2060.01 20000 197771 
2119.14 20000 197786 
2179.91 20000 197802 
2240.12 20000 197818 
2299.46 20000 197834 
2362.9 20000 197849 
2428.69 20000 197865 
2495.72 20000 197881 
2561.83 20000 197897 
2629.3 20000 197912 
2697.16 20000 197928 
2766.99 20000 197944 
2835.95 20000 197959 
2905.76 20000 197975 
2976.31 20000 197991 
3048.17 20000 198007 
3119.08 20000 198022 
3190.5 20000 198038 
3261.97 20000 198054 
3335.05 20000 198070 
3407.72 20000 198085 
3481.39 20000 198101 
3555.25 20000 198117 
3629.89 20000 198133 
3704.3 20000 198148 
3778.44 20000 198164 
3851.52 20000 198180 
3924.21 20000 198196 
3996.64 20000 198211 
4069.8 20000 198227 
4142.93 20000 198243 
4216.41 20000 198259 
4289.71 20000 198274 
4362.49 20000 198290 
4435.81 20000 198306 
4509.88 20000 198322 
4584.13 20000 198337 
4657.84 20000 198353 
4731.36 20000 198369 
4805.81 20000 198385 
4881.12 20000 198400 
4956.45 20000 198416 
5032.53 20000 198432 
5108.78 20000 198448 
5185.18 20000 198463 
5261.23 20000 198479 
5338.19 20000 198495 
5415.23 20000 198511 
5492.41 20000 198526 
5569.24 20000 198542 
5647.63 20000 198558 
5725.83 20000 198574 
5804.19 20000 198589 
5882.71 20000 198605 
5963.15 20000 198621 
6042.79 20000 198637 
6122.31 20000 198652 
6200.89 20000 198668 
6281.03 20000 198684 
6362.28 20000 198700 
6444.28 20000 198715 
6525.04 20000 198731 
6607.89 20000 198747 
6691.58 20000 198762 
6776.56 20000 198778 
6859.68 20000 198794 
6943.78 20000 198810 
7028.41 20000 198825 
7114.9 20000 198841 
7200.46 20000 198857 
7287.03 20000 198873 
7374.13 20000 198888 
7462.78 20000 198904 
7549.86 20000 198920 
7637.52 20000 198936 
7725.69 20000 198951 
7815.76 20000 198967 
7904.37 20000 198983 
7992.97 20000 198999 
8081.93 20000 199014 
8173.08 20000 199030 
8264.85 20000 199046 
8356.75 20000 199062 
8448.26 20000 199077 
8540.27 20000 199093 
8630.56 20000 199109 
8720.64 20000 199125 
8812.19 20000 199140 
8905 20000 199156 
8996.47 20000 199172 
9087.28 20000 199188 
9178.61 20000 199203 
9271.74 20000 199219 
9365.16 20000 199235 
9458.23 20000 199251 
9552.31 20000 199266 
9648.14 20000 199282 
9744.64 20000 199298 
9840.06 20000 199314 
9935.24 20000 199329 
10030.42 20000 199345 
10125.94 20000 199361 
10221.18 20000 199377 
10317.73 20000 199392 
10415.43 20000 199408 
10514.81 20000 199424 
10613.06 20000 199439 
10711.1 20000 199455 
10809.48 20000 199471 
10908.91 20000 199487 
11006.99 20000 199502 
11106.53 20000 199518 
11207.4 20000 199534 
11310.98 20000 199550 
11413.13 20000 199565 
11514.21 20000 199581 
11614.67 20000 199597 
11717.26 20000 199613 
11818.28 20000 199628 
11919.09 20000 199644 
12019.57 20000 199660 
12121.59 20000 199676 
12221.76 20000 199691 
12320.81 20000 199707 
12418.6 20000 199723 
12518.66 20000 199739 
12617.79 20000 199754 
12716.74 20000 199770 
12813.9 20000 199786 
12913.13 20000 199802 
13012.54 20000 199817 
13111.75 20000 199833 
13211.19 20000 199849 
13312.92 20000 199865 
13414.49 20000 199880 
13515.37 20000 199896 
13615.23 20000 199912 
13716.87 20000 199928 
13818.74 20000 199943 
13921.72 20000 199959 
14023.52 20000 199975 
14127.29 20000 199990 
14231.53 20000 200006 
14334.82 20000 200022 
14436.02 20000 200038 
14539.75 20000 200053 
14646.77 20000 200069 
14754.16 20000 200085 
14857.85 20000 200101 
14961.76 20000 200116 
15068.07 20000 200132 
15173.89 20000 200148 
15277.75 20000 200164 
15381.35 20000 200179 
15485.81 20000 200195 
15589.17 20000 200211 
15692.03 20000 200227 
15796.85 20000 200242 
15902.68 20000 200258 
16007.52 20000 200274 
16111.61 20000 200290 
16216.09 20000 200305 
16322.04 20000 200321 
16428.93 20000 200337 
16538.28 20000 200353 
16650.54 20000 200368 
16764.42 20000 200384 
16877.84 20000 200400 
16992.66 20000 200416 
17107.35 20000 200431 
17222.66 20000 200447 
17335.88 20000 200463 
17449.52 20000 200479 
17562.6 20000 200494 
17675.73 20000 200510 
17786.57 20000 200526 
17898.29 20000 200541 
18010.45 20000 200557 
18124.22 20000 200573 
18236.79 20000 200589 
18350.56 20000 200604 
18464.15 20000 200620 
18578.9 20000 200636 
18691.08 20000 200652 
18802.65 20000 200667 
18912.88 20000 200683 
19024.6 20000 200699 
19134.29 20000 200715 
19243.6 20000 200730 
19352.96 20000 200746 
19465.05 20000 200762 
19576.36 20000 200778 
19687.49 20000 200793 
19797.66 20000 200809 
19910.04 20000 200825 
20020.58 20000 200841 
20130.75 20000 200856 
20239.77 20000 200857 
20325.73 20000 200857 
20335.93 20000 200857 
20313.53 20000 200857 
20293.9 20000 200857 
20277.31 20000 200857 
20262.88 20000 200857 
20248.87 20000 200857 
20230.95 20000 200857 
20216.33 20000 200857 
20206.6 20000 200857 
20198.75 20000 200857 
20191.8 20000 200857 
20185.49 20000 200857 
20179.82 20000 200857 
20174.19 20000 200857 
20168.75 20000 200857 
20163.72 20000 200857 
20158.63 20000 200857 
20154.1 20000 200857 
20149.9 20000 200857 
20145.74 20000 200857 
20141.55 20000 200857 
20137.7 20000 200857 
20133.97 20000 200857 
20130.13 20000 200857 
20126.53 20000 200857 
20123.2 20000 200857 
20119.97 20000 200857 
20116.81 20000 200857 
20113.57 20000 200857 
20110.56 20000 200857 
20107.52 20000 200857 
20104.72 20000 200857 
20102.1 20000 200857 
20099.82 20000 200857 
20097.13 20000 200857 
20094.51 20000 200857 
20092.16 20000 200857 
20089.65 20000 200857 
20087.14 20000 200857 
20084.79 20000 200857 
20082.69 20000 200857 
20080.66 20000 200857 
20078.3 20000 200857 
20076.39 20000 200857 
20074.21 20000 200857 
20072.09 20000 200857 
20070.29 20000 200857 
20068.37 20000 200857 
20066.42 20000 200857 
20064.41 20000 200857 
20062.52 20000 200857 
20060.63 20000 200857 
20059.11 20000 200857 
20057.49 20000 200857 
20055.71 20000 200857 
20053.83 20000 200857 
20052.19 20000 200857 
20050.85 20000 200857 
20049.17 20000 200857 
20047.55 20000 200857 
20046.34 20000 200857 
20044.72 20000 200857 
20043.05 20000 200857 
20041.57 20000 200857 
20040.28 20000 200857 
20038.95 20000 200857 
20037.33 20000 200857 
20036 20000 200857 
20034.79 20000 200857 
20033.34 20000 200857 
20031.87 20000 200857 
20030.41 20000 200857 
20029.11 20000 200857 
20027.75 20000 200857 
20026.66 20000 200857 
20025.59 20000 200857 
20024.19 20000 200857 
20023.1 20000 200857 
20021.9 20000 200857 
20020.82 20000 200857 
20019.58 20000 200857 
20018.35 20000 200857 
20017.2 20000 200857 
20015.82 20000 200857 
20014.6 20000 200857 
20013.6 20000 200857 
20012.61 20000 200857 
20011.42 20000 200857 
20010.37 20000 200857 
20009.46 20000 200857 
20008.19 20000 200857 
20007.21 20000 200857 
20006.25 20000 200857 
20005.06 20000 200857 
20004.04 20000 200857 
20003.05 20000 200857 
20002.28 20000 200857 
20001.37 20000 200857 
20000.12 20000 200857 
19999 20000 200857 
19998.08 20000 200857 
19997.19 20000 200857 
19996.04 20000 200857 
19995.39 20000 200857 
19994.57 20000 200857 
19993.61 20000 200857 
19992.61 20000 200857 
19991.66 20000 200857 
19990.67 20000 200857 
19989.88 20000 200857 
19988.96 20000 200857 
19988.23 20000 200857 
19987.31 20000 200857 
19986.23 20000 200857 
19985.45 20000 200857 
19984.69 20000 200857 
19983.8 20000 200857 
19982.9 20000 200857 
19982.1 20000 200857 
19981.24 20000 200857 
19980.32 20000 200857 
19979.52 20000 200857 
19978.76 20000 200857 
19977.87 20000 200857 
19977.16 20000 200857 
19975.92 20000 200857 
19975.11 20000 200857 
19974.59 20000 200857 
19973.69 20000 200857 
19972.89 20000 200857 
19972.07 20000 200857 
19971.44 20000 200857 
19970.75 20000 200857 
19969.88 20000 200857 
19968.98 20000 200857 
19968.2 20000 200857 
19967.72 20000 200857 
19967.17 20000 200857 
19966.31 20000 200857 
19965.61 20000 200857 
19965.09 20000 200857 
19964.61 20000 200857 
19963.83 20000 200857 
19963.04 20000 200857 
19962.16 20000 200857 
19961.24 20000 200857 
19960.59 20000 200857 
19960.16 20000 200857 
19959.6 20000 200857 
19959.16 20000 200857 
19958.48 20000 200857 
19957.66 20000 200857 
19957.06 20000 200857 
19956.31 20000 200857 
19955.53 20000 200857 
19955.19 20000 200857 
19954.7 20000 200857 
19954.08 20000 200857 
19953.28 20000 200857 
19952.66 20000 200857 
19952 20000 200857 
19951.51 20000 200857 
19950.94 20000 200857 
19950.05 20000 200857 
19949.61 20000 200857 
19949.08 20000 200857 
19948.47 20000 200857 
19948.02 20000 200857 
19947.43 20000 200857 
19946.85 20000 200857 
19946.21 20000 200857 
19945.44 20000 200857 
19944.86 20000 200857 
19944.24 20000 200857 
19943.64 20000 200857 
19943.01 20000 200857 
19942.45 20000 200857 
19941.7 20000 200857 
19941.28 20000 200857 
19940.92 20000 200857 
19940.34 20000 200857 
19939.74 20000 200857 
19939.13 20000 200857 
19938.52 20000 200857 
19937.93 20000 200857 
19937.27 20000 200857 
19936.75 20000 200857 
19936.27 20000 200857 
19935.72 20000 200857 
19935.32 20000 200857 
19934.58 20000 200857 
19933.95 20000 200857 
19932.92 20000 200857 
19932.49 20000 200857 
19931.94 20000 200857 
19931.32 20000 200857 
19930.96 20000 200857 
19930.7 20000 200857 
19929.98 20000 200857 
19929.37 20000 200857 
19928.94 20000 200857 
19928.24 20000 200857 
19927.56 20000 200857 
19927.13 20000 200857 
19926.94 20000 200857 
19926.49 20000 200857 
19925.92 20000 200857 
19925.42 20000 200857 
19924.99 20000 200857 
19924.42 20000 200857 
19923.89 20000 200857 
19923.63 20000 200857 
19923.23 20000 200857 
19922.7 20000 200857 
19922.2 20000 200857 
19921.58 20000 200857 
19921.13 20000 200857 
19920.49 20000 200857 
19920.15 20000 200857 
19919.9 20000 200857 
19919.25 20000 200857 
19918.84 20000 200857 
19918.41 20000 200857 
19917.82 20000 200857 
19917.25 20000 200857 
19916.89 20000 200857 
19916.47 20000 200857 
19915.97 20000 200857 
19915.52 20000 200857 
19915.07 20000 200857 
19914.85 20000 200857 
19914.44 20000 200857 
19913.96 20000 200857 
19913.46 20000 200857 
19912.86 20000 200857 
19912.4 20000 200857 
19911.79 20000 200857 
19911.16 20000 200857 
19910.8 20000 200857 
19910.66 20000 200857 
19910.29 20000 200857 
19909.84 20000 200857 
19909.23 20000 200857 
19908.8 20000 200857 
19908.74 20000 200857 
19906.97 20000 200857 
19906.66 20000 200857 
19906.13 20000 200857 
19905.66 20000 200857 
19905.16 20000 200857 
19904.92 20000 200857 
19904.25 20000 200857 
19903.72 20000 200857 
19903.72 20000 200857 
19903.38 20000 200857 
19903.01 20000 200857 
19902.55 20000 200857 
19902.2 20000 200857 
19901.74 20000 200857 
19901.23 20000 200857 
19900.55 20000 200857 
19900.1 20000 200857 
19899.95 20000 200857 
19899.37 20000 200857 
19898.91 20000 200857 
19898.72 20000 200857 
19898.35 20000 200857 
19897.76 20000 200857 
19897.22 20000 200857 
19896.74 20000 200857 
