3.28 20000 35981 
3.23 20000 35981 
3.5 20000 35981 
3.76 20000 35981 
3.66 20000 35981 
3.55 20000 35981 
3.36 20000 35981 
3.38 20000 35981 
3.72 20000 35981 
3.61 20000 35981 
3.71 20000 35981 
3.57 20000 35981 
3.31 20000 35981 
3.59 20000 35981 
3.58 20000 35981 
3.62 20000 35981 
3.8 20000 35981 
3.71 20000 35981 
3.71 20000 35981 
3.67 20000 35981 
3.69 20000 35981 
3.61 20000 35981 
3.84 20000 35981 
3.6 20000 35981 
3.31 20000 35981 
3.45 20000 35981 
3.46 20000 35981 
3.28 20000 35981 
3.26 20000 35981 
3.33 20000 35981 
3.43 20000 35981 
3.44 20000 36139 
3.47 20000 36302 
4.1 20000 36322 
3.88 20000 36337 
3.79 20000 36353 
3.74 20000 36369 
3.84 20000 36385 
3.7 20000 36400 
3.55 20000 36416 
3.9 20000 36432 
4.12 20000 36447 
5.02 20000 36463 
6.44 20000 36479 
8.44 20000 36495 
10.4 20000 36510 
12.75 20000 36526 
15.13 20000 36542 
17.42 20000 36557 
20.33 20000 36573 
23.72 20000 36589 
27.48 20000 36605 
31.73 20000 36620 
36.3 20000 36636 
40.59 20000 36652 
46.32 20000 36668 
52.56 20000 36683 
59.16 20000 36699 
66.44 20000 36715 
73.85 20000 36730 
80.87 20000 36746 
88.69 20000 36762 
96.26 20000 36778 
103.86 20000 36793 
111.39 20000 36809 
118.48 20000 36825 
125.26 20000 36840 
132.8 20000 36856 
140.39 20000 36872 
147.59 20000 36888 
153.86 20000 36903 
160.8 20000 36919 
167.15 20000 36935 
173.75 20000 36950 
180.84 20000 36966 
188.09 20000 36982 
194.86 20000 36998 
201.72 20000 37013 
208.59 20000 37029 
215.86 20000 37045 
223.25 20000 37061 
230.65 20000 37076 
237.71 20000 37092 
245.02 20000 37108 
252.01 20000 37123 
259.11 20000 37139 
265.89 20000 37155 
272.42 20000 37171 
278.89 20000 37186 
285.48 20000 37202 
291.97 20000 37218 
298.23 20000 37233 
304.37 20000 37249 
310.6 20000 37265 
316.74 20000 37281 
322.8 20000 37296 
329.11 20000 37312 
335.27 20000 37328 
341.45 20000 37343 
347.55 20000 37359 
353.75 20000 37375 
359.96 20000 37391 
365.96 20000 37406 
371.88 20000 37422 
378.38 20000 37438 
384.92 20000 37454 
391.26 20000 37469 
396.62 20000 37485 
401.7 20000 37501 
406.56 20000 37516 
412.44 20000 37532 
418.52 20000 37548 
424.65 20000 37564 
430.26 20000 37579 
435.94 20000 37595 
441.48 20000 37611 
447.91 20000 37626 
454.22 20000 37642 
460.15 20000 37658 
466.06 20000 37674 
471.78 20000 37689 
477.6 20000 37705 
483.43 20000 37721 
488.76 20000 37736 
494.61 20000 37752 
500.41 20000 37768 
506.56 20000 37784 
512.4 20000 37799 
518.73 20000 37815 
524.45 20000 37831 
530.39 20000 37847 
536.11 20000 37862 
541.99 20000 37878 
547.84 20000 37894 
554.23 20000 37909 
560.42 20000 37925 
566.43 20000 37941 
572.47 20000 37957 
578.51 20000 37972 
584.3 20000 37988 
590.57 20000 38004 
596.94 20000 38019 
602.65 20000 38035 
608.54 20000 38051 
614.64 20000 38067 
620.65 20000 38082 
626.73 20000 38098 
632.68 20000 38114 
638.77 20000 38129 
645.05 20000 38145 
651.6 20000 38161 
657.53 20000 38177 
663.34 20000 38192 
669.73 20000 38208 
676.13 20000 38224 
682.7 20000 38239 
688.59 20000 38255 
694.49 20000 38271 
700.42 20000 38287 
706.66 20000 38302 
712.5 20000 38318 
718.63 20000 38334 
724.52 20000 38349 
730.67 20000 38365 
736.68 20000 38381 
742.87 20000 38397 
748.18 20000 38412 
754.01 20000 38428 
759.07 20000 38444 
764.69 20000 38460 
770.67 20000 38475 
778.05 20000 38491 
784.53 20000 38507 
790.5 20000 38522 
796.37 20000 38538 
803.03 20000 38554 
809.57 20000 38570 
816.32 20000 38585 
822.58 20000 38601 
828.55 20000 38617 
834.71 20000 38632 
840.58 20000 38648 
845.75 20000 38664 
852.01 20000 38680 
858.63 20000 38695 
865.85 20000 38711 
872.37 20000 38727 
877.7 20000 38743 
883.44 20000 38758 
889.7 20000 38774 
895.54 20000 38790 
901.13 20000 38805 
906.98 20000 38821 
913.34 20000 38837 
919.14 20000 38853 
925.41 20000 38868 
931.44 20000 38884 
937.37 20000 38900 
943.37 20000 38915 
949.44 20000 38931 
956.23 20000 38947 
962.49 20000 38963 
969.19 20000 38978 
975.39 20000 38994 
980.77 20000 39010 
986.16 20000 39025 
992.17 20000 39041 
997.28 20000 39057 
1002.85 20000 39073 
1008.88 20000 39088 
1015.63 20000 39104 
1021.12 20000 39120 
1028.27 20000 39136 
1033.98 20000 39151 
1038.02 20000 39167 
1042.75 20000 39183 
1049.16 20000 39198 
1056.39 20000 39214 
1062.89 20000 39230 
1068.26 20000 39246 
1074.99 20000 39261 
1081.59 20000 39277 
1087.84 20000 39293 
1093.64 20000 39308 
1099.77 20000 39324 
1105.2 20000 39340 
1111.59 20000 39356 
1117.73 20000 39371 
1123.26 20000 39387 
1129.22 20000 39403 
1136.53 20000 39418 
1142.07 20000 39434 
1147.9 20000 39450 
1153.84 20000 39466 
1160.57 20000 39481 
1166.5 20000 39497 
1171.92 20000 39513 
1176.82 20000 39528 
1181.41 20000 39544 
1186.95 20000 39560 
1192.68 20000 39576 
1198.97 20000 39591 
1205.45 20000 39607 
1211.86 20000 39623 
1217.72 20000 39638 
1223.05 20000 39654 
1227.97 20000 39670 
1233.91 20000 39686 
1240.79 20000 39701 
1246.99 20000 39717 
1253.36 20000 39733 
1259.57 20000 39748 
1266.16 20000 39764 
1272.18 20000 39780 
1278.07 20000 39796 
1284.1 20000 39811 
1290.34 20000 39827 
1296.12 20000 39843 
1302.53 20000 39859 
1308.84 20000 39874 
1314.67 20000 39890 
1320.05 20000 39906 
1326.21 20000 39921 
1332.58 20000 39937 
1338.82 20000 39953 
1345.29 20000 39969 
1351.07 20000 39984 
1357.06 20000 40000 
1362.91 20000 40016 
1368.44 20000 40031 
1374.19 20000 40047 
1380.3 20000 40063 
1385.82 20000 40079 
1391.83 20000 40094 
1397.65 20000 40110 
1403.87 20000 40126 
1409.41 20000 40141 
1415.15 20000 40157 
1421.47 20000 40173 
1428.46 20000 40189 
1435.32 20000 40204 
1442.74 20000 40220 
1447.96 20000 40236 
1451.41 20000 40251 
1456.54 20000 40267 
1464.38 20000 40283 
1470.77 20000 40299 
1476.24 20000 40314 
1482.74 20000 40330 
1488.93 20000 40346 
1495.27 20000 40362 
1503.24 20000 40377 
1508.45 20000 40393 
1513.66 20000 40409 
1520.69 20000 40424 
1525.66 20000 40440 
1530.9 20000 40456 
1538.08 20000 40472 
1544.27 20000 40487 
1550.21 20000 40503 
1556 20000 40519 
1562.6 20000 40534 
1569.16 20000 40550 
1575.27 20000 40566 
1580.65 20000 40582 
1586.17 20000 40597 
1590.67 20000 40613 
1593.81 20000 40629 
1597.7 20000 40644 
1602.7 20000 40660 
1608.49 20000 40676 
1615.31 20000 40692 
1621.53 20000 40707 
1627.48 20000 40723 
1633.44 20000 40739 
1639.4 20000 40754 
1644.67 20000 40770 
1649.89 20000 40786 
1655.43 20000 40802 
1661.14 20000 40817 
1666.46 20000 40833 
1671.73 20000 40849 
1677.65 20000 40864 
1682.96 20000 40880 
1686.91 20000 40896 
1690.08 20000 40912 
1693.99 20000 40927 
1700.6 20000 40943 
1709.46 20000 40959 
1717.36 20000 40975 
1725.11 20000 40990 
1732.6 20000 41006 
1739.77 20000 41022 
1747.6 20000 41037 
1754.52 20000 41053 
1761.52 20000 41069 
1769.4 20000 41085 
1776.73 20000 41100 
1784.46 20000 41116 
1791.96 20000 41132 
1800.05 20000 41147 
1808.06 20000 41163 
1816.65 20000 41179 
1824.78 20000 41195 
1833.36 20000 41210 
1840.25 20000 41226 
1848.01 20000 41242 
1856.21 20000 41257 
1864.7 20000 41273 
1872.26 20000 41289 
1880.63 20000 41305 
1888.64 20000 41320 
1896.9 20000 41336 
1904.85 20000 41352 
1912.79 20000 41367 
1920.28 20000 41383 
1928.21 20000 41399 
1935.79 20000 41415 
1943.55 20000 41430 
1951.34 20000 41446 
1959.64 20000 41462 
1967.5 20000 41477 
1975.4 20000 41493 
1983.35 20000 41509 
1991.36 20000 41525 
1998.96 20000 41540 
2007.3 20000 41556 
2015.57 20000 41572 
2023.88 20000 41588 
2032.13 20000 41603 
2040.46 20000 41619 
48.89 20000 41635 
2057.27 20000 41650 
2065.19 20000 41666 
2073.1 20000 41682 
2081.39 20000 41698 
2089.29 20000 41713 
2096.35 20000 41729 
2103.6 20000 41745 
2111.74 20000 41760 
2119.88 20000 41776 
2128.34 20000 41792 
2136.76 20000 41808 
2145.49 20000 41823 
2153.89 20000 41839 
2162.46 20000 41855 
2170.82 20000 41870 
2179.98 20000 41886 
2188.89 20000 41902 
2198.12 20000 41918 
2206.64 20000 41933 
2215.54 20000 41949 
2224.47 20000 41965 
2233.28 20000 41980 
2241.13 20000 41996 
2249.47 20000 42012 
2257.38 20000 42028 
2266.28 20000 42043 
2274.95 20000 42059 
2284.43 20000 42075 
2293.52 20000 42091 
2303.05 20000 42106 
2311.78 20000 42122 
2321.41 20000 42138 
2330.21 20000 42153 
2339.86 20000 42169 
2350 20000 42185 
2360.14 20000 42201 
2369.42 20000 42216 
2379.21 20000 42232 
2388.69 20000 42248 
2399.6 20000 42263 
2409.31 20000 42279 
2418.59 20000 42295 
2427.06 20000 42311 
2436.76 20000 42326 
2446.38 20000 42342 
2456.29 20000 42358 
2465.3 20000 42373 
2475.31 20000 42389 
2485.6 20000 42405 
2495.05 20000 42421 
2504.44 20000 42436 
2514.38 20000 42452 
2524.57 20000 42468 
2534.18 20000 42483 
2543.69 20000 42499 
2554.02 20000 42515 
2564.04 20000 42531 
2573.57 20000 42546 
2583.54 20000 42562 
2593.18 20000 42578 
2603.61 20000 42593 
2613.86 20000 42609 
2624.1 20000 42625 
2634.27 20000 42641 
2645.11 20000 42656 
2655.07 20000 42672 
2665.02 20000 42688 
2675.5 20000 42703 
2687.01 20000 42719 
2697.51 20000 42735 
2708.31 20000 42751 
2719.36 20000 42766 
2731.09 20000 42782 
2741.62 20000 42798 
2753.14 20000 42813 
2764.98 20000 42829 
2777.8 20000 42845 
2790.06 20000 42861 
2802.18 20000 42876 
2813.81 20000 42892 
2826.68 20000 42908 
2837.67 20000 42923 
2849.09 20000 42939 
2859.9 20000 42955 
2871.37 20000 42971 
2881.94 20000 42986 
2894.53 20000 43002 
2907.56 20000 43018 
2921.29 20000 43033 
2934.08 20000 43049 
2946.46 20000 43065 
2959 20000 43081 
2972.12 20000 43096 
2983.97 20000 43112 
2996.14 20000 43128 
3010.9 20000 43144 
3023.17 20000 43159 
3034.18 20000 43175 
3046.13 20000 43191 
3058.3 20000 43206 
3071.75 20000 43222 
3084.77 20000 43238 
3097.49 20000 43254 
3110.01 20000 43269 
3123.29 20000 43285 
3136.2 20000 43301 
3147.39 20000 43316 
3159.23 20000 43332 
3162.95 20000 43348 
3174.74 20000 43364 
3191.46 20000 43379 
3198.2 20000 43395 
3213.36 20000 43411 
3228.31 20000 43426 
3240.79 20000 43442 
3255.45 20000 43458 
3270.89 20000 43474 
3286.11 20000 43489 
3299.82 20000 43505 
3313.89 20000 43521 
3328.55 20000 43536 
3343.3 20000 43552 
3356.54 20000 43568 
3369.73 20000 43584 
3383.72 20000 43599 
3398.91 20000 43615 
3412.81 20000 43631 
3426.99 20000 43646 
3441.43 20000 43662 
3456.98 20000 43678 
3471.58 20000 43694 
3485.74 20000 43709 
3499.76 20000 43725 
3515.6 20000 43741 
3530.45 20000 43756 
3544.93 20000 43772 
3559.68 20000 43788 
3576.13 20000 43804 
3591.79 20000 43819 
3607.2 20000 43835 
3621.61 20000 43851 
3637.26 20000 43866 
3652.16 20000 43882 
3666.75 20000 43898 
3681.97 20000 43914 
3698.38 20000 43929 
3713.77 20000 43945 
3728.55 20000 43961 
3742.83 20000 43976 
3758.92 20000 43992 
3774.46 20000 44008 
3789.88 20000 44024 
3804.95 20000 44039 
3820.93 20000 44055 
3836.65 20000 44071 
3851.93 20000 44087 
3866.97 20000 44102 
3882.67 20000 44118 
3897.87 20000 44134 
3913.1 20000 44149 
3928.75 20000 44165 
3944.99 20000 44181 
3961.01 20000 44197 
3976.67 20000 44212 
3993.23 20000 44228 
4010.21 20000 44244 
4027.26 20000 44259 
4043.93 20000 44275 
4059.83 20000 44291 
4075.59 20000 44307 
4091.9 20000 44322 
4108.89 20000 44338 
4126.13 20000 44354 
4143.13 20000 44370 
4159.91 20000 44385 
4176.22 20000 44401 
4192.85 20000 44417 
4209.27 20000 44432 
4226.34 20000 44448 
4242.38 20000 44464 
4258.93 20000 44480 
4275.31 20000 44495 
4293.12 20000 44511 
4310.18 20000 44527 
4327.86 20000 44542 
4345.27 20000 44558 
4363.44 20000 44574 
4379.77 20000 44590 
4396 20000 44605 
4413.34 20000 44621 
4431.87 20000 44637 
4449.16 20000 44652 
4467.24 20000 44668 
4485.73 20000 44684 
4505.27 20000 44700 
4522.8 20000 44715 
4540.52 20000 44731 
4558.29 20000 44747 
4576.86 20000 44763 
4590.93 20000 44778 
4602.68 20000 44794 
4622.3 20000 44810 
4643.15 20000 44825 
4661.15 20000 44841 
4678.41 20000 44857 
4696.32 20000 44873 
4715.28 20000 44888 
4732.96 20000 44904 
4750.81 20000 44920 
4769.14 20000 44935 
4788.5 20000 44951 
4806.85 20000 44967 
4824.35 20000 44983 
4841.93 20000 44998 
4860.55 20000 45014 
4878.51 20000 45030 
4895.6 20000 45045 
4913.08 20000 45061 
4931.82 20000 45077 
4950.75 20000 45093 
4967.72 20000 45108 
4984.62 20000 45124 
5004.22 20000 45140 
5022.94 20000 45155 
5039.7 20000 45171 
5056.78 20000 45187 
5074.6 20000 45203 
5093.12 20000 45218 
5111.42 20000 45234 
5130.32 20000 45250 
5150.3 20000 45266 
5170.95 20000 45281 
5190.22 20000 45297 
5210.84 20000 45313 
5231.55 20000 45328 
5252.65 20000 45344 
5272.33 20000 45360 
5292.6 20000 45376 
5312.97 20000 45391 
5333.97 20000 45407 
5353.4 20000 45423 
5373.9 20000 45438 
5394.57 20000 45454 
5415.83 20000 45470 
5435.78 20000 45486 
5456.23 20000 45501 
5476.94 20000 45517 
5498.73 20000 45533 
5518.18 20000 45549 
5538.08 20000 45564 
5559.02 20000 45580 
5581.26 20000 45596 
5601.11 20000 45611 
5621.39 20000 45627 
5642.1 20000 45643 
5663.84 20000 45658 
5684.14 20000 45674 
5705.03 20000 45690 
5726.27 20000 45706 
5748.45 20000 45721 
5768.55 20000 45737 
5789.04 20000 45753 
5809.94 20000 45769 
5831.1 20000 45784 
5850.01 20000 45800 
5868.38 20000 45816 
5886.67 20000 45831 
5905.58 20000 45847 
5923.83 20000 45863 
5943.02 20000 45879 
5963.72 20000 45894 
5984.92 20000 45910 
6006.09 20000 45926 
6026.38 20000 45941 
6048.62 20000 45957 
6072.8 20000 45973 
6095.29 20000 45989 
6116.75 20000 46004 
6139.37 20000 46020 
6162.58 20000 46036 
6184.27 20000 46052 
6204.64 20000 46067 
6226.2 20000 46083 
6248.09 20000 46099 
6268.85 20000 46114 
6288.58 20000 46130 
6310.06 20000 46146 
6332.72 20000 46162 
6355.32 20000 46177 
6376.02 20000 46193 
6397.6 20000 46209 
6420.63 20000 46224 
6443.99 20000 46240 
6465.61 20000 46256 
6488.07 20000 46272 
6511.9 20000 46287 
6536.17 20000 46303 
6558.15 20000 46319 
6580.9 20000 46335 
6604.77 20000 46350 
6629.41 20000 46366 
6651.29 20000 46382 
6672.71 20000 46397 
6695.8 20000 46413 
6721.3 20000 46429 
6744.05 20000 46445 
6766.54 20000 46460 
6791.2 20000 46476 
6817.74 20000 46492 
6841.57 20000 46508 
6864.95 20000 46523 
6888.4 20000 46539 
6914.41 20000 46555 
6938.59 20000 46570 
6962.02 20000 46586 
6985.72 20000 46602 
7011.77 20000 46618 
7036.12 20000 46633 
7059.69 20000 46649 
7083.29 20000 46665 
7109.22 20000 46680 
7132.81 20000 46696 
7155.48 20000 46712 
7178.98 20000 46728 
7204.74 20000 46743 
7229.11 20000 46759 
7252.21 20000 46775 
7275.51 20000 46791 
7300.73 20000 46806 
7325.66 20000 46822 
7348.88 20000 46838 
7371.86 20000 46853 
7396.61 20000 46869 
7421.58 20000 46885 
7445.05 20000 46901 
7468.45 20000 46916 
7493.17 20000 46932 
7518.71 20000 46948 
7542.77 20000 46964 
7566.48 20000 46979 
7591.52 20000 46995 
7617.5 20000 47011 
7641.74 20000 47026 
7665.61 20000 47042 
7690.73 20000 47058 
7717.51 20000 47074 
7742.58 20000 47089 
7767.06 20000 47105 
7791.63 20000 47121 
7817.76 20000 47136 
7842.27 20000 47152 
7866.15 20000 47168 
7890.34 20000 47184 
7916.44 20000 47199 
7941.38 20000 47215 
7966.24 20000 47231 
7990.9 20000 47247 
8017.16 20000 47262 
8042.68 20000 47278 
8068.13 20000 47294 
8092.43 20000 47309 
8118.37 20000 47325 
8143.57 20000 47341 
8169.19 20000 47357 
8194.53 20000 47372 
8221.01 20000 47388 
8245.55 20000 47404 
8270.55 20000 47419 
8295.22 20000 47435 
8321.48 20000 47451 
8346.75 20000 47467 
8372.48 20000 47482 
8396.87 20000 47498 
8422.14 20000 47514 
8447.41 20000 47530 
8472.17 20000 47545 
8495.97 20000 47561 
8522.15 20000 47577 
8548.37 20000 47592 
8575.26 20000 47608 
8602.2 20000 47624 
8628.84 20000 47640 
8654.75 20000 47655 
8680.72 20000 47671 
8706.05 20000 47687 
8732.29 20000 47703 
8757.56 20000 47718 
8782.51 20000 47734 
8808.5 20000 47750 
8836.11 20000 47765 
8862.45 20000 47781 
8888.66 20000 47797 
8916.43 20000 47813 
8945 20000 47828 
8972.58 20000 47844 
8998.74 20000 47860 
9025.29 20000 47876 
9052.82 20000 47891 
9081.77 20000 47907 
9109.67 20000 47923 
9137.04 20000 47938 
9164.22 20000 47954 
9191.83 20000 47970 
9218.33 20000 47986 
9245.33 20000 48001 
9272.15 20000 48017 
9299.75 20000 48033 
9325.79 20000 48048 
9353 20000 48064 
9380.67 20000 48080 
9409.55 20000 48096 
9436.61 20000 48111 
9462.95 20000 48127 
9489.51 20000 48143 
9518.75 20000 48159 
9546.28 20000 48174 
9572.63 20000 48190 
9599.05 20000 48206 
9629.14 20000 48221 
9657.62 20000 48237 
9684.92 20000 48253 
9711.94 20000 48269 
9741.12 20000 48284 
9769.46 20000 48300 
9797.88 20000 48316 
9826.69 20000 48332 
9859.02 20000 48347 
9889.17 20000 48363 
9918.6 20000 48379 
9947.42 20000 48394 
9976.91 20000 48410 
10005.36 20000 48426 
10034.88 20000 48442 
10063.57 20000 48457 
10093.44 20000 48473 
10122 20000 48489 
10150.33 20000 48505 
10178.31 20000 48520 
10207.98 20000 48536 
10237.32 20000 48552 
10266.72 20000 48567 
10295.06 20000 48583 
10323.82 20000 48599 
10352.71 20000 48615 
10381.46 20000 48630 
10410.12 20000 48646 
10439.45 20000 48662 
10468.63 20000 48678 
10497.74 20000 48693 
10527.6 20000 48709 
10557.58 20000 48725 
10586.37 20000 48740 
10615.06 20000 48756 
10644.77 20000 48772 
10674.29 20000 48788 
10703.81 20000 48803 
10733.44 20000 48819 
10762.24 20000 48835 
10790.71 20000 48851 
10820.19 20000 48866 
10848.28 20000 48882 
10877.15 20000 48898 
10906.59 20000 48913 
10936.88 20000 48929 
10966.02 20000 48945 
10997.15 20000 48961 
11028.37 20000 48976 
11060.39 20000 48992 
11090.94 20000 49008 
11122.97 20000 49024 
11153.21 20000 49039 
11182.49 20000 49055 
11210.77 20000 49071 
11241.65 20000 49086 
11270.98 20000 49102 
11300 20000 49118 
11328.84 20000 49134 
11359.68 20000 49149 
11389.52 20000 49165 
11420.58 20000 49181 
11450.42 20000 49196 
11480.64 20000 49212 
11511.39 20000 49228 
11546.06 20000 49244 
11577.7 20000 49259 
11609.03 20000 49275 
11638.93 20000 49291 
11670.2 20000 49307 
11701.25 20000 49322 
11733.59 20000 49338 
11765.63 20000 49354 
11798.81 20000 49369 
11830.08 20000 49385 
11859.92 20000 49401 
11888.46 20000 49417 
11920.42 20000 49432 
11951.78 20000 49448 
11981.49 20000 49464 
12010.8 20000 49480 
12041.02 20000 49495 
12071.37 20000 49511 
12102.4 20000 49527 
12134.17 20000 49542 
12169.04 20000 49558 
12205.77 20000 49574 
12239.77 20000 49590 
12269.79 20000 49605 
12301.44 20000 49621 
12334.81 20000 49637 
12366.38 20000 49653 
12397.72 20000 49668 
12430.73 20000 49684 
12465.98 20000 49700 
12500.34 20000 49715 
12532.4 20000 49731 
12561.98 20000 49747 
12594.58 20000 49763 
12624.78 20000 49778 
12654.93 20000 49794 
12686.28 20000 49810 
12719.17 20000 49826 
12750.06 20000 49841 
12781.49 20000 49857 
12813.06 20000 49873 
12845.93 20000 49888 
12876.01 20000 49904 
12906.13 20000 49920 
12936.89 20000 49936 
12969.48 20000 49951 
13000.89 20000 49967 
13032.53 20000 49983 
13063.61 20000 49999 
13096.28 20000 50014 
13126.11 20000 50030 
13154.92 20000 50046 
13184.49 20000 50061 
13219.69 20000 50077 
13254.89 20000 50093 
13290.12 20000 50109 
13324.88 20000 50124 
13359.89 20000 50140 
13392.95 20000 50156 
13425.97 20000 50172 
13458.95 20000 50187 
13493.96 20000 50203 
13528.09 20000 50219 
13562.77 20000 50235 
13597.05 20000 50250 
13632.76 20000 50266 
13667.07 20000 50282 
13700.31 20000 50297 
13732.76 20000 50313 
13766.77 20000 50329 
13800.4 20000 50345 
13833.13 20000 50360 
13865.6 20000 50376 
13898.67 20000 50392 
13932.1 20000 50408 
13965.7 20000 50423 
13998.03 20000 50439 
14031.6 20000 50455 
14067.39 20000 50470 
14103.63 20000 50486 
14137.93 20000 50502 
14171.42 20000 50518 
14204.81 20000 50533 
14237.32 20000 50549 
14270.61 20000 50565 
14304.06 20000 50581 
14337.04 20000 50596 
14369.27 20000 50612 
14402.34 20000 50628 
14434.83 20000 50643 
14467.41 20000 50659 
14499.39 20000 50675 
14531.95 20000 50691 
14564.5 20000 50706 
14598.43 20000 50722 
14631.39 20000 50738 
14665.16 20000 50754 
14694.77 20000 50769 
14670.46 20000 50785 
14543.17 20000 50801 
14552.79 20000 50816 
14622.94 20000 50832 
14683.38 20000 50848 
14736.1 20000 50864 
14785.14 20000 50879 
14830.91 20000 50895 
14874.72 20000 50911 
14916.52 20000 50927 
14958.33 20000 50942 
14998.14 20000 50958 
15038.37 20000 50974 
15077.26 20000 50989 
15116.77 20000 51005 
15155.63 20000 51021 
15195.08 20000 51037 
15233.01 20000 51052 
15270.54 20000 51068 
15307.12 20000 51084 
15344.56 20000 51100 
15381.5 20000 51115 
15418.74 20000 51131 
15455.85 20000 51147 
15494.11 20000 51162 
15529.83 20000 51178 
15566.01 20000 51194 
15602.66 20000 51210 
15639.56 20000 51225 
15675.2 20000 51241 
15710.96 20000 51257 
15746.65 20000 51273 
15784.04 20000 51288 
15821.77 20000 51304 
15859.3 20000 51320 
15896.77 20000 51335 
15934.77 20000 51351 
15971.61 20000 51367 
16007.27 20000 51383 
16043.44 20000 51398 
16080.11 20000 51414 
16117.28 20000 51430 
16153.23 20000 51446 
16188.82 20000 51461 
16225 20000 51477 
16262.5 20000 51493 
16299.21 20000 51509 
16337.17 20000 51524 
16376.27 20000 51540 
16416.58 20000 51556 
16454.67 20000 51571 
16491.43 20000 51587 
16529.04 20000 51603 
16567.57 20000 51619 
16603.97 20000 51634 
16639.38 20000 51650 
16674.51 20000 51666 
16712.87 20000 51681 
16750.02 20000 51697 
16788.46 20000 51713 
16825.83 20000 51729 
16865.31 20000 51744 
16904.21 20000 51760 
16942.63 20000 51776 
16978.92 20000 51792 
17017.2 20000 51807 
17053.77 20000 51823 
17089.82 20000 51839 
17125.87 20000 51855 
17163.38 20000 51870 
17199.79 20000 51886 
17235.71 20000 51902 
17268.42 20000 51917 
17303.51 20000 51933 
17339.34 20000 51949 
17375.93 20000 51965 
17411.08 20000 51980 
17447.68 20000 51996 
17483.62 20000 52012 
17519.96 20000 52028 
17555.47 20000 52043 
17593.11 20000 52059 
17631.29 20000 52075 
17670.76 20000 52090 
17710.54 20000 52106 
17752.53 20000 52122 
17794.63 20000 52138 
17836.48 20000 52153 
17876.47 20000 52169 
17917.84 20000 52185 
17959.18 20000 52201 
17999.31 20000 52216 
18038.16 20000 52232 
18076.15 20000 52248 
18115.03 20000 52263 
18155.47 20000 52279 
18195.95 20000 52295 
18234.85 20000 52311 
18273.42 20000 52326 
18311.24 20000 52342 
18348.93 20000 52358 
18385.84 20000 52374 
18421.49 20000 52389 
18455.22 20000 52405 
18489.59 20000 52421 
18526.02 20000 52436 
18565.6 20000 52452 
18604.78 20000 52468 
18645.3 20000 52484 
18685.98 20000 52499 
18729.12 20000 52515 
18771.03 20000 52531 
18812.72 20000 52547 
18853.77 20000 52562 
18896.73 20000 52578 
18938.6 20000 52594 
18980.97 20000 52609 
19022.66 20000 52625 
19066.86 20000 52641 
19109.01 20000 52657 
19152.96 20000 52672 
19197.03 20000 52688 
19242.17 20000 52704 
19285.48 20000 52720 
19329.79 20000 52735 
19373.37 20000 52751 
19418.17 20000 52767 
19461.64 20000 52782 
19505.1 20000 52798 
19547.48 20000 52814 
19591.38 20000 52830 
19633.87 20000 52845 
19676.67 20000 52861 
19718.09 20000 52877 
19761.13 20000 52893 
19802.76 20000 52908 
19844.24 20000 52924 
19886.16 20000 52940 
19930.27 20000 52955 
19972.63 20000 52971 
20014.29 20000 52987 
20055.64 20000 53003 
20098.05 20000 53003 
20115.17 20000 53003 
20061.29 20000 53003 
19989.03 20000 53003 
19926.75 20000 53003 
19872.07 20000 53003 
19822.15 20000 53003 
19774.79 20000 53003 
19724.7 20000 53003 
19678.83 20000 53003 
19640.27 20000 53003 
19604.24 20000 53003 
19570.06 20000 53003 
19537.57 20000 53003 
19506.68 20000 53003 
19476.75 20000 53003 
19447.66 20000 53003 
19419.71 20000 53003 
19392.5 20000 53003 
19365.82 20000 53003 
19339.86 20000 53003 
19314.93 20000 53003 
19290.62 20000 53003 
19267.23 20000 53003 
19244.27 20000 53003 
19221.8 20000 53003 
19199.89 20000 53003 
19178.51 20000 53003 
19157.94 20000 53003 
19137.77 20000 53003 
19117.53 20000 53003 
19097.93 20000 53003 
19078.19 20000 53003 
19058.63 20000 53003 
19039.96 20000 53003 
19021.52 20000 53003 
19003.1 20000 53003 
18985.1 20000 53003 
18967.57 20000 53003 
18950.33 20000 53003 
18933.46 20000 53003 
18917.05 20000 53003 
18900.77 20000 53003 
18884.74 20000 53003 
18868.9 20000 53003 
18853.04 20000 53003 
18837.76 20000 53003 
18822.45 20000 53003 
18807.24 20000 53003 
18792.56 20000 53003 
