4.01 20000 8042 
4.23 20000 8042 
4.28 20000 8042 
4.39 20000 8042 
4.41 20000 8042 
4.33 20000 8042 
4.3 20000 8042 
4.18 20000 8042 
4.3 20000 8042 
4.09 20000 8042 
4.22 20000 8042 
4.17 20000 8042 
4.08 20000 8042 
4.07 20000 8042 
4.11 20000 8042 
4.25 20000 8042 
4.45 20000 8042 
4.45 20000 8042 
4.31 20000 8042 
4.43 20000 8042 
4.54 20000 8042 
4.15 20000 8042 
4.03 20000 8042 
4.15 20000 8042 
4.31 20000 8042 
4.19 20000 8042 
4.18 20000 8042 
4.14 20000 8042 
4.23 20000 8042 
4.41 20000 8042 
4.49 20000 8042 
4.18 20000 8042 
3.88 20000 8042 
4.05 20000 8042 
4.13 20000 8042 
4.22 20000 8042 
3.84 20000 8042 
3.71 20000 8042 
4.49 20000 8042 
4.86 20000 8042 
4.85 20000 8042 
4.5 20000 8042 
4.19 20000 8042 
3.93 20000 8042 
3.67 20000 8042 
3.97 20000 8042 
3.87 20000 8042 
3.75 20000 8042 
4.01 20000 8042 
3.89 20000 8042 
3.85 20000 8042 
3.69 20000 8042 
3.59 20000 8042 
3.77 20000 8042 
3.71 20000 8042 
3.84 20000 8042 
3.69 20000 8042 
3.75 20000 8042 
3.98 20000 8042 
4.08 20000 8042 
4.09 20000 8042 
4.11 20000 8042 
4.1 20000 8042 
3.85 20000 8042 
4.02 20000 8042 
3.98 20000 8042 
4.08 20000 8042 
4.1 20000 8042 
3.88 20000 8042 
3.84 20000 8042 
3.66 20000 8042 
3.86 20000 8042 
4.14 20000 8042 
4.29 20000 8042 
4.07 20000 8042 
3.93 20000 8042 
3.99 20000 8042 
4.05 20000 8042 
3.97 20000 8042 
3.8 20000 8042 
3.95 20000 8042 
4.02 20000 8042 
3.84 20000 8042 
3.75 20000 8042 
3.82 20000 8042 
4.01 20000 8042 
3.84 20000 8042 
3.94 20000 8042 
3.99 20000 8042 
3.92 20000 8042 
4.02 20000 8042 
4.02 20000 8042 
3.95 20000 8042 
4.06 20000 8042 
3.95 20000 8042 
4.14 20000 8042 
3.96 20000 8042 
4 20000 8042 
4.14 20000 8042 
4.24 20000 8042 
4.31 20000 8042 
4.15 20000 8042 
3.83 20000 8042 
3.71 20000 8042 
3.73 20000 8042 
3.55 20000 8042 
3.52 20000 8042 
3.73 20000 8042 
3.63 20000 8042 
3.55 20000 8042 
3.44 20000 8042 
3.4 20000 8042 
3.55 20000 8042 
3.49 20000 8042 
3.6 20000 8042 
3.69 20000 8042 
3.67 20000 8042 
3.64 20000 8042 
3.65 20000 8042 
3.57 20000 8042 
3.43 20000 8042 
3.55 20000 8042 
3.74 20000 8042 
3.72 20000 8042 
3.62 20000 8042 
3.48 20000 8042 
3.6 20000 8042 
3.44 20000 8042 
3.66 20000 8042 
3.75 20000 8042 
3.76 20000 8042 
3.66 20000 8042 
3.55 20000 8042 
3.6 20000 8042 
3.65 20000 8042 
3.44 20000 8042 
3.4 20000 8042 
3.56 20000 8042 
3.51 20000 8042 
3.6 20000 8042 
3.7 20000 8042 
3.77 20000 8042 
3.53 20000 8042 
3.11 20000 8042 
3.23 20000 8042 
3.27 20000 8042 
3.28 20000 8042 
3.65 20000 8042 
3.77 20000 8042 
3.82 20000 8042 
3.69 20000 8042 
3.75 20000 8042 
3.64 20000 8042 
3.81 20000 8042 
3.98 20000 8042 
3.76 20000 8042 
3.99 20000 8042 
3.83 20000 8042 
3.44 20000 8042 
3.65 20000 8042 
3.87 20000 8042 
3.39 20000 8042 
3.15 20000 8042 
3.12 20000 8042 
3.25 20000 8042 
3.66 20000 8042 
3.66 20000 8042 
3.44 20000 8042 
3.64 20000 8042 
3.57 20000 8042 
3.73 20000 8042 
3.54 20000 8042 
3.32 20000 8042 
3.09 20000 8042 
3.23 20000 8042 
3.61 20000 8042 
3.59 20000 8042 
3.54 20000 8042 
3.66 20000 8042 
3.83 20000 8042 
3.88 20000 8042 
3.83 20000 8042 
3.83 20000 8042 
4 20000 8042 
4.17 20000 8042 
4.39 20000 8042 
4.55 20000 8042 
4.53 20000 8042 
4.42 20000 8042 
4.26 20000 8042 
4.49 20000 8042 
4.55 20000 8042 
4.29 20000 8042 
4.52 20000 8042 
4.73 20000 8042 
4.61 20000 8042 
4.55 20000 8042 
4.52 20000 8042 
4.39 20000 8042 
4.19 20000 8042 
4.26 20000 8042 
4.36 20000 8042 
4.54 20000 8042 
4.59 20000 8042 
4.55 20000 8042 
4.55 20000 8042 
4.35 20000 8042 
4.28 20000 8042 
4.13 20000 8042 
4.23 20000 8042 
4.27 20000 8042 
3.9 20000 8042 
3.9 20000 8042 
3.99 20000 8042 
3.75 20000 8042 
3.66 20000 8042 
3.62 20000 8042 
3.63 20000 8042 
3.52 20000 8042 
3.52 20000 8042 
3.47 20000 8042 
3.53 20000 8042 
3.43 20000 8042 
3.17 20000 8042 
3.36 20000 8042 
3.46 20000 8042 
3.42 20000 8042 
3.64 20000 8042 
3.58 20000 8042 
3.62 20000 8042 
3.75 20000 8042 
3.92 20000 8042 
3.8 20000 8042 
3.61 20000 8042 
3.34 20000 8042 
3.46 20000 8042 
3.42 20000 8042 
3.3 20000 8042 
3.46 20000 8042 
3.56 20000 8042 
3.56 20000 8042 
3.69 20000 8042 
3.76 20000 8042 
3.68 20000 8042 
3.71 20000 8042 
3.52 20000 8042 
3.29 20000 8042 
3.29 20000 8042 
3.62 20000 8042 
3.53 20000 8042 
3.55 20000 8042 
3.56 20000 8042 
3.66 20000 8042 
3.57 20000 8042 
3.37 20000 8042 
3.38 20000 8042 
3.08 20000 8042 
3.08 20000 8042 
3.16 20000 8042 
3.15 20000 8042 
3.21 20000 8042 
3.14 20000 8042 
2.96 20000 8042 
2.92 20000 8042 
2.87 20000 8042 
2.95 20000 8042 
2.96 20000 8042 
3.1 20000 8042 
3.2 20000 8042 
3.16 20000 8042 
2.94 20000 8042 
2.84 20000 8042 
2.75 20000 8042 
2.79 20000 8042 
2.68 20000 8042 
2.68 20000 8042 
2.91 20000 8042 
2.69 20000 8042 
2.94 20000 8042 
2.89 20000 8042 
2.76 20000 8042 
2.86 20000 8042 
3.01 20000 8042 
3.04 20000 8042 
3.02 20000 8042 
2.9 20000 8042 
2.62 20000 8042 
2.92 20000 8042 
3.07 20000 8042 
3.1 20000 8042 
3.2 20000 8042 
3.02 20000 8042 
3.12 20000 8042 
3.14 20000 8042 
3.28 20000 8042 
3.32 20000 8042 
3.32 20000 8042 
3.44 20000 8042 
3.39 20000 8042 
3.26 20000 8042 
3.18 20000 8042 
3.27 20000 8042 
3.35 20000 8042 
3.54 20000 8042 
3.55 20000 8042 
3.28 20000 8042 
3.36 20000 8042 
3.2 20000 8042 
3.01 20000 8042 
3.25 20000 8042 
3.41 20000 8042 
3.38 20000 8042 
3.34 20000 8042 
3.35 20000 8042 
3.29 20000 8042 
2.99 20000 8042 
2.86 20000 8042 
3 20000 8042 
3.42 20000 8042 
3.33 20000 8042 
3.39 20000 8042 
3.71 20000 8042 
3.49 20000 8042 
3.45 20000 8042 
3.6 20000 8042 
3.71 20000 8042 
3.56 20000 8042 
3.75 20000 8042 
3.87 20000 8042 
3.9 20000 8042 
3.77 20000 8042 
3.86 20000 8042 
3.98 20000 8042 
3.88 20000 8042 
3.52 20000 8042 
3.34 20000 8042 
3.7 20000 8042 
3.76 20000 8042 
3.77 20000 8042 
3.84 20000 8042 
3.99 20000 8042 
3.71 20000 8042 
3.68 20000 8042 
3.95 20000 8042 
3.97 20000 8042 
3.8 20000 8042 
3.84 20000 8042 
4 20000 8042 
3.75 20000 8042 
3.7 20000 8042 
3.61 20000 8042 
3.68 20000 8042 
3.72 20000 8042 
3.95 20000 8042 
4.12 20000 8042 
4.1 20000 8042 
3.8 20000 8042 
3.69 20000 8042 
3.63 20000 8042 
3.6 20000 8042 
3.82 20000 8042 
3.82 20000 8042 
3.91 20000 8042 
3.7 20000 8042 
3.6 20000 8042 
3.57 20000 8042 
3.59 20000 8042 
3.66 20000 8042 
3.7 20000 8042 
3.64 20000 8042 
3.67 20000 8042 
3.7 20000 8042 
3.8 20000 8042 
3.97 20000 8042 
3.95 20000 8042 
3.74 20000 8042 
3.67 20000 8042 
3.75 20000 8042 
3.89 20000 8042 
3.97 20000 8042 
4.13 20000 8042 
4.01 20000 8042 
4.02 20000 8042 
4.12 20000 8042 
4.25 20000 8042 
4.29 20000 8042 
3.97 20000 8042 
4.03 20000 8042 
3.86 20000 8042 
3.89 20000 8042 
4.22 20000 8042 
4.43 20000 8042 
4.49 20000 8042 
4.26 20000 8042 
4.26 20000 8042 
4.36 20000 8042 
4.27 20000 8042 
4.08 20000 8042 
4.15 20000 8042 
4.31 20000 8042 
4.36 20000 8042 
4.27 20000 8042 
4.33 20000 8042 
4.04 20000 8042 
3.85 20000 8042 
4.07 20000 8042 
4.22 20000 8042 
4.31 20000 8042 
4.27 20000 8042 
4.23 20000 8042 
4.41 20000 8042 
4.29 20000 8042 
4.16 20000 8042 
4.31 20000 8042 
4.34 20000 8042 
4.31 20000 8042 
4.11 20000 8042 
4.13 20000 8042 
4.26 20000 8042 
4.22 20000 8042 
4.25 20000 8042 
4.15 20000 8042 
4.29 20000 8042 
4.12 20000 8042 
4.17 20000 8042 
4.34 20000 8042 
4.15 20000 8042 
4.16 20000 8042 
4.39 20000 8042 
4.28 20000 8042 
4.25 20000 8042 
4.42 20000 8042 
4.35 20000 8042 
4.05 20000 8042 
3.97 20000 8042 
4.03 20000 8042 
4.09 20000 8042 
4.17 20000 8042 
4.29 20000 8042 
4.29 20000 8042 
4.06 20000 8042 
4.44 20000 8042 
4.37 20000 8042 
4.05 20000 8042 
4.3 20000 8042 
4.39 20000 8042 
4.31 20000 8042 
3.98 20000 8042 
4.07 20000 8042 
4.21 20000 8042 
4.03 20000 8042 
3.99 20000 8042 
4.24 20000 8042 
4.45 20000 8042 
3.89 20000 8042 
3.66 20000 8042 
3.91 20000 8042 
4.04 20000 8042 
4.22 20000 8042 
4.14 20000 8042 
3.87 20000 8042 
4.02 20000 8042 
3.88 20000 8042 
3.89 20000 8042 
3.74 20000 8042 
3.74 20000 8042 
4.01 20000 8042 
3.87 20000 8042 
3.87 20000 8042 
3.98 20000 8042 
4.24 20000 8042 
4.17 20000 8042 
4.05 20000 8042 
3.99 20000 8042 
4.23 20000 8042 
4.2 20000 8042 
4.1 20000 8042 
3.96 20000 8042 
4.03 20000 8042 
3.94 20000 8042 
3.87 20000 8042 
4.04 20000 8042 
4 20000 8042 
3.86 20000 8042 
4.21 20000 8042 
4.37 20000 8042 
4.24 20000 8042 
4.29 20000 8042 
4.31 20000 8042 
4.35 20000 8042 
4.37 20000 8042 
4.05 20000 8042 
3.99 20000 8042 
4.3 20000 8042 
4.21 20000 8042 
3.91 20000 8042 
4.13 20000 8042 
3.86 20000 8042 
4 20000 8042 
4.48 20000 8042 
4.04 20000 8042 
3.87 20000 8042 
4.34 20000 8042 
4.53 20000 8042 
4.44 20000 8042 
4.4 20000 8042 
4.47 20000 8042 
4.34 20000 8042 
4.26 20000 8042 
4.24 20000 8042 
4.34 20000 8042 
4.39 20000 8042 
4.47 20000 8517 
4.28 20000 9005 
3.96 20000 9035 
3.91 20000 9050 
4.3 20000 9066 
4.43 20000 9082 
4.39 20000 9098 
4.4 20000 9113 
4.25 20000 9129 
4.45 20000 9145 
4.26 20000 9161 
3.75 20000 9176 
3.86 20000 9192 
4.08 20000 9208 
4.06 20000 9224 
4.15 20000 9239 
4.15 20000 9255 
4.1 20000 9271 
3.91 20000 9286 
3.82 20000 9302 
3.66 20000 9318 
3.65 20000 9334 
3.84 20000 9349 
3.57 20000 9365 
3.6 20000 9381 
3.7 20000 9397 
3.52 20000 9412 
3.5 20000 9428 
3.49 20000 9444 
3.59 20000 9460 
3.55 20000 9475 
3.72 20000 9491 
3.94 20000 9507 
3.72 20000 9522 
3.68 20000 9538 
3.7 20000 9554 
3.82 20000 9570 
3.72 20000 9585 
3.6 20000 9601 
3.55 20000 9617 
3.47 20000 9633 
3.41 20000 9648 
3.59 20000 9664 
3.5 20000 9680 
3.76 20000 9696 
4.05 20000 9711 
4.08 20000 9727 
3.91 20000 9743 
3.87 20000 9758 
3.74 20000 9774 
3.67 20000 9790 
3.92 20000 9806 
3.86 20000 9821 
3.96 20000 9837 
4.02 20000 9853 
3.94 20000 9869 
3.76 20000 9884 
3.98 20000 9900 
4.02 20000 9916 
4.03 20000 9932 
3.92 20000 9947 
3.73 20000 9963 
3.88 20000 9979 
3.84 20000 9994 
3.87 20000 10010 
3.99 20000 10026 
4.04 20000 10042 
3.97 20000 10057 
4.09 20000 10073 
4.09 20000 10089 
4.23 20000 10105 
4.25 20000 10120 
4.44 20000 10136 
4.27 20000 10152 
4.2 20000 10168 
4.07 20000 10183 
3.98 20000 10199 
4.19 20000 10215 
4.04 20000 10230 
3.87 20000 10246 
3.75 20000 10262 
3.84 20000 10278 
3.87 20000 10293 
4.21 20000 10309 
3.91 20000 10325 
3.95 20000 10341 
4.05 20000 10356 
4.05 20000 10372 
3.78 20000 10388 
3.68 20000 10404 
3.96 20000 10419 
3.99 20000 10435 
4.14 20000 10451 
4.33 20000 10466 
4.18 20000 10482 
4.19 20000 10498 
4.1 20000 10514 
4.06 20000 10529 
4.05 20000 10545 
3.96 20000 10561 
4.02 20000 10577 
4.19 20000 10592 
4.11 20000 10608 
4.13 20000 10624 
4.06 20000 10639 
4.09 20000 10655 
4.24 20000 10671 
4.22 20000 10687 
4 20000 10702 
4.12 20000 10734 
3.92 20000 10750 
3.95 20000 10765 
4.05 20000 10924 
4.13 20000 11087 
4.07 20000 11249 
4.05 20000 11412 
4.14 20000 11574 
4.13 20000 11737 
4.04 20000 11899 
3.95 20000 12062 
3.93 20000 12224 
3.78 20000 12387 
3.98 20000 12549 
4.08 20000 12712 
4.06 20000 12875 
4.23 20000 13037 
4.3 20000 13200 
4.2 20000 13362 
4.24 20000 13525 
4.15 20000 13688 
4.1 20000 13850 
4.16 20000 14013 
4.35 20000 14175 
4.34 20000 14338 
4.28 20000 14500 
4.18 20000 14663 
4.27 20000 14826 
4.16 20000 14988 
4.1 20000 15151 
4.04 20000 15313 
4.29 20000 15476 
4.23 20000 15639 
4.21 20000 15801 
4.17 20000 15964 
4.3 20000 16126 
4.32 20000 16289 
4.21 20000 16451 
4.07 20000 16614 
4.07 20000 16776 
4.13 20000 16939 
3.99 20000 17102 
4.12 20000 17264 
4.24 20000 17427 
4.15 20000 17589 
4.22 20000 17752 
4.31 20000 17915 
4.3 20000 18077 
4.19 20000 18240 
4.26 20000 18402 
483.06 20000 19282 
3.45 20000 20161 
3.54 20000 20324 
3.74 20000 20486 
3.95 20000 20649 
3.92 20000 20812 
3.99 20000 20974 
4 20000 21137 
4.04 20000 21299 
4.07 20000 21462 
4.45 20000 21625 
4.48 20000 21787 
4.64 20000 21950 
4.89 20000 22112 
5 20000 22275 
4.82 20000 22437 
4.83 20000 22600 
5.12 20000 22763 
5.24 20000 22925 
5.28 20000 23088 
5.5 20000 23250 
5.64 20000 23413 
5.66 20000 23576 
5.63 20000 23738 
5.87 20000 23901 
6.06 20000 24063 
6.3 20000 24226 
6.34 20000 24389 
6.39 20000 24551 
6.23 20000 24714 
6.12 20000 24876 
6.05 20000 25039 
6.09 20000 25201 
6.25 20000 25364 
6.43 20000 25527 
6.92 20000 25689 
7.33 20000 25852 
7.13 20000 26014 
7.28 20000 26177 
7.44 20000 26340 
7.39 20000 26502 
7.49 20000 26665 
7.67 20000 26827 
7.6 20000 26990 
7.74 20000 27153 
7.86 20000 27315 
7.97 20000 27478 
8.17 20000 27640 
8.49 20000 27803 
8.55 20000 27966 
8.57 20000 28128 
8.59 20000 28291 
8.75 20000 28453 
9.11 20000 28616 
9.35 20000 28779 
9.26 20000 28941 
9.33 20000 29104 
9.36 20000 29266 
9.63 20000 29429 
9.5 20000 29592 
9.5 20000 29754 
9.76 20000 29917 
9.78 20000 30080 
9.92 20000 30242 
10.17 20000 30405 
10.24 20000 30567 
10.2 20000 30730 
10.21 20000 30893 
10.09 20000 31055 
10.02 20000 31218 
10.29 20000 31380 
10.66 20000 31543 
10.73 20000 31706 
10.79 20000 31868 
11.14 20000 32031 
11.16 20000 32194 
10.82 20000 32356 
11.08 20000 32519 
11.26 20000 32681 
11.46 20000 32844 
11.79 20000 33006 
11.76 20000 33169 
11.62 20000 33331 
11.53 20000 33494 
11.59 20000 33657 
11.96 20000 33819 
11.94 20000 33982 
11.98 20000 34145 
12.19 20000 34307 
12.24 20000 34470 
12.28 20000 34475 
12.44 20000 34475 
12.53 20000 34475 
12.68 20000 34475 
12.56 20000 34475 
12.6 20000 34475 
12.67 20000 34475 
12.58 20000 34475 
12.43 20000 34475 
12.23 20000 34475 
12.26 20000 34475 
12.16 20000 34475 
12.35 20000 34475 
12.46 20000 34475 
12.42 20000 34475 
12.18 20000 34475 
12.26 20000 34475 
12.42 20000 34475 
12.29 20000 34475 
12.3 20000 34475 
12.48 20000 34475 
12.42 20000 34475 
12.46 20000 34475 
12.33 20000 34475 
12.2 20000 34475 
12.39 20000 34475 
12.35 20000 34475 
12.21 20000 34475 
12.32 20000 34475 
12.56 20000 34475 
12.18 20000 34475 
12.48 20000 34475 
12.66 20000 34475 
12.63 20000 34475 
12.44 20000 34475 
12.27 20000 34475 
12.26 20000 34475 
12.47 20000 34475 
12.36 20000 34475 
12.32 20000 34475 
12.37 20000 34475 
12.42 20000 34475 
12.4 20000 34475 
12.57 20000 34475 
12.47 20000 34475 
12.19 20000 34475 
12.11 20000 34475 
12.15 20000 34475 
12.11 20000 34475 
12.12 20000 34475 
12.32 20000 34475 
12.3 20000 34475 
12.5 20000 34475 
12.16 20000 34475 
12.08 20000 34475 
12.02 20000 34475 
11.98 20000 34475 
11.87 20000 34475 
11.66 20000 34475 
11.51 20000 34475 
11.72 20000 34475 
12.07 20000 34475 
12.23 20000 34475 
12.15 20000 34633 
12.19 20000 34796 
12.39 20000 34816 
12.43 20000 34832 
12.34 20000 34847 
12.42 20000 34863 
12.48 20000 34879 
12.43 20000 34894 
12.51 20000 34910 
12.34 20000 34926 
12.54 20000 34942 
12.7 20000 34957 
12.65 20000 34973 
12.91 20000 34989 
12.63 20000 35005 
12.63 20000 35020 
12.76 20000 35036 
12.55 20000 35052 
12.4 20000 35068 
12.29 20000 35083 
12.66 20000 35099 
12.94 20000 35115 
12.8 20000 35130 
12.51 20000 35146 
12.44 20000 35162 
12.67 20000 35178 
12.65 20000 35193 
12.43 20000 35209 
12.34 20000 35225 
12.27 20000 35241 
12.42 20000 35256 
12.47 20000 35272 
12.5 20000 35288 
12.64 20000 35304 
12.91 20000 35319 
12.6 20000 35335 
12.57 20000 35351 
12.76 20000 35366 
12.9 20000 35382 
12.81 20000 35398 
12.48 20000 35414 
12.54 20000 35429 
12.63 20000 35445 
12.63 20000 35461 
12.55 20000 35477 
12.52 20000 35492 
12.6 20000 35508 
12.38 20000 35524 
12.3 20000 35540 
12.5 20000 35555 
12.59 20000 35571 
12.83 20000 35587 
12.69 20000 35602 
12.61 20000 35618 
12.58 20000 35634 
12.44 20000 35650 
12.47 20000 35665 
12.56 20000 35681 
12.88 20000 35697 
12.8 20000 35713 
12.87 20000 35728 
13.15 20000 35744 
13.07 20000 35760 
12.98 20000 35775 
12.89 20000 35791 
12.98 20000 35807 
13 20000 35823 
12.94 20000 35838 
12.71 20000 35854 
12.82 20000 35870 
13.06 20000 35886 
13.01 20000 35901 
12.85 20000 35917 
12.99 20000 35933 
13.07 20000 35949 
13.1 20000 35964 
12.95 20000 35980 
13.1 20000 35996 
13.08 20000 36012 
13.05 20000 36027 
13.07 20000 36043 
13.37 20000 36059 
13.37 20000 36074 
13.29 20000 36090 
13.28 20000 36106 
13.36 20000 36122 
13.51 20000 36137 
13.7 20000 36153 
13.59 20000 36169 
13.46 20000 36185 
13.75 20000 36200 
14.35 20000 36216 
14.71 20000 36232 
14.93 20000 36248 
15.57 20000 36263 
16.38 20000 36279 
17.68 20000 36295 
19.27 20000 36310 
20.84 20000 36326 
22.71 20000 36342 
25.57 20000 36358 
30.12 20000 36373 
36.39 20000 36389 
43.42 20000 36405 
51.11 20000 36421 
58.87 20000 36436 
66.49 20000 36452 
74.18 20000 36468 
82.45 20000 36484 
91.03 20000 36499 
99.7 20000 36515 
108.57 20000 36531 
117.69 20000 36546 
126.7 20000 36562 
136.24 20000 36578 
146.88 20000 36594 
158.77 20000 36609 
170.18 20000 36625 
179.62 20000 36641 
189.48 20000 36657 
200.21 20000 36672 
211.53 20000 36688 
223.24 20000 36704 
234.84 20000 36720 
246.78 20000 36735 
258.76 20000 36751 
270.97 20000 36767 
283.06 20000 36783 
295.28 20000 36798 
307.66 20000 36814 
320.36 20000 36830 
333.16 20000 36845 
346.34 20000 36861 
359.3 20000 36877 
372.17 20000 36893 
384.62 20000 36908 
397.55 20000 36924 
410.57 20000 36940 
423.58 20000 36956 
436.31 20000 36971 
449.34 20000 36987 
462.15 20000 37003 
475.31 20000 37018 
488.39 20000 37034 
501 20000 37050 
512.86 20000 37066 
525.24 20000 37081 
537.8 20000 37097 
550.41 20000 37113 
562.19 20000 37129 
573.98 20000 37144 
585.73 20000 37160 
597.79 20000 37176 
609.64 20000 37192 
621.53 20000 37207 
633.37 20000 37223 
645.14 20000 37239 
656.38 20000 37255 
668.3 20000 37270 
680.27 20000 37286 
691.96 20000 37302 
703.58 20000 37317 
715.1 20000 37333 
726.75 20000 37349 
737.71 20000 37365 
749.1 20000 37380 
760.93 20000 37396 
772.42 20000 37412 
783.39 20000 37428 
794.52 20000 37443 
805.85 20000 37459 
816.61 20000 37475 
826.98 20000 37491 
837.38 20000 37506 
847.99 20000 37522 
858.82 20000 37538 
870 20000 37553 
881.44 20000 37569 
891.52 20000 37585 
901.89 20000 37601 
912.64 20000 37616 
923.19 20000 37632 
933.1 20000 37648 
943.89 20000 37664 
954.64 20000 37679 
965.3 20000 37695 
975.76 20000 37711 
986.04 20000 37726 
996.08 20000 37742 
1006.87 20000 37758 
1016.6 20000 37774 
1025.95 20000 37789 
1035.76 20000 37805 
1045.71 20000 37821 
1055.03 20000 37837 
1064.56 20000 37852 
1074.03 20000 37868 
1083.88 20000 37884 
1093.46 20000 37900 
1103.38 20000 37915 
1112.72 20000 37931 
1121.75 20000 37947 
1130.57 20000 37962 
1139.27 20000 37978 
1148.26 20000 37994 
1157.42 20000 38010 
1165.9 20000 38025 
1174.82 20000 38041 
1183.55 20000 38057 
1192.45 20000 38073 
1201.09 20000 38088 
1209.84 20000 38104 
1218.58 20000 38120 
1227.49 20000 38136 
1236.08 20000 38151 
1244.55 20000 38167 
1253.23 20000 38183 
1262.43 20000 38199 
1270.82 20000 38214 
1279.18 20000 38230 
1287.64 20000 38246 
1296.47 20000 38261 
1304.89 20000 38277 
1312.86 20000 38293 
1321.07 20000 38309 
1329.61 20000 38324 
1338 20000 38340 
1345.87 20000 38356 
1354.1 20000 38372 
1362.51 20000 38387 
1369.18 20000 38403 
1376.1 20000 38419 
1383.76 20000 38435 
1390.96 20000 38450 
1397.94 20000 38466 
1405.38 20000 38482 
1413.69 20000 38498 
1421.74 20000 38513 
1430.2 20000 38529 
1438.38 20000 38545 
1446.64 20000 38560 
1454.97 20000 38576 
1463.75 20000 38592 
1471.84 20000 38608 
1480 20000 38623 
1488.46 20000 38639 
1497.23 20000 38655 
1505.35 20000 38671 
1513.82 20000 38686 
1522.19 20000 38702 
1530.63 20000 38718 
1538.64 20000 38734 
1546.98 20000 38749 
1555.27 20000 38765 
1563.53 20000 38781 
1571.12 20000 38796 
1579.11 20000 38812 
1587.02 20000 38828 
1594.86 20000 38844 
1602.18 20000 38859 
1609.61 20000 38875 
1617.52 20000 38891 
1625.83 20000 38907 
1633.78 20000 38922 
1641.4 20000 38938 
1648.59 20000 38954 
1653.69 20000 38970 
1656.02 20000 38985 
1663.58 20000 39001 
1672.51 20000 39017 
1682.24 20000 39032 
1689.89 20000 39048 
1693.87 20000 39064 
1695.67 20000 39080 
1699.91 20000 39095 
1704.08 20000 39111 
1710.11 20000 39127 
1720.03 20000 39143 
1730.51 20000 39158 
1739.99 20000 39174 
1748.9 20000 39190 
1757.82 20000 39206 
1766.65 20000 39221 
1775.54 20000 39237 
1784.42 20000 39253 
1793.19 20000 39268 
1802.1 20000 39284 
1810.88 20000 39300 
1819.3 20000 39316 
1828 20000 39331 
1836.83 20000 39347 
1845.65 20000 39363 
1854.18 20000 39379 
1862.44 20000 39394 
1870.88 20000 39410 
1879.69 20000 39426 
1888.08 20000 39442 
1896.68 20000 39457 
1905.02 20000 39473 
1913.47 20000 39489 
1921.9 20000 39504 
1930.67 20000 39520 
1939.44 20000 39536 
1948.44 20000 39552 
1957.1 20000 39567 
1965.79 20000 39583 
1974.04 20000 39599 
1982.66 20000 39615 
1990.61 20000 39630 
1998.59 20000 39646 
2006.66 20000 39662 
2015.28 20000 39678 
2023.67 20000 39693 
2031.94 20000 39709 
2040.05 20000 39725 
2048.18 20000 39740 
2056.11 20000 39756 
2064.45 20000 39772 
2072.57 20000 39788 
2081.12 20000 39803 
2089.25 20000 39819 
2097.52 20000 39835 
2105.66 20000 39851 
2113.62 20000 39866 
2121.28 20000 39882 
2129.28 20000 39898 
2137.44 20000 39914 
2145.47 20000 39929 
2153.28 20000 39945 
2161.69 20000 39961 
2169.9 20000 39977 
2178.38 20000 39992 
2187.44 20000 40008 
2196.18 20000 40024 
2205 20000 40039 
2213.98 20000 40055 
2222.82 20000 40071 
2232.27 20000 40087 
2241.37 20000 40102 
2250.32 20000 40118 
2259.51 20000 40134 
2268.67 20000 40150 
2277.69 20000 40165 
2286.71 20000 40181 
2295.69 20000 40197 
2304.8 20000 40212 
2314.11 20000 40228 
2323.03 20000 40244 
2331.87 20000 40260 
2341.1 20000 40275 
2350.48 20000 40291 
2359.44 20000 40307 
2368.23 20000 40323 
2377.53 20000 40338 
2387.02 20000 40354 
2396.24 20000 40370 
2405.55 20000 40386 
2414.52 20000 40401 
2423.75 20000 40417 
2433.02 20000 40433 
2441.83 20000 40449 
2450.67 20000 40464 
2460.5 20000 40480 
2469.6 20000 40496 
2478.31 20000 40511 
2487.31 20000 40527 
2496.65 20000 40543 
2505.38 20000 40559 
2514.1 20000 40574 
2522.94 20000 40590 
2532.78 20000 40606 
2542.08 20000 40622 
2551.27 20000 40637 
2560.32 20000 40653 
2570.28 20000 40669 
2579.85 20000 40685 
2589.23 20000 40700 
2598.39 20000 40716 
2608.3 20000 40732 
2617.77 20000 40747 
2627.14 20000 40763 
2636.61 20000 40779 
2646.49 20000 40795 
2655.89 20000 40810 
2665.43 20000 40826 
2674.84 20000 40842 
2684.84 20000 40858 
2694.66 20000 40873 
2704.32 20000 40889 
2713.76 20000 40905 
2723.5 20000 40921 
2733.08 20000 40936 
2742.79 20000 40952 
2752.55 20000 40968 
2762.62 20000 40984 
2772.79 20000 40999 
2783.18 20000 41015 
2793.34 20000 41031 
2803.81 20000 41046 
2814.01 20000 41062 
2824.38 20000 41078 
2834.55 20000 41094 
2844.9 20000 41109 
2855.17 20000 41125 
2865.52 20000 41141 
2876.2 20000 41157 
2886.6 20000 41172 
2897.04 20000 41188 
2907.5 20000 41204 
2917.65 20000 41220 
2927.72 20000 41235 
2937.67 20000 41251 
2947.27 20000 41267 
2956.65 20000 41282 
2966.22 20000 41298 
2976.41 20000 41314 
2986.55 20000 41330 
2996.7 20000 41345 
3006.38 20000 41361 
3017.05 20000 41377 
3027.14 20000 41393 
3037.84 20000 41408 
3048.42 20000 41424 
3059.5 20000 41440 
3069.76 20000 41456 
3080.01 20000 41471 
3090.78 20000 41487 
3102.15 20000 41503 
3112.56 20000 41519 
3122.81 20000 41534 
3133.26 20000 41550 
3144.76 20000 41566 
3155.46 20000 41581 
3166.23 20000 41597 
3177.02 20000 41613 
3188.78 20000 41629 
3197.85 20000 41644 
3205.83 20000 41660 
3217.05 20000 41676 
3229.1 20000 41692 
3240.64 20000 41707 
3252.38 20000 41723 
3264.34 20000 41739 
3277.21 20000 41754 
3289.32 20000 41770 
3301.11 20000 41786 
3312.81 20000 41802 
3324.65 20000 41817 
3335.73 20000 41833 
3346.43 20000 41849 
3357.38 20000 41865 
3369.1 20000 41880 
3380.14 20000 41896 
3391.36 20000 41912 
3402.67 20000 41928 
3414.43 20000 41943 
3426.25 20000 41959 
3438.17 20000 41975 
3449.81 20000 41990 
3462.02 20000 42006 
3473.85 20000 42022 
3485.36 20000 42038 
3496.77 20000 42053 
3508.43 20000 42069 
3521.05 20000 42085 
3534.09 20000 42101 
3546.35 20000 42116 
3558.5 20000 42132 
3570.75 20000 42148 
3582.7 20000 42164 
3595.09 20000 42179 
3608.33 20000 42195 
3621.62 20000 42211 
3634.2 20000 42227 
3647.23 20000 42242 
3659.7 20000 42258 
3672.43 20000 42274 
3685.34 20000 42289 
3697.98 20000 42305 
3710.37 20000 42321 
3723.6 20000 42337 
3736.54 20000 42352 
3749.1 20000 42368 
3761.31 20000 42384 
3774.71 20000 42400 
3787.75 20000 42415 
3800.89 20000 42431 
3813.92 20000 42447 
3827.2 20000 42463 
3839.91 20000 42478 
3852.93 20000 42494 
3865.92 20000 42510 
3879.33 20000 42526 
3891.99 20000 42541 
3904.83 20000 42557 
3918.06 20000 42573 
3931.74 20000 42588 
3945.31 20000 42604 
3959.31 20000 42620 
3972.98 20000 42636 
3987.63 20000 42651 
4000.86 20000 42667 
4013.87 20000 42683 
4027.13 20000 42699 
4041.37 20000 42714 
4055.18 20000 42730 
4069.21 20000 42746 
4083.31 20000 42762 
4097.97 20000 42777 
4112.12 20000 42793 
4126.41 20000 42809 
4141.24 20000 42824 
4156.66 20000 42840 
4170.94 20000 42856 
4185.05 20000 42872 
4199.2 20000 42887 
4214.08 20000 42903 
4228.74 20000 42919 
4243.01 20000 42935 
4257.83 20000 42950 
4273.08 20000 42966 
4287.99 20000 42982 
4301.97 20000 42998 
4316.35 20000 43013 
4331.93 20000 43029 
4347.3 20000 43045 
4361.4 20000 43061 
4375.01 20000 43076 
4390.5 20000 43092 
4406.24 20000 43108 
4420.64 20000 43123 
4434.75 20000 43139 
4449.62 20000 43155 
4464.78 20000 43171 
4478.98 20000 43186 
4493.33 20000 43202 
4508.44 20000 43218 
4524.16 20000 43234 
4538.81 20000 43249 
4553.8 20000 43265 
4569.53 20000 43281 
4585.93 20000 43297 
4600.82 20000 43312 
4615.84 20000 43328 
4631.39 20000 43344 
4648.21 20000 43359 
4663.63 20000 43375 
4678.88 20000 43391 
4694.18 20000 43407 
4711.06 20000 43422 
4726.21 20000 43438 
4740.9 20000 43454 
4756.34 20000 43470 
4773.06 20000 43485 
4788.1 20000 43501 
4802.69 20000 43517 
4817.87 20000 43533 
4834.54 20000 43548 
4850.06 20000 43564 
4865.09 20000 43580 
4880.31 20000 43595 
4897.06 20000 43611 
4912.74 20000 43627 
4928.23 20000 43643 
4943.12 20000 43658 
4959.59 20000 43674 
4975.66 20000 43690 
4991.26 20000 43706 
5006.73 20000 43721 
5023.46 20000 43737 
5040.15 20000 43753 
5056.26 20000 43769 
5071.75 20000 43784 
5088.41 20000 43800 
5105.27 20000 43816 
5121.56 20000 43832 
5137.17 20000 43847 
5153.24 20000 43863 
5170.14 20000 43879 
5186.49 20000 43894 
5201.71 20000 43910 
5217.86 20000 43926 
5234.65 20000 43942 
5251.23 20000 43957 
5267.24 20000 43973 
5283.54 20000 43989 
5300.52 20000 44005 
5317.04 20000 44020 
5333.09 20000 44036 
5349.37 20000 44052 
5366.73 20000 44068 
5383.86 20000 44083 
5400.75 20000 44099 
5417.48 20000 44115 
5434.96 20000 44130 
5451.87 20000 44146 
5468.56 20000 44162 
5484.67 20000 44178 
5501.75 20000 44193 
5518.55 20000 44209 
5535.11 20000 44225 
5551.42 20000 44241 
5569.06 20000 44256 
5586.35 20000 44272 
5603.97 20000 44288 
5621.04 20000 44304 
5638.95 20000 44319 
5656 20000 44335 
5673.28 20000 44351 
5690.16 20000 44366 
5707.31 20000 44382 
5723.36 20000 44398 
5740.37 20000 44414 
5757.15 20000 44429 
5774.32 20000 44445 
5790.81 20000 44461 
5807.87 20000 44477 
5824.91 20000 44492 
5842.94 20000 44508 
5860.06 20000 44524 
5877.45 20000 44540 
5894.38 20000 44555 
5912.36 20000 44571 
5929.45 20000 44587 
5947.13 20000 44603 
5965.23 20000 44618 
5984.6 20000 44634 
6001.15 20000 44650 
6017.35 20000 44665 
6035.97 20000 44681 
6055.2 20000 44697 
6073.67 20000 44713 
6091.79 20000 44728 
6110.29 20000 44744 
6129.59 20000 44760 
6148.13 20000 44776 
6166.6 20000 44791 
6185.33 20000 44807 
6204.6 20000 44823 
6223.32 20000 44839 
6241.81 20000 44854 
6260.03 20000 44870 
6279.13 20000 44886 
6298.14 20000 44901 
6316.03 20000 44917 
6333.7 20000 44933 
6351.94 20000 44949 
6370.19 20000 44964 
6387.86 20000 44980 
6405.6 20000 44996 
6424.05 20000 45012 
6442.77 20000 45027 
6460.21 20000 45043 
6477.57 20000 45059 
6496.29 20000 45075 
6515.95 20000 45090 
6533.97 20000 45106 
6551.77 20000 45122 
6569.79 20000 45137 
6589.44 20000 45153 
6608.27 20000 45169 
6626.45 20000 45185 
6644.32 20000 45200 
6664.58 20000 45216 
6683.69 20000 45232 
6702.48 20000 45248 
6721.28 20000 45263 
6741.16 20000 45279 
6759.89 20000 45295 
6779.46 20000 45311 
6798.94 20000 45326 
6818.94 20000 45342 
6838.57 20000 45358 
6859.04 20000 45374 
6878.63 20000 45389 
6899.49 20000 45405 
6919.47 20000 45421 
6939.41 20000 45436 
6959.59 20000 45452 
6981.13 20000 45468 
7002.39 20000 45484 
7024.06 20000 45499 
7045.26 20000 45515 
7067.82 20000 45531 
7089.72 20000 45547 
7111.02 20000 45562 
7131.85 20000 45578 
7153.3 20000 45594 
7173.64 20000 45610 
7194.06 20000 45625 
7213.91 20000 45641 
7234.46 20000 45657 
7254.37 20000 45672 
7274.1 20000 45688 
7294.26 20000 45704 
7314.94 20000 45720 
7335.47 20000 45735 
7355.71 20000 45751 
7375.77 20000 45767 
7396.27 20000 45783 
7416.82 20000 45798 
7436.65 20000 45814 
7457.04 20000 45830 
7478.49 20000 45845 
7499.47 20000 45861 
7519.69 20000 45877 
7539.78 20000 45893 
7559.47 20000 45908 
7578.38 20000 45924 
7596.02 20000 45940 
7616.05 20000 45956 
7638.27 20000 45971 
7660.54 20000 45987 
7680.17 20000 46003 
7700.55 20000 46019 
7721.94 20000 46034 
7743.64 20000 46050 
7763.2 20000 46066 
7783.67 20000 46081 
7805.83 20000 46097 
7828.44 20000 46113 
7849.78 20000 46129 
7871.89 20000 46144 
7893.91 20000 46160 
7916.39 20000 46176 
7937.35 20000 46192 
7958.46 20000 46207 
7979.78 20000 46223 
8002.47 20000 46239 
8024 20000 46255 
8046.51 20000 46270 
8068.28 20000 46286 
8090.71 20000 46302 
8112.45 20000 46317 
8134.85 20000 46333 
8157.48 20000 46349 
8181.29 20000 46365 
8203.6 20000 46380 
8226.02 20000 46396 
8248.29 20000 46412 
8271.86 20000 46428 
8293.6 20000 46443 
8314.86 20000 46459 
8336.44 20000 46475 
8360.18 20000 46491 
8383.13 20000 46506 
8405.66 20000 46522 
8428 20000 46538 
8452.21 20000 46553 
8475.72 20000 46569 
8497.99 20000 46585 
8520.67 20000 46601 
8544.81 20000 46616 
8568.57 20000 46632 
8590.91 20000 46648 
8613.44 20000 46664 
8637.48 20000 46679 
8660.82 20000 46695 
8683.12 20000 46711 
8706.18 20000 46727 
8729.81 20000 46742 
8754 20000 46758 
8776.95 20000 46774 
8799.91 20000 46789 
8824.13 20000 46805 
8848.54 20000 46821 
8870.87 20000 46837 
8893.67 20000 46852 
8918.26 20000 46868 
8943.97 20000 46884 
8967.87 20000 46900 
8990.79 20000 46915 
9014.03 20000 46931 
9039.13 20000 46947 
9063.31 20000 46963 
9087.11 20000 46978 
9111.13 20000 46994 
9136.37 20000 47010 
9160.28 20000 47025 
9183.75 20000 47041 
9207.03 20000 47057 
9232.37 20000 47073 
9256.74 20000 47088 
9280.41 20000 47104 
9303.48 20000 47120 
9328.3 20000 47136 
9352.68 20000 47151 
9376.85 20000 47167 
9400.04 20000 47183 
9424.89 20000 47199 
9449.04 20000 47214 
9472.88 20000 47230 
9495.87 20000 47246 
9520.05 20000 47261 
9543.56 20000 47277 
9567.59 20000 47293 
9590.87 20000 47309 
9615.21 20000 47324 
9638.92 20000 47340 
9662.32 20000 47356 
9684.95 20000 47372 
9708.82 20000 47387 
9732.89 20000 47403 
9757.21 20000 47419 
9780.7 20000 47435 
9804.36 20000 47450 
9827.72 20000 47466 
9852 20000 47482 
9875.46 20000 47497 
9899.72 20000 47513 
9924.13 20000 47529 
9949.22 20000 47545 
9975.47 20000 47560 
10001.37 20000 47576 
10026.11 20000 47592 
10051.36 20000 47608 
10077.17 20000 47623 
10102.78 20000 47639 
10126.96 20000 47655 
10150.06 20000 47670 
10174.16 20000 47686 
10198.59 20000 47702 
10222.77 20000 47718 
10246.6 20000 47733 
10272.29 20000 47749 
10300.05 20000 47765 
10327.55 20000 47781 
10352.76 20000 47796 
10378.19 20000 47812 
10403.79 20000 47828 
10430.2 20000 47844 
10455.51 20000 47859 
10481.11 20000 47875 
10506.6 20000 47891 
10532.78 20000 47906 
10557.54 20000 47922 
10582.83 20000 47938 
10608.5 20000 47954 
10635.95 20000 47969 
10662.46 20000 47985 
10689.24 20000 48001 
10715.79 20000 48017 
10743.07 20000 48032 
10768.84 20000 48048 
10794.45 20000 48064 
10819.58 20000 48079 
10846.32 20000 48095 
10871.59 20000 48111 
10895.88 20000 48127 
10919.23 20000 48142 
10944.56 20000 48158 
10968.97 20000 48174 
10993.75 20000 48190 
11018.57 20000 48205 
11045.37 20000 48221 
11071.51 20000 48237 
11098.2 20000 48253 
11124.35 20000 48268 
11151.7 20000 48284 
11178.06 20000 48300 
11204.46 20000 48315 
11230.26 20000 48331 
11257.17 20000 48347 
11283.73 20000 48363 
11311.17 20000 48378 
11339.94 20000 48394 
11371.08 20000 48410 
11400.76 20000 48426 
11428.42 20000 48441 
11454.89 20000 48457 
11481.89 20000 48473 
11509 20000 48489 
11535.58 20000 48504 
11561.35 20000 48520 
11587.58 20000 48536 
11614.15 20000 48551 
11639.95 20000 48567 
11665.72 20000 48583 
11692.46 20000 48599 
11720.63 20000 48614 
11747.98 20000 48630 
11775.96 20000 48646 
11804.86 20000 48662 
11834.72 20000 48677 
11863.13 20000 48693 
11891.36 20000 48709 
11919.48 20000 48725 
11948.42 20000 48740 
11977.71 20000 48756 
12007.88 20000 48772 
12037.9 20000 48787 
12068.23 20000 48803 
12097.92 20000 48819 
12127.79 20000 48835 
12156.68 20000 48850 
12184.9 20000 48866 
12213.37 20000 48882 
12243.39 20000 48898 
12271.15 20000 48913 
12299.25 20000 48929 
12326.59 20000 48945 
12354.51 20000 48961 
12381.91 20000 48976 
12409.96 20000 48992 
12437.25 20000 49008 
12466.51 20000 49023 
12496.25 20000 49039 
12526.59 20000 49055 
12554.77 20000 49071 
12584.29 20000 49086 
12612.28 20000 49102 
12640.55 20000 49118 
12667.47 20000 49134 
12694.9 20000 49149 
12723.31 20000 49165 
12753.15 20000 49181 
12780.25 20000 49197 
12808 20000 49212 
12837.15 20000 49228 
12868.55 20000 49244 
12900.75 20000 49259 
12933.43 20000 49275 
12965.06 20000 49291 
12997.2 20000 49307 
13028.92 20000 49322 
13060.4 20000 49338 
13092.27 20000 49354 
13125.38 20000 49370 
13156.67 20000 49385 
13187.03 20000 49401 
13217.5 20000 49417 
13249.09 20000 49432 
13280.76 20000 49448 
13311.87 20000 49464 
13343.08 20000 49480 
13374.92 20000 49495 
13406.37 20000 49511 
13434.51 20000 49527 
13461 20000 49543 
13490.35 20000 49558 
13521.7 20000 49574 
13551.81 20000 49590 
13580.44 20000 49606 
13608.95 20000 49621 
13639.96 20000 49637 
13670.77 20000 49653 
13700.96 20000 49668 
13731.1 20000 49684 
13757.45 20000 49700 
13721.94 20000 49716 
13670.39 20000 49731 
13700.55 20000 49747 
13745.46 20000 49763 
13786.47 20000 49779 
13825.66 20000 49794 
13865.03 20000 49810 
13905.97 20000 49826 
13943.63 20000 49842 
13979.9 20000 49857 
14016.09 20000 49873 
14053.91 20000 49889 
14089.81 20000 49904 
14125.9 20000 49920 
14161.35 20000 49936 
14197.17 20000 49952 
14231.62 20000 49967 
14266.72 20000 49983 
14300.68 20000 49999 
14335.33 20000 50015 
14368.79 20000 50030 
14400.92 20000 50046 
14432.62 20000 50062 
14466.44 20000 50077 
14500.23 20000 50093 
14534.52 20000 50109 
14567.67 20000 50125 
14603 20000 50140 
14639.79 20000 50156 
14676.26 20000 50172 
14711.83 20000 50188 
14747.67 20000 50203 
14783.43 20000 50219 
14818.13 20000 50235 
14852.21 20000 50251 
14887.47 20000 50266 
14923.56 20000 50282 
14958.28 20000 50298 
14992.55 20000 50313 
15027.84 20000 50329 
15063.28 20000 50345 
15097.53 20000 50361 
15131.49 20000 50376 
15165.05 20000 50392 
15199.9 20000 50408 
15234.4 20000 50424 
15268.82 20000 50439 
15303.74 20000 50455 
15340.61 20000 50471 
15376.93 20000 50487 
15412.88 20000 50502 
15447.56 20000 50518 
15483.38 20000 50534 
15517.91 20000 50549 
15552.68 20000 50565 
15586.44 20000 50581 
15620.25 20000 50597 
15652.06 20000 50612 
15683.65 20000 50628 
15716.61 20000 50644 
15751.84 20000 50660 
15786.71 20000 50675 
15823.28 20000 50691 
15858.91 20000 50707 
15895.31 20000 50723 
15930.77 20000 50738 
15968.79 20000 50754 
16006.17 20000 50770 
16043.45 20000 50785 
16079.23 20000 50801 
16115.65 20000 50817 
16151.64 20000 50833 
16189.14 20000 50848 
16225.89 20000 50864 
16263.39 20000 50880 
16300.25 20000 50896 
16337.84 20000 50911 
16373.95 20000 50927 
16410.81 20000 50943 
16446.31 20000 50959 
16482.89 20000 50974 
16518.55 20000 50990 
16553.95 20000 51006 
16588.3 20000 51021 
16623.49 20000 51037 
16658.3 20000 51053 
16692.78 20000 51069 
16726.85 20000 51084 
16760.74 20000 51100 
16793.79 20000 51116 
16827.72 20000 51132 
16862.7 20000 51147 
16899.48 20000 51163 
16935.81 20000 51179 
16972.45 20000 51194 
17009.06 20000 51210 
17045.07 20000 51226 
17081.69 20000 51242 
17118.05 20000 51257 
17154.57 20000 51273 
17191.37 20000 51289 
17228.59 20000 51305 
17265.41 20000 51320 
17301.15 20000 51336 
17337.47 20000 51352 
17374.42 20000 51368 
17409.74 20000 51383 
17445.59 20000 51399 
17482.3 20000 51415 
17519.91 20000 51430 
17553.9 20000 51446 
17587.53 20000 51462 
17624.1 20000 51478 
17663.77 20000 51493 
17700.24 20000 51509 
17736.32 20000 51525 
17772.33 20000 51541 
17810.76 20000 51556 
17849.27 20000 51572 
17888.32 20000 51588 
17926.08 20000 51603 
17965.93 20000 51619 
18002.91 20000 51635 
18038.66 20000 51651 
18073.6 20000 51666 
18110.8 20000 51682 
18146.69 20000 51698 
18182.47 20000 51714 
18218.34 20000 51729 
18257.42 20000 51745 
18295.48 20000 51761 
18333.04 20000 51777 
18368.28 20000 51792 
18405.24 20000 51808 
18442.49 20000 51824 
18481.31 20000 51839 
18518.75 20000 51855 
18556.47 20000 51871 
18594.47 20000 51887 
18633.18 20000 51902 
18669.9 20000 51918 
18708.01 20000 51934 
18746.29 20000 51950 
18785.02 20000 51965 
18824.48 20000 51981 
18865.41 20000 51997 
18905.9 20000 52012 
18945.59 20000 52028 
18984.56 20000 52044 
19024.72 20000 52060 
19066.19 20000 52075 
19108.26 20000 52091 
19149.37 20000 52107 
19190.58 20000 52123 
19232.3 20000 52138 
19273.68 20000 52154 
19314.59 20000 52170 
19355.07 20000 52186 
19394.3 20000 52201 
19432.1 20000 52217 
19467.93 20000 52233 
19501.79 20000 52248 
19538.1 20000 52264 
19576.82 20000 52280 
19617.31 20000 52296 
19659.69 20000 52311 
19702.74 20000 52327 
19744.98 20000 52343 
19787.33 20000 52359 
19826.14 20000 52374 
19867.51 20000 52390 
19910.4 20000 52406 
19953.6 20000 52421 
19994.83 20000 52437 
20036.89 20000 52453 
20078.19 20000 52469 
20119.21 20000 52469 
20134.55 20000 52469 
20088.08 20000 52469 
20025.08 20000 52469 
19970.51 20000 52469 
19921.43 20000 52469 
19876.21 20000 52469 
19833.14 20000 52469 
19786.87 20000 52469 
19742.91 20000 52469 
19705.3 20000 52469 
19670.99 20000 52469 
19637.73 20000 52469 
19605.95 20000 52469 
19575.52 20000 52469 
19546.03 20000 52469 
19517.61 20000 52469 
19489.77 20000 52469 
19463.06 20000 52469 
19436.53 20000 52469 
19410.66 20000 52469 
19385.73 20000 52469 
19361.13 20000 52469 
19337.16 20000 52469 
19313.7 20000 52469 
19290.55 20000 52469 
19267.68 20000 52469 
19245.25 20000 52469 
19223.22 20000 52469 
19201.54 20000 52469 
19180.55 20000 52469 
19159.8 20000 52469 
19139.39 20000 52469 
19119.33 20000 52469 
19099.28 20000 52469 
19079.8 20000 52469 
19060.54 20000 52469 
19041.54 20000 52469 
19022.83 20000 52469 
19004.24 20000 52469 
18985.95 20000 52469 
18967.95 20000 52469 
18950.15 20000 52469 
18932.75 20000 52469 
18915.1 20000 52469 
18897.71 20000 52469 
18880.93 20000 52469 
18864.29 20000 52469 
18847.79 20000 52469 
18831.49 20000 52469 
18815.3 20000 52469 
18799.13 20000 52469 
18783.56 20000 52469 
18767.8 20000 52469 
18752.14 20000 52469 
18736.41 20000 52469 
18720.78 20000 52469 
18705.36 20000 52469 
18690.12 20000 52469 
18674.91 20000 52469 
18660.19 20000 52469 
18645.91 20000 52469 
18631.7 20000 52469 
18617.61 20000 52469 
18603.2 20000 52469 
18589.14 20000 52469 
18575.39 20000 52469 
18561.56 20000 52469 
18547.91 20000 52469 
18534.73 20000 52469 
18521.62 20000 52469 
18508.3 20000 52469 
18494.97 20000 52469 
18482.26 20000 52469 
18469.32 20000 52469 
18456.3 20000 52469 
18443.14 20000 52469 
18430.48 20000 52469 
18418.15 20000 52469 
18405.91 20000 52469 
18393.72 20000 52469 
18381.43 20000 52469 
18368.96 20000 52469 
18356.46 20000 52469 
18344.54 20000 52469 
18332.93 20000 52469 
18321.36 20000 52469 
18309.71 20000 52469 
18298.36 20000 52469 
18286.58 20000 52469 
18275.24 20000 52469 
18263.4 20000 52469 
18251.93 20000 52469 
18240.69 20000 52469 
18229.25 20000 52469 
18218.09 20000 52469 
18207 20000 52469 
18196.17 20000 52469 
18187.03 20000 52469 
18178.83 20000 52469 
18167.99 20000 52469 
18154.42 20000 52469 
18143.22 20000 52469 
18132.01 20000 52469 
18121.21 20000 52469 
18112.39 20000 52469 
18100.52 20000 52469 
18086.73 20000 52469 
18076.45 20000 52469 
18065.24 20000 52469 
18054.61 20000 52469 
18044.21 20000 52469 
18034.98 20000 52469 
18027.93 20000 52469 
18019.85 20000 52469 
18008.73 20000 52469 
17997.49 20000 52469 
17986.76 20000 52469 
17978.19 20000 52469 
17971.32 20000 52469 
17959.23 20000 52469 
17946.33 20000 52469 
17936.71 20000 52469 
17930.43 20000 52469 
17921.32 20000 52469 
17910.22 20000 52469 
17900.79 20000 52469 
17887.69 20000 52469 
17876.52 20000 52469 
17869.73 20000 52469 
17868.2 20000 52469 
17863.97 20000 52469 
17854.09 20000 52469 
17838.12 20000 52469 
17826.46 20000 52469 
17814.53 20000 52469 
17799.34 20000 52469 
17796.67 20000 52469 
17787.78 20000 52469 
17779.52 20000 52469 
17772.95 20000 52469 
17760.26 20000 52469 
17736.98 20000 52469 
17736.82 20000 52469 
17740.68 20000 52469 
17722.43 20000 52469 
17718.95 20000 52469 
17707.9 20000 52469 
17696.09 20000 52469 
17689.6 20000 52469 
17691.9 20000 52469 
17691.44 20000 52469 
17678.53 20000 52469 
17666.36 20000 52469 
17660.39 20000 52469 
17655.62 20000 52469 
17661.5 20000 52469 
17659.88 20000 52469 
17645.36 20000 52469 
17632.66 20000 52469 
17628.61 20000 52469 
17619.73 20000 52469 
17606.56 20000 52469 
17599.62 20000 52469 
17584.02 20000 52469 
17562.44 20000 52469 
17569.55 20000 52469 
17593.64 20000 52469 
17588.16 20000 52469 
17574.49 20000 52469 
17569.38 20000 52469 
17554.25 20000 52469 
17535.45 20000 52469 
17511.94 20000 52469 
17504.29 20000 52469 
17505.84 20000 52469 
17513.45 20000 52469 
17481.05 20000 52469 
17471.59 20000 52469 
17475.67 20000 52469 
17470.75 20000 52469 
17457.78 20000 52469 
17440.39 20000 52469 
17427.01 20000 52469 
17423.64 20000 52469 
17423.2 20000 52469 
17417.14 20000 52469 
17412.81 20000 52469 
17414.3 20000 52469 
17424.13 20000 52469 
17421.96 20000 52469 
17416.34 20000 52469 
17410.21 20000 52469 
17403.9 20000 52469 
17396.02 20000 52469 
17387.59 20000 52469 
17381.42 20000 52469 
17374.22 20000 52469 
17366.92 20000 52469 
17360.67 20000 52469 
17353.82 20000 52469 
17348.01 20000 52469 
17341.13 20000 52469 
17333.9 20000 52469 
17327.21 20000 52469 
17320.53 20000 52469 
17313.43 20000 52469 
17306.91 20000 52469 
17299.94 20000 52469 
17292.93 20000 52469 
17286.98 20000 52469 
17280.42 20000 52469 
17273.65 20000 52469 
17266.34 20000 52469 
17259.43 20000 52469 
17252.46 20000 52469 
17246.06 20000 52469 
17239.46 20000 52469 
17232.39 20000 52469 
17225.95 20000 52469 
17219.5 20000 52469 
17212.7 20000 52469 
17205.67 20000 52469 
17199.18 20000 52469 
17192.48 20000 52469 
17186.03 20000 52469 
17179.61 20000 52469 
17173.8 20000 52469 
17167.67 20000 52469 
17161.44 20000 52469 
17156.39 20000 52469 
17150.34 20000 52469 
17143.06 20000 52469 
17137.19 20000 52469 
17131.4 20000 52469 
17125.01 20000 52469 
17118.53 20000 52469 
17112.67 20000 52469 
17107.33 20000 52469 
17102.12 20000 52469 
17096.9 20000 52469 
17091.04 20000 52469 
17089.06 20000 52469 
17085.08 20000 52469 
17080.5 20000 52469 
17080.2 20000 52469 
17082.53 20000 52469 
17068.34 20000 52469 
17059.97 20000 52469 
17051.71 20000 52469 
17044.98 20000 52469 
17039.83 20000 52469 
17023.3 20000 52469 
17015.15 20000 52469 
16998.07 20000 52469 
16996.14 20000 52469 
17001.65 20000 52469 
16979.51 20000 52469 
17004.01 20000 52469 
17025.6 20000 52469 
17038.89 20000 52469 
17018.22 20000 52469 
16998.51 20000 52469 
16981.7 20000 52469 
16972.01 20000 52469 
16967.97 20000 52469 
17001.34 20000 52469 
16987.06 20000 52469 
16965.81 20000 52469 
16954.28 20000 52469 
16934.29 20000 52469 
16921.47 20000 52469 
16909.69 20000 52469 
16916.84 20000 52469 
16922.62 20000 52469 
16914.96 20000 52469 
16902.39 20000 52469 
16893.47 20000 52469 
16878.37 20000 52469 
16869.29 20000 52469 
16879.71 20000 52469 
16870.01 20000 52469 
16833.13 20000 52469 
16819.72 20000 52469 
16822.64 20000 52469 
16837.58 20000 52469 
16838.29 20000 52469 
16852.54 20000 52469 
16875.96 20000 52469 
16882.54 20000 52469 
16877.44 20000 52469 
16870.2 20000 52469 
16862.78 20000 52469 
16854.93 20000 52469 
16848.17 20000 52469 
16841.88 20000 52469 
16836.21 20000 52469 
16831.08 20000 52469 
16825.68 20000 52469 
16820.63 20000 52469 
16815.61 20000 52469 
16810.61 20000 52469 
16805.38 20000 52469 
16800.13 20000 52469 
16794.62 20000 52469 
16789.61 20000 52469 
16784.08 20000 52469 
16773.93 20000 52469 
16768.88 20000 52469 
16763.72 20000 52469 
16758.68 20000 52469 
16753.37 20000 52469 
16748.48 20000 52469 
16743.48 20000 52469 
16738.45 20000 52469 
16733.43 20000 52469 
16728.18 20000 52469 
16723.22 20000 52469 
16718.15 20000 52469 
16712.39 20000 52469 
16711.26 20000 52469 
16704.85 20000 52469 
16703.66 20000 52469 
16697.78 20000 52469 
16692.44 20000 52469 
16687.31 20000 52469 
16682.35 20000 52469 
16676.23 20000 52469 
16671.56 20000 52469 
16666.31 20000 52469 
16661.26 20000 52469 
16656.03 20000 52469 
16651.17 20000 52469 
16645.92 20000 52469 
16640.94 20000 52469 
16635.65 20000 52469 
16630.78 20000 52469 
16625.68 20000 52469 
16621.01 20000 52469 
16616.69 20000 52469 
16612.16 20000 52469 
16607.49 20000 52469 
16602.65 20000 52469 
16597.73 20000 52469 
16592.59 20000 52469 
16587.84 20000 52469 
16582.99 20000 52469 
16578.68 20000 52469 
16573.81 20000 52469 
16569.25 20000 52469 
16564.36 20000 52469 
16559.88 20000 52469 
16556.71 20000 52469 
16553.61 20000 52469 
16547.23 20000 52469 
16537.49 20000 52469 
16533.15 20000 52469 
16519.6 20000 52469 
16504.92 20000 52469 
16494.33 20000 52469 
16485.97 20000 52469 
16482.54 20000 52469 
16473.67 20000 52469 
16474.15 20000 52469 
16463.91 20000 52469 
16442.72 20000 52469 
16406.24 20000 52469 
16383.12 20000 52469 
16354.23 20000 52469 
16346.01 20000 52469 
16365.45 20000 52469 
16378.59 20000 52469 
16387.74 20000 52469 
16395.27 20000 52469 
16404.76 20000 52469 
16421.56 20000 52469 
16438.86 20000 52469 
16447.34 20000 52469 
16445.08 20000 52469 
16444.31 20000 52469 
16439.81 20000 52469 
16433.85 20000 52469 
16434.1 20000 52469 
16433.98 20000 52469 
16436.34 20000 52469 
16431.03 20000 52469 
16426.59 20000 52469 
16422.08 20000 52469 
16418.08 20000 52469 
16413.77 20000 52469 
16408.33 20000 52469 
16403.55 20000 52469 
16398.74 20000 52469 
16394.18 20000 52469 
16389.53 20000 52469 
16384.5 20000 52469 
16380.01 20000 52469 
16375.81 20000 52469 
16371.69 20000 52469 
16367.25 20000 52469 
16363.21 20000 52469 
16358.73 20000 52469 
16351.47 20000 52469 
16326.06 20000 52469 
16285.49 20000 52469 
16251.14 20000 52469 
16222.79 20000 52469 
16196.79 20000 52469 
16172.4 20000 52469 
16149.5 20000 52469 
16129.04 20000 52469 
16109.9 20000 52469 
16092.24 20000 52469 
16078.72 20000 52469 
16068.23 20000 52469 
16058.08 20000 52469 
16048.15 20000 52469 
16038.82 20000 52469 
16030.09 20000 52469 
16022.55 20000 52469 
16015.46 20000 52469 
16008.24 20000 52469 
16001.18 20000 52469 
15994.67 20000 52469 
15988.57 20000 52469 
15982.42 20000 52469 
15976.45 20000 52469 
15970.41 20000 52469 
15964.45 20000 52469 
15958.76 20000 52469 
15952.91 20000 52469 
15947.08 20000 52469 
15940.5 20000 52469 
15935.11 20000 52469 
15929.37 20000 52469 
15923.61 20000 52469 
15917.48 20000 52469 
15911.58 20000 52469 
15905.77 20000 52469 
15899.88 20000 52469 
15894.76 20000 52469 
15889.37 20000 52469 
15884.04 20000 52469 
15878.07 20000 52469 
15872.68 20000 52469 
15867.16 20000 52469 
15861.72 20000 52469 
15856.43 20000 52469 
15850.34 20000 52469 
15844.57 20000 52469 
15838.68 20000 52469 
15832.85 20000 52469 
15826.81 20000 52469 
15822.08 20000 52469 
15816.13 20000 52469 
15810.67 20000 52469 
15806.46 20000 52469 
15801.61 20000 52469 
15796.7 20000 52469 
15791.93 20000 52469 
15787.05 20000 52469 
15781.93 20000 52469 
15776.92 20000 52469 
15772.14 20000 52469 
15767.31 20000 52469 
15762.63 20000 52469 
15757.93 20000 52469 
15753.64 20000 52469 
15749.08 20000 52469 
15744.4 20000 52469 
15740.03 20000 52469 
15735.63 20000 52469 
15731.42 20000 52469 
15727.02 20000 52469 
15724.7 20000 52469 
15719.72 20000 52469 
15716.59 20000 52469 
15711.42 20000 52469 
15707.34 20000 52469 
15703.67 20000 52469 
15699.33 20000 52469 
15695.23 20000 52469 
15691.57 20000 52469 
15687.31 20000 52469 
15683.23 20000 52469 
15679.38 20000 52469 
15675.74 20000 52469 
15672.28 20000 52469 
15668.93 20000 52469 
15665.81 20000 52469 
15662.2 20000 52469 
15658.33 20000 52469 
15654.48 20000 52469 
15651.1 20000 52469 
15647.75 20000 52469 
15643.38 20000 52469 
15639.54 20000 52469 
15636.15 20000 52469 
15632.79 20000 52469 
15629.23 20000 52469 
15625.58 20000 52469 
15621.95 20000 52469 
15618.15 20000 52469 
15614.38 20000 52469 
15611.08 20000 52469 
15608.14 20000 52469 
15604.76 20000 52469 
15601.54 20000 52469 
15598.45 20000 52469 
15595.44 20000 52469 
15591.82 20000 52469 
15588.34 20000 52469 
15585.12 20000 52469 
15581.78 20000 52469 
15578.33 20000 52469 
15575.16 20000 52469 
15571.75 20000 52469 
15568.3 20000 52469 
15564.7 20000 52469 
15561.5 20000 52469 
15558.11 20000 52469 
15554.75 20000 52469 
15551.08 20000 52469 
15547.82 20000 52469 
15544.28 20000 52469 
15540.93 20000 52469 
15538.09 20000 52469 
15534.8 20000 52469 
15531.16 20000 52469 
15528.04 20000 52469 
15524.79 20000 52469 
15521.38 20000 52469 
15517.9 20000 52469 
15514.73 20000 52469 
15511.53 20000 52469 
15508.5 20000 52469 
15505.48 20000 52469 
15502.53 20000 52469 
15499.29 20000 52469 
15496.55 20000 52469 
15493.75 20000 52469 
15491.17 20000 52469 
15488.06 20000 52469 
15484.88 20000 52469 
15482.22 20000 52469 
15479.29 20000 52469 
15476.46 20000 52469 
15473.54 20000 52469 
15470.51 20000 52469 
15467.55 20000 52469 
15464.61 20000 52469 
15461.71 20000 52469 
15458.96 20000 52469 
15455.89 20000 52469 
15452.99 20000 52469 
15450.3 20000 52469 
15447.53 20000 52469 
15444.45 20000 52469 
15441.67 20000 52469 
15438.86 20000 52469 
15435.66 20000 52469 
15432.92 20000 52469 
15430.2 20000 52469 
15427.4 20000 52469 
15424.46 20000 52469 
15421.88 20000 52469 
15419.41 20000 52469 
15416.43 20000 52469 
15413.43 20000 52469 
15410.47 20000 52469 
15407.62 20000 52469 
15404.87 20000 52469 
15402.11 20000 52469 
15399.65 20000 52469 
15397.25 20000 52469 
15394.67 20000 52469 
15391.66 20000 52469 
15388.91 20000 52469 
15385.99 20000 52469 
15383.14 20000 52469 
15380.54 20000 52469 
15377.73 20000 52469 
15374.92 20000 52469 
15372.4 20000 52469 
15370.01 20000 52469 
15367.92 20000 52469 
15365.3 20000 52469 
15362.73 20000 52469 
15360.06 20000 52469 
15357.78 20000 52469 
15355.34 20000 52469 
15352.94 20000 52469 
15350.98 20000 52469 
15348.89 20000 52469 
15346.54 20000 52469 
15344.15 20000 52469 
15341.63 20000 52469 
15339.13 20000 52469 
15336.84 20000 52469 
15334.54 20000 52469 
15332.13 20000 52469 
15329.74 20000 52469 
15327.49 20000 52469 
15325.08 20000 52469 
15322.62 20000 52469 
15320.19 20000 52469 
15318.06 20000 52469 
15315.82 20000 52469 
15313.15 20000 52469 
15310.55 20000 52469 
15308.59 20000 52469 
15306.39 20000 52469 
15303.92 20000 52469 
15301.65 20000 52469 
15299.63 20000 52469 
15297.36 20000 52469 
15294.96 20000 52469 
15292.55 20000 52469 
15290.32 20000 52469 
15288.2 20000 52469 
15285.81 20000 52469 
15283.66 20000 52469 
15281.14 20000 52469 
15278.65 20000 52469 
15276.86 20000 52469 
15274.88 20000 52469 
15272.9 20000 52469 
15270.75 20000 52469 
15268.42 20000 52469 
15266.3 20000 52469 
15264.06 20000 52469 
15262.14 20000 52469 
15260.41 20000 52469 
15258.64 20000 52469 
15256.62 20000 52469 
15254.7 20000 52469 
15252.86 20000 52469 
15250.92 20000 52469 
15249.01 20000 52469 
15247.06 20000 52469 
15244.95 20000 52469 
15242.98 20000 52469 
15240.89 20000 52469 
15238.67 20000 52469 
15236.79 20000 52469 
15234.77 20000 52469 
15232.68 20000 52469 
15230.85 20000 52469 
15229 20000 52469 
15227.09 20000 52469 
15225.26 20000 52469 
15223.66 20000 52469 
15222.36 20000 52469 
15220.82 20000 52469 
15219.16 20000 52469 
15217.82 20000 52469 
15215.83 20000 52469 
15213.77 20000 52469 
15212.04 20000 52469 
15210.39 20000 52469 
15208.6 20000 52469 
15207.04 20000 52469 
15205.34 20000 52469 
15203.27 20000 52469 
15201.44 20000 52469 
15199.96 20000 52469 
15198.27 20000 52469 
15196.64 20000 52469 
15195.15 20000 52469 
15193.21 20000 52469 
15191.55 20000 52469 
15190.12 20000 52469 
15188.34 20000 52469 
15186.76 20000 52469 
15185.15 20000 52469 
15183.29 20000 52469 
15181.39 20000 52469 
15179.64 20000 52469 
15177.84 20000 52469 
15176.42 20000 52469 
15174.76 20000 52469 
15173.07 20000 52469 
15171.56 20000 52469 
15169.89 20000 52469 
15168.33 20000 52469 
15166.77 20000 52469 
15164.95 20000 52469 
15163.45 20000 52469 
15162.17 20000 52469 
15160.41 20000 52469 
15158.97 20000 52469 
15157.71 20000 52469 
15156.16 20000 52469 
15154.76 20000 52469 
15153.53 20000 52469 
15152.61 20000 52469 
15151.6 20000 52469 
15150.28 20000 52469 
15148.67 20000 52469 
15147.2 20000 52469 
15145.59 20000 52469 
15144.03 20000 52469 
15142.68 20000 52469 
15141.41 20000 52469 
15140.25 20000 52469 
15139.09 20000 52469 
15137.56 20000 52469 
15136.2 20000 52469 
15134.81 20000 52469 
15133.29 20000 52469 
15132.26 20000 52469 
15131.25 20000 52469 
15130.06 20000 52469 
15128.66 20000 52469 
15127.2 20000 52469 
15126.14 20000 52469 
15125.22 20000 52469 
15124.26 20000 52469 
15123.17 20000 52469 
15121.84 20000 52469 
15120.57 20000 52469 
15119.38 20000 52469 
15118.24 20000 52469 
15117.18 20000 52469 
15115.62 20000 52469 
15114.09 20000 52469 
15112.98 20000 52469 
15111.72 20000 52469 
15110.22 20000 52469 
15109.25 20000 52469 
15107.96 20000 52469 
15106.29 20000 52469 
15104.64 20000 52469 
15103.16 20000 52469 
15101.7 20000 52469 
15100.8 20000 52469 
15099.44 20000 52469 
15098.06 20000 52469 
15096.87 20000 52469 
15095.43 20000 52469 
15093.81 20000 52469 
15092.47 20000 52469 
15090.89 20000 52469 
15089.39 20000 52469 
15088.28 20000 52469 
15087 20000 52469 
15085.57 20000 52469 
15084.55 20000 52469 
15083.21 20000 52469 
15081.65 20000 52469 
15080.01 20000 52469 
15079.08 20000 52469 
15077.74 20000 52469 
15076.05 20000 52469 
15074.72 20000 52469 
15073.6 20000 52469 
15072.3 20000 52469 
15070.88 20000 52469 
15069.42 20000 52469 
15067.94 20000 52469 
15066.56 20000 52469 
15065.2 20000 52469 
15063.74 20000 52469 
15062.35 20000 52469 
15060.7 20000 52469 
15059.39 20000 52469 
15058.11 20000 52469 
15056.42 20000 52469 
15054.95 20000 52469 
15053.56 20000 52469 
15052.26 20000 52469 
15051.22 20000 52469 
15050.07 20000 52469 
15048.71 20000 52469 
15047.41 20000 52469 
15046.17 20000 52469 
15045.34 20000 52469 
15044.11 20000 52469 
15042.53 20000 52469 
15041.45 20000 52469 
15040.32 20000 52469 
15038.9 20000 52469 
15037.36 20000 52469 
15036.39 20000 52469 
15035.31 20000 52469 
15034.22 20000 52469 
15033 20000 52469 
15031.89 20000 52469 
15030.74 20000 52469 
15029.54 20000 52469 
15028.38 20000 52469 
15026.96 20000 52469 
15025.92 20000 52469 
15024.92 20000 52469 
15023.68 20000 52469 
15022.25 20000 52469 
15021.2 20000 52469 
15020.3 20000 52469 
15018.81 20000 52469 
15017.85 20000 52469 
15016.85 20000 52469 
15015.69 20000 52469 
15014.8 20000 52469 
15013.8 20000 52469 
15012.48 20000 52469 
15011.02 20000 52469 
15009.87 20000 52469 
15008.67 20000 52469 
15007.35 20000 52469 
15006.31 20000 52469 
15005.28 20000 52469 
15004.39 20000 52469 
15003.16 20000 52469 
15002.19 20000 52469 
15001.35 20000 52469 
15000.3 20000 52469 
14998.98 20000 52469 
14997.81 20000 52469 
14996.47 20000 52469 
14995.81 20000 52469 
14994.68 20000 52469 
14993.62 20000 52469 
14992.55 20000 52469 
14991.5 20000 52469 
14990.72 20000 52469 
14989.62 20000 52469 
14988.96 20000 52469 
14987.84 20000 52469 
14986.82 20000 52469 
14986.07 20000 52469 
14984.79 20000 52469 
14983.57 20000 52469 
14982.71 20000 52469 
14981.61 20000 52469 
14980.51 20000 52469 
14979.44 20000 52469 
14978.34 20000 52469 
14977.29 20000 52469 
14976.51 20000 52469 
14975.49 20000 52469 
14974.38 20000 52469 
14973.72 20000 52469 
14972.8 20000 52469 
14971.79 20000 52469 
14971.01 20000 52469 
14970.14 20000 52469 
14969.12 20000 52469 
14967.97 20000 52469 
14966.9 20000 52469 
14965.79 20000 52469 
14964.8 20000 52469 
14963.87 20000 52469 
14963.11 20000 52469 
14962.17 20000 52469 
14961.37 20000 52469 
14960.27 20000 52469 
14959.33 20000 52469 
14958.5 20000 52469 
14957.52 20000 52469 
14956.95 20000 52469 
14956.11 20000 52469 
14955.18 20000 52469 
14954.18 20000 52469 
14953.24 20000 52469 
14952.23 20000 52469 
14951.21 20000 52469 
14950.04 20000 52469 
14948.7 20000 52469 
14947.5 20000 52469 
14946.29 20000 52469 
14945.03 20000 52469 
14944.11 20000 52469 
14943.39 20000 52469 
14942.07 20000 52469 
14940.77 20000 52469 
14939.88 20000 52469 
14938.83 20000 52469 
14937.73 20000 52469 
14936.41 20000 52469 
14935.59 20000 52469 
14934.47 20000 52469 
14933.5 20000 52469 
14932.06 20000 52469 
14930.58 20000 52469 
14929.25 20000 52469 
14928.2 20000 52469 
14927.14 20000 52469 
14925.89 20000 52469 
14924.82 20000 52469 
14924.13 20000 52469 
14923.28 20000 52469 
14922.12 20000 52469 
14921.2 20000 52469 
14920.16 20000 52469 
14919.1 20000 52469 
14918.3 20000 52469 
14917.16 20000 52469 
14916.33 20000 52469 
14915.52 20000 52469 
14914.4 20000 52469 
14913.68 20000 52469 
14913.33 20000 52469 
14912.53 20000 52469 
14911.65 20000 52469 
14910.97 20000 52469 
14910.38 20000 52469 
14909.72 20000 52469 
14909.23 20000 52469 
14908.47 20000 52469 
14907.75 20000 52469 
14906.84 20000 52469 
14905.64 20000 52469 
14904.87 20000 52469 
14904.51 20000 52469 
14903.82 20000 52469 
14902.72 20000 52469 
14901.92 20000 52469 
14901.42 20000 52469 
14900.91 20000 52469 
14900.36 20000 52469 
14899.86 20000 52469 
14899.14 20000 52469 
14898.35 20000 52469 
14897.75 20000 52469 
14896.96 20000 52469 
14896 20000 52469 
14895.58 20000 52469 
14894.77 20000 52469 
14893.5 20000 52469 
14892.77 20000 52469 
14892.23 20000 52469 
14891.39 20000 52469 
14890.58 20000 52469 
14889.63 20000 52469 
14888.76 20000 52469 
14888.19 20000 52469 
14887.37 20000 52469 
14886.15 20000 52469 
14885.26 20000 52469 
14884.67 20000 52469 
14883.75 20000 52469 
14882.67 20000 52469 
14882 20000 52469 
14880.93 20000 52469 
14880.21 20000 52469 
14879.62 20000 52469 
14878.93 20000 52469 
14878.42 20000 52469 
14877.6 20000 52469 
14876.64 20000 52469 
14876.06 20000 52469 
14875.43 20000 52469 
14874.31 20000 52469 
14873.51 20000 52469 
14872.88 20000 52469 
14872.1 20000 52469 
14871.11 20000 52469 
14870.4 20000 52469 
14869.58 20000 52469 
14869.12 20000 52469 
14868.6 20000 52469 
14867.75 20000 52469 
14866.98 20000 52469 
14866.23 20000 52469 
14865.45 20000 52469 
14865.14 20000 52469 
14864.85 20000 52469 
14864.36 20000 52469 
14863.39 20000 52469 
14862.77 20000 52469 
14862.37 20000 52469 
14861.79 20000 52469 
14861.29 20000 52469 
14860.76 20000 52469 
14860.32 20000 52469 
14859.68 20000 52469 
14858.8 20000 52469 
14858.05 20000 52469 
14857.57 20000 52469 
14856.96 20000 52469 
14856.34 20000 52469 
14855.61 20000 52469 
14854.78 20000 52469 
14854.19 20000 52469 
14853.65 20000 52469 
14852.94 20000 52469 
14852.28 20000 52469 
14851.83 20000 52469 
14851.1 20000 52469 
14850.03 20000 52469 
14849.16 20000 52469 
14848.48 20000 52469 
14846.9 20000 52469 
14848.34 20000 52469 
14852.85 20000 52469 
14853.02 20000 52469 
14851.08 20000 52469 
14850.65 20000 52469 
14848.38 20000 52469 
14848.41 20000 52469 
14848.48 20000 52469 
14847.44 20000 52469 
14843.85 20000 52469 
14844.19 20000 52469 
14845.03 20000 52469 
14843.6 20000 52469 
14846.11 20000 52469 
14847.69 20000 52469 
14848.38 20000 52469 
14848.83 20000 52469 
14847.26 20000 52469 
14847.19 20000 52469 
14847.16 20000 52469 
14846.3 20000 52469 
14845.68 20000 52469 
14845.57 20000 52469 
14845.05 20000 52469 
14844.35 20000 52469 
14844.44 20000 52469 
14844.06 20000 52469 
14843.09 20000 52469 
14842.54 20000 52469 
14841.86 20000 52469 
14841.48 20000 52469 
14840.95 20000 52469 
14840.73 20000 52469 
14840.46 20000 52469 
14840.5 20000 52469 
14840.18 20000 52469 
14839.71 20000 52469 
14838.73 20000 52469 
14838.3 20000 52469 
14837.72 20000 52469 
14837.52 20000 52469 
14837.05 20000 52469 
14836.76 20000 52469 
14836.12 20000 52469 
14835.67 20000 52469 
14835.26 20000 52469 
14834.96 20000 52469 
14834.99 20000 52469 
14834.47 20000 52469 
14834.19 20000 52469 
14833.71 20000 52469 
14833.43 20000 52469 
14833.23 20000 52469 
14832.75 20000 52469 
14832.21 20000 52469 
14831.83 20000 52469 
14831.43 20000 52469 
14831.13 20000 52469 
14830.36 20000 52469 
14829.93 20000 52469 
14829.23 20000 52469 
14828.57 20000 52469 
14827.97 20000 52469 
14827.24 20000 52469 
14827.08 20000 52469 
14826.86 20000 52469 
14826.52 20000 52469 
14826.49 20000 52469 
14826.5 20000 52469 
14826.33 20000 52469 
14826.31 20000 52469 
14825.98 20000 52469 
14825.52 20000 52469 
14824.93 20000 52469 
14824.47 20000 52469 
14824.08 20000 52469 
14823.89 20000 52469 
14823.84 20000 52469 
14823.7 20000 52469 
14823.23 20000 52469 
14822.87 20000 52469 
14822.75 20000 52469 
14822.53 20000 52469 
14822.2 20000 52469 
14821.88 20000 52469 
14821.47 20000 52469 
14820.97 20000 52469 
14820.41 20000 52469 
14819.85 20000 52469 
14819.36 20000 52469 
14818.8 20000 52469 
14818.4 20000 52469 
14818.07 20000 52469 
14817.67 20000 52469 
14817.17 20000 52469 
14816.59 20000 52469 
14815.89 20000 52469 
14815.25 20000 52469 
14815.28 20000 52469 
14814.81 20000 52469 
14814.16 20000 52469 
14813.59 20000 52469 
14813.54 20000 52469 
14813.29 20000 52469 
14812.77 20000 52469 
14812.31 20000 52469 
14811.84 20000 52469 
14811.15 20000 52469 
14810.64 20000 52469 
14810.32 20000 52469 
14809.61 20000 52469 
14808.91 20000 52469 
14808.9 20000 52469 
14808.11 20000 52469 
14807.75 20000 52469 
14807.48 20000 52469 
14807.18 20000 52469 
14806.58 20000 52469 
14806.25 20000 52469 
14805.69 20000 52469 
14804.9 20000 52469 
14804.43 20000 52469 
14803.97 20000 52469 
14803.74 20000 52469 
14803.15 20000 52469 
14802.55 20000 52469 
14802.18 20000 52469 
14801.97 20000 52469 
14801.78 20000 52469 
14801.53 20000 52469 
14801.43 20000 52469 
14801.2 20000 52469 
14800.96 20000 52469 
14800.54 20000 52469 
14800.21 20000 52469 
14800.45 20000 52469 
14800.38 20000 52469 
14800.17 20000 52469 
14799.95 20000 52469 
14799.68 20000 52469 
14799.63 20000 52469 
14798.84 20000 52469 
14798.73 20000 52469 
14798.57 20000 52469 
14798.29 20000 52469 
14798.12 20000 52469 
14797.85 20000 52469 
14797.56 20000 52469 
14797.33 20000 52469 
14796.98 20000 52469 
14796.52 20000 52469 
14796.25 20000 52469 
14796.16 20000 52469 
14796.24 20000 52469 
14796.18 20000 52469 
14796.23 20000 52469 
14796.19 20000 52469 
14796.1 20000 52469 
14796.09 20000 52469 
14795.79 20000 52469 
14795.76 20000 52469 
14795.65 20000 52469 
14795.82 20000 52469 
14795.63 20000 52469 
14795.34 20000 52469 
14795.34 20000 52469 
14794.32 20000 52469 
14793.75 20000 52469 
14793.25 20000 52469 
14793.14 20000 52469 
14792.71 20000 52469 
14791.98 20000 52469 
14791.29 20000 52469 
14791.06 20000 52469 
14790.56 20000 52469 
14789.72 20000 52469 
14789.56 20000 52469 
14789.18 20000 52469 
14788.43 20000 52469 
14788.01 20000 52469 
14787.7 20000 52469 
14787 20000 52469 
14786.37 20000 52469 
14785.77 20000 52469 
14785.65 20000 52469 
14785.24 20000 52469 
14784.69 20000 52469 
14784.33 20000 52469 
14783.86 20000 52469 
14765.27 20000 51995 
14014.05 20000 51507 
11367.51 20000 51020 
8655.66 20000 50532 
6432.26 20000 50045 
4605.19 20000 49557 
3136.01 20000 49069 
1966.73 20000 48582 
1046.12 20000 48094 
371.09 20000 47607 
64.09 20000 47120 
19.82 20000 46632 
19.02 20000 46144 
18.58 20000 45657 
18.03 20000 45169 
17.62 20000 44681 
17.53 20000 44194 
16.8 20000 43706 
16.24 20000 43219 
15.7 20000 42731 
15.64 20000 42243 
15.41 20000 41756 
14.81 20000 41268 
14.49 20000 40780 
14.19 20000 40293 
13.83 20000 39805 
13.56 20000 39318 
13.01 20000 38830 
12.29 20000 38342 
11.91 20000 37855 
11.86 20000 37367 
11.71 20000 36879 
11.16 20000 36392 
10.84 20000 35904 
10.66 20000 35417 
10.27 20000 34929 
9.91 20000 34442 
9.42 20000 33954 
9.28 20000 33466 
9.14 20000 32980 
8.78 20000 32492 
8.24 20000 32005 
7.87 20000 31517 
7.49 20000 31029 
7.33 20000 30543 
7.33 20000 30055 
7.21 20000 29568 
7.09 20000 29080 
7.41 20000 28592 
8.47 20000 28105 
9.51 20000 27617 
9.95 20000 27130 
10.02 20000 26643 
10.29 20000 26155 
9.79 20000 25668 
9.83 20000 25180 
10.21 20000 24692 
10.03 20000 24206 
9.94 20000 23718 
9.93 20000 23231 
9.81 20000 22743 
9.68 20000 22255 
9.64 20000 21768 
9.94 20000 21280 
10.01 20000 20792 
9.86 20000 20305 
9.8 20000 19817 
9.73 20000 19330 
10.01 20000 18842 
9.83 20000 18354 
9.49 20000 17867 
9.52 20000 17379 
9.83 20000 16892 
9.79 20000 16404 
9.47 20000 15916 
9.49 20000 15428 
9.43 20000 14941 
9.09 20000 14453 
9.06 20000 13966 
9.36 20000 13479 
9.38 20000 12991 
9.24 20000 12504 
9.28 20000 12016 
9.18 20000 11528 
9.17 20000 11041 
9.29 20000 10553 
9.41 20000 10066 
9.31 20000 9578 
9.02 20000 9090 
9.12 20000 8603 
9.13 20000 8115 
9.13 20000 7627 
9.1 20000 7140 
9.22 20000 6652 
9.08 20000 6165 
8.98 20000 5677 
9.02 20000 5189 
9.04 20000 4702 
8.95 20000 4214 
8.78 20000 3726 
8.73 20000 3239 
8.74 20000 2751 
8.76 20000 2263 
9.07 20000 1776 
9.19 20000 1288 
9.17 20000 800 
8.88 20000 313 
8.94 20000 -175 
8.86 20000 -663 
8.74 20000 -1150 
8.7 20000 -1166 
8.91 20000 -1166 
8.64 20000 -1166 
8.72 20000 -1166 
8.78 20000 -1166 
8.64 20000 -1166 
8.69 20000 -1166 
8.55 20000 -1166 
8.35 20000 -1166 
8.63 20000 -1166 
8.48 20000 -1166 
7.5 20000 -1166 
8.07 20000 -1166 
8.68 20000 -1166 
8.56 20000 -1166 
8.45 20000 -1166 
8.45 20000 -1166 
8.39 20000 -1166 
8.54 20000 -1166 
8.56 20000 -1166 
8.62 20000 -1166 
8.4 20000 -1166 
8.54 20000 -1166 
8.58 20000 -1166 
8.45 20000 -1166 
8.69 20000 -1166 
8.59 20000 -1166 
8.52 20000 -1166 
8.28 20000 -1166 
8.29 20000 -1166 
8.51 20000 -1166 
8.52 20000 -1166 
8.52 20000 -1166 
8.64 20000 -1166 
8.58 20000 -1166 
8.26 20000 -1166 
8.17 20000 -1166 
8.25 20000 -1166 
8.6 20000 -1166 
8.36 20000 -1166 
8.51 20000 -1166 
8.57 20000 -1166 
8.24 20000 -1166 
8.11 20000 -1166 
8.26 20000 -1166 
8.37 20000 -1166 
8.35 20000 -1166 
8.58 20000 -1166 
8.6 20000 -1166 
8.53 20000 -1166 
8.42 20000 -1166 
8.61 20000 -1166 
8.49 20000 -1166 
8.39 20000 -1166 
8.31 20000 -1166 
8.24 20000 -1166 
8.38 20000 -1166 
8.36 20000 -1166 
8.45 20000 -1166 
8.17 20000 -1166 
8.04 20000 -1166 
8.37 20000 -1166 
8.38 20000 -1166 
8.3 20000 -1166 
8.25 20000 -1166 
8.19 20000 -1166 
8.19 20000 -1166 
8.16 20000 -1166 
8.14 20000 -1166 
8.19 20000 -1166 
7.98 20000 -1166 
8.06 20000 -1166 
8.01 20000 -1166 
7.92 20000 -1166 
8.08 20000 -1166 
8.32 20000 -1166 
8.17 20000 -1166 
7.93 20000 -1166 
7.82 20000 -1166 
7.91 20000 -1166 
8.06 20000 -1166 
8.14 20000 -1166 
8.11 20000 -1166 
8.14 20000 -1166 
8.08 20000 -1166 
8.04 20000 -1166 
8.08 20000 -1166 
8.09 20000 -1166 
8.24 20000 -1166 
7.97 20000 -1166 
7.85 20000 -1166 
7.98 20000 -1166 
8.05 20000 -1166 
8.02 20000 -1166 
8.1 20000 -1166 
8.1 20000 -1166 
7.98 20000 -1166 
7.78 20000 -1166 
7.79 20000 -1166 
7.84 20000 -1166 
7.79 20000 -1166 
7.97 20000 -1166 
7.99 20000 -1166 
8.09 20000 -1166 
7.95 20000 -1166 
7.69 20000 -1166 
7.54 20000 -1166 
7.56 20000 -1166 
7.66 20000 -1166 
7.78 20000 -1166 
7.58 20000 -1166 
7.57 20000 -1166 
7.71 20000 -1166 
7.63 20000 -1166 
7.63 20000 -1166 
7.66 20000 -1166 
7.56 20000 -1166 
7.67 20000 -1166 
7.41 20000 -1166 
7.35 20000 -1166 
7.37 20000 -1166 
7.5 20000 -1166 
7.61 20000 -1166 
7.5 20000 -1166 
7.47 20000 -1166 
7.49 20000 -1166 
7.64 20000 -1166 
7.63 20000 -1166 
7.45 20000 -1166 
7.49 20000 -1166 
7.53 20000 -1166 
7.43 20000 -1166 
7.39 20000 -1166 
7.6 20000 -1166 
7.72 20000 -1166 
7.39 20000 -1166 
7.31 20000 -1166 
7.6 20000 -1166 
7.44 20000 -1166 
7.22 20000 -1166 
7.31 20000 -1166 
7.48 20000 -1166 
7.53 20000 -1166 
7.62 20000 -1166 
7.76 20000 -1166 
7.66 20000 -1166 
7.45 20000 -1166 
7.47 20000 -1166 
7.33 20000 -1166 
7.41 20000 -1166 
7.35 20000 -1166 
7.15 20000 -1166 
7.06 20000 -1166 
7.22 20000 -1166 
7.35 20000 -1166 
7.3 20000 -1166 
7.31 20000 -1166 
7.19 20000 -1166 
7.12 20000 -1166 
7.23 20000 -1166 
7.24 20000 -1166 
7.14 20000 -1166 
6.98 20000 -1166 
7.11 20000 -1166 
7.31 20000 -1166 
7.26 20000 -1166 
7.2 20000 -1166 
7.03 20000 -1166 
7.05 20000 -1166 
7.15 20000 -1166 
7.38 20000 -1166 
7.04 20000 -1166 
6.78 20000 -1166 
6.87 20000 -1166 
6.99 20000 -1166 
6.92 20000 -1166 
6.96 20000 -1166 
6.95 20000 -1166 
6.87 20000 -1166 
6.99 20000 -1166 
7.01 20000 -1166 
6.86 20000 -1166 
6.88 20000 -1166 
6.76 20000 -1166 
6.8 20000 -1166 
6.66 20000 -1166 
6.71 20000 -1166 
7.02 20000 -1166 
6.88 20000 -1166 
6.82 20000 -1166 
6.83 20000 -1166 
6.88 20000 -1166 
7.05 20000 -1166 
6.74 20000 -1166 
6.66 20000 -1166 
6.95 20000 -1166 
7 20000 -1166 
6.81 20000 -1166 
6.81 20000 -1166 
7.05 20000 -1166 
7.08 20000 -1166 
6.81 20000 -1166 
6.61 20000 -1166 
6.95 20000 -1166 
6.89 20000 -1166 
6.75 20000 -1166 
6.88 20000 -1166 
6.79 20000 -1166 
6.83 20000 -1166 
6.81 20000 -1166 
6.92 20000 -1166 
6.75 20000 -1166 
6.72 20000 -1166 
6.6 20000 -1166 
6.99 20000 -1166 
7.34 20000 -1166 
7.13 20000 -1166 
6.77 20000 -1166 
6.77 20000 -1166 
6.83 20000 -1166 
6.75 20000 -1166 
6.74 20000 -1166 
7.01 20000 -1166 
7.02 20000 -1166 
6.77 20000 -1166 
6.63 20000 -1166 
6.66 20000 -1166 
6.8 20000 -1166 
6.72 20000 -1166 
6.64 20000 -1166 
6.76 20000 -1166 
6.87 20000 -1166 
6.75 20000 -1166 
6.87 20000 -1166 
6.92 20000 -1166 
6.67 20000 -1166 
6.56 20000 -1166 
6.75 20000 -1166 
6.91 20000 -1166 
6.87 20000 -1166 
6.66 20000 -1166 
6.83 20000 -1166 
6.69 20000 -1166 
6.83 20000 -1166 
6.84 20000 -1166 
6.8 20000 -1166 
6.69 20000 -1166 
6.8 20000 -1166 
7.07 20000 -1166 
6.89 20000 -1166 
6.53 20000 -1166 
6.73 20000 -1166 
6.81 20000 -1166 
6.73 20000 -1166 
6.56 20000 -1166 
6.59 20000 -1166 
6.74 20000 -1166 
6.67 20000 -1166 
6.64 20000 -1166 
6.45 20000 -1166 
6.62 20000 -1166 
6.65 20000 -1166 
6.33 20000 -1166 
6.08 20000 -1166 
6.36 20000 -1166 
6.51 20000 -1166 
6.52 20000 -1166 
6.47 20000 -1166 
6.5 20000 -1166 
6.52 20000 -1166 
6.46 20000 -1166 
6.42 20000 -1166 
6.4 20000 -1166 
6.46 20000 -1166 
6.54 20000 -1166 
6.54 20000 -1166 
6.54 20000 -1166 
6.27 20000 -1166 
5.97 20000 -1166 
6.2 20000 -1166 
6.62 20000 -1166 
6.52 20000 -1166 
6.26 20000 -1166 
6.29 20000 -1166 
6.49 20000 -1166 
6.53 20000 -1166 
6.56 20000 -1166 
6.51 20000 -1166 
6.43 20000 -1166 
6.37 20000 -1166 
6.38 20000 -1166 
6.66 20000 -1166 
6.8 20000 -1166 
6.84 20000 -1166 
6.82 20000 -1166 
6.67 20000 -1166 
6.6 20000 -1166 
6.5 20000 -1166 
6.64 20000 -1166 
6.62 20000 -1166 
6.49 20000 -1166 
6.53 20000 -1166 
6.6 20000 -1166 
6.64 20000 -1166 
6.67 20000 -1166 
6.45 20000 -1166 
6.37 20000 -1166 
6.46 20000 -1166 
6.64 20000 -1166 
6.54 20000 -1166 
6.5 20000 -1166 
6.51 20000 -1166 
6.76 20000 -1166 
6.88 20000 -1166 
6.53 20000 -1166 
6.38 20000 -1166 
6.76 20000 -1166 
6.78 20000 -1166 
6.65 20000 -1166 
6.52 20000 -1166 
6.56 20000 -1166 
6.52 20000 -1166 
6.47 20000 -1166 
6.6 20000 -1166 
6.64 20000 -1166 
6.52 20000 -1166 
6.36 20000 -1166 
6.34 20000 -1166 
6.45 20000 -1166 
6.57 20000 -1166 
6.44 20000 -1166 
6.56 20000 -1166 
6.43 20000 -1166 
6.38 20000 -1166 
6.56 20000 -1166 
6.5 20000 -1166 
6.39 20000 -1166 
6.53 20000 -1166 
6.52 20000 -1166 
6.57 20000 -1166 
6.35 20000 -1166 
6.29 20000 -1166 
6.45 20000 -1166 
6.48 20000 -1166 
6.18 20000 -1166 
6.25 20000 -1166 
6.62 20000 -1166 
6.57 20000 -1166 
6.24 20000 -1166 
6.39 20000 -1166 
6.55 20000 -1166 
6.6 20000 -1166 
6.42 20000 -1166 
6.13 20000 -1166 
6.29 20000 -1166 
6.41 20000 -1166 
6.38 20000 -1166 
6.41 20000 -1166 
6.38 20000 -1166 
6.55 20000 -1166 
6.43 20000 -1166 
6.36 20000 -1166 
6.28 20000 -1166 
6.24 20000 -1166 
6.32 20000 -1166 
6.37 20000 -1166 
6.56 20000 -1166 
6.49 20000 -1166 
6.26 20000 -1166 
6.23 20000 -1166 
6.37 20000 -1166 
6.34 20000 -1166 
6.23 20000 -1166 
6.33 20000 -1166 
6.63 20000 -1166 
6.55 20000 -1166 
6.34 20000 -1166 
6.12 20000 -1166 
6.37 20000 -1166 
6.29 20000 -1166 
6.1 20000 -1166 
5.88 20000 -1166 
6.15 20000 -1166 
6.23 20000 -1166 
6.4 20000 -1166 
6.59 20000 -1166 
6.38 20000 -1166 
6.31 20000 -1166 
6.15 20000 -1166 
6.03 20000 -1166 
6 20000 -1166 
5.9 20000 -1166 
5.98 20000 -1166 
6.27 20000 -1166 
6.06 20000 -1166 
6.16 20000 -1166 
6.06 20000 -1166 
6.18 20000 -1166 
6.02 20000 -1166 
6.15 20000 -1166 
6.57 20000 -1166 
6.38 20000 -1166 
6.26 20000 -1166 
6.47 20000 -1166 
6.51 20000 -1166 
6.3 20000 -1166 
6.33 20000 -1166 
6.19 20000 -1166 
6.34 20000 -1166 
6.47 20000 -1166 
6.24 20000 -1166 
6.28 20000 -1166 
6.27 20000 -1166 
6.04 20000 -1166 
6.19 20000 -1166 
6.24 20000 -1166 
6.15 20000 -1166 
6.12 20000 -1166 
6.22 20000 -1166 
6.02 20000 -1166 
6.08 20000 -1166 
6.05 20000 -1166 
6.09 20000 -1166 
6.37 20000 -1166 
6.34 20000 -1166 
6.02 20000 -1166 
6.03 20000 -1166 
6.11 20000 -1166 
6.15 20000 -1166 
6.12 20000 -1166 
5.92 20000 -1166 
5.96 20000 -1166 
6.23 20000 -1166 
6.24 20000 -1166 
6.29 20000 -1166 
6.28 20000 -1166 
6.15 20000 -1166 
6.21 20000 -1166 
6.03 20000 -1166 
6.01 20000 -1166 
6.03 20000 -1166 
6.1 20000 -1166 
6.19 20000 -1166 
6.02 20000 -1166 
6.02 20000 -1166 
6.04 20000 -1166 
6.02 20000 -1166 
6.08 20000 -1166 
5.83 20000 -1166 
5.98 20000 -1166 
6.37 20000 -1166 
6.37 20000 -1166 
6.13 20000 -1166 
6.23 20000 -1166 
6.35 20000 -1166 
6.41 20000 -1166 
6.38 20000 -1166 
6.45 20000 -1166 
6.42 20000 -1166 
6.26 20000 -1166 
6.14 20000 -1166 
6.17 20000 -1166 
6.29 20000 -1166 
6.39 20000 -1166 
6.19 20000 -1166 
5.98 20000 -1166 
6.05 20000 -1166 
6.13 20000 -1166 
6.26 20000 -1166 
6.34 20000 -1166 
6.09 20000 -1166 
6.12 20000 -1166 
6.02 20000 -1166 
5.87 20000 -1166 
5.86 20000 -1166 
5.84 20000 -1166 
5.92 20000 -1166 
6.08 20000 -1166 
6 20000 -1166 
6.04 20000 -1166 
6.17 20000 -1166 
6.1 20000 -1166 
5.96 20000 -1166 
6.19 20000 -1166 
6.22 20000 -1166 
6.1 20000 -1166 
6.34 20000 -1166 
6.34 20000 -1166 
5.97 20000 -1166 
5.96 20000 -1166 
5.91 20000 -1166 
6.12 20000 -1166 
6.04 20000 -1166 
6.13 20000 -1166 
6.16 20000 -1166 
5.97 20000 -1166 
6.03 20000 -1166 
6.04 20000 -1166 
6.12 20000 -1166 
6.34 20000 -1166 
6.3 20000 -1166 
6.38 20000 -1166 
6.5 20000 -1166 
6.36 20000 -1166 
5.89 20000 -1166 
5.99 20000 -1166 
6.21 20000 -1166 
6.24 20000 -1166 
6.15 20000 -1166 
6.17 20000 -1166 
6.21 20000 -1166 
5.87 20000 -1166 
3.85 20000 -1166 
-0.38 20000 -1166 
4.18 20000 -1166 
6.06 20000 -1166 
7.45 20000 -1166 
7.85 20000 -1166 
6.25 20000 -1166 
5.98 20000 -1166 
5.93 20000 -1166 
6.01 20000 -1166 
5.99 20000 -1166 
6.35 20000 -1166 
6.19 20000 -1166 
5.95 20000 -1166 
5.93 20000 -1166 
5.9 20000 -1166 
6.08 20000 -1166 
6.21 20000 -1166 
6.17 20000 -1166 
7.8 20000 -1166 
11.99 20000 -1166 
14.77 20000 -1166 
9.68 20000 -1166 
5.93 20000 -1166 
5.13 20000 -1166 
5.52 20000 -1166 
7.8 20000 -1166 
9.68 20000 -1166 
14.85 20000 -1166 
8.08 20000 -1166 
5.84 20000 -1166 
6.68 20000 -1166 
3.05 20000 -1166 
6.22 20000 -1166 
7.6 20000 -1166 
6.99 20000 -1166 
5.82 20000 -1166 
7.45 20000 -1166 
7.74 20000 -1166 
3.48 20000 -1166 
1.29 20000 -1166 
19.15 20000 -1166 
37.73 20000 -1166 
26.56 20000 -1166 
5.2 20000 -1166 
-18.05 20000 -1166 
-21.06 20000 -1166 
-17.84 20000 -1166 
-18.15 20000 -1166 
-14.49 20000 -1166 
-12.26 20000 -1166 
-2.54 20000 -1166 
16.55 20000 -1166 
21.21 20000 -1166 
6.84 20000 -1166 
14.72 20000 -1166 
17.06 20000 -1166 
20.54 20000 -1166 
20.5 20000 -1166 
21.54 20000 -1166 
28.2 20000 -1166 
28.7 20000 -1166 
26.55 20000 -1166 
9.82 20000 -1166 
5.38 20000 -1166 
7.25 20000 -1166 
11.59 20000 -1166 
13.24 20000 -1166 
14.18 20000 -1166 
9.11 20000 -1166 
6.05 20000 -1166 
6.06 20000 -1166 
6.32 20000 -1166 
6.05 20000 -1166 
5.95 20000 -1166 
6.02 20000 -1166 
6.04 20000 -1166 
6.13 20000 -1166 
6.19 20000 -1166 
6.3 20000 -1166 
6.25 20000 -1166 
6.25 20000 -1166 
6.39 20000 -1166 
6.27 20000 -1166 
6.36 20000 -1166 
6.21 20000 -1166 
6.12 20000 -1166 
6.33 20000 -1166 
6.39 20000 -1166 
6.38 20000 -1166 
6.1 20000 -1166 
5.98 20000 -1166 
6.13 20000 -1166 
6.04 20000 -1166 
6.15 20000 -1166 
6.34 20000 -1166 
6.23 20000 -1166 
6.2 20000 -1166 
5.96 20000 -1166 
6.03 20000 -1166 
6.16 20000 -1166 
6.26 20000 -1166 
6.19 20000 -1166 
6.03 20000 -1166 
5.87 20000 -1166 
5.97 20000 -1166 
6.2 20000 -1166 
6.35 20000 -1166 
6.02 20000 -1166 
6.04 20000 -1166 
6.13 20000 -1166 
6.2 20000 -1166 
6.29 20000 -1166 
6.31 20000 -1166 
6.19 20000 -1166 
6.01 20000 -1166 
6.25 20000 -1166 
6.37 20000 -1166 
6.18 20000 -1166 
6.14 20000 -1166 
5.97 20000 -1166 
5.83 20000 -1166 
5.92 20000 -1166 
5.7 20000 -1166 
4.58 20000 -1166 
5.55 20000 -1166 
6.15 20000 -1166 
6.05 20000 -1166 
5.96 20000 -1166 
6.06 20000 -1166 
6.1 20000 -1166 
6.05 20000 -1166 
6.09 20000 -1166 
6.05 20000 -1166 
5.88 20000 -1166 
5.98 20000 -1166 
5.98 20000 -1166 
5.93 20000 -1166 
5.97 20000 -1166 
6.11 20000 -1166 
5.86 20000 -1166 
5.81 20000 -1166 
5.95 20000 -1166 
6.26 20000 -1166 
6.43 20000 -1166 
6.11 20000 -1166 
6.13 20000 -1166 
6.33 20000 -1166 
5.39 20000 -1166 
2.38 20000 -1166 
-1.57 20000 -1166 
-2.37 20000 -1166 
-0.13 20000 -1166 
-8.13 20000 -1166 
-12.04 20000 -1166 
-11.34 20000 -1166 
-21.33 20000 -1166 
-13.84 20000 -1166 
-3.98 20000 -1166 
-10.33 20000 -1166 
-15.48 20000 -1166 
-19.27 20000 -1166 
-21.06 20000 -1166 
-7.88 20000 -1166 
8.93 20000 -1166 
8.54 20000 -1166 
-22.45 20000 -1166 
-49.33 20000 -1166 
-63.8 20000 -1166 
-59.75 20000 -1166 
-50.11 20000 -1166 
-52.56 20000 -1166 
-34.83 20000 -1166 
-2.78 20000 -1166 
32.06 20000 -1166 
27.68 20000 -1166 
21.38 20000 -1166 
1.62 20000 -1166 
-2.18 20000 -1166 
12.61 20000 -1166 
6.77 20000 -1166 
6.35 20000 -1166 
6.16 20000 -1166 
6.28 20000 -1166 
6.33 20000 -1166 
6.51 20000 -1166 
6.62 20000 -1166 
6.23 20000 -1166 
6.19 20000 -1166 
6.29 20000 -1166 
6.3 20000 -1166 
6.33 20000 -1166 
6.29 20000 -1166 
6.25 20000 -1166 
6.43 20000 -1166 
6.33 20000 -1166 
6.16 20000 -1166 
6.07 20000 -1166 
6.26 20000 -1166 
6.24 20000 -1166 
6.08 20000 -1166 
6.23 20000 -1166 
6.28 20000 -1166 
6.44 20000 -1166 
6.71 20000 -1166 
6.79 20000 -1166 
6.66 20000 -1166 
6.52 20000 -1166 
6.23 20000 -1166 
6.29 20000 -1166 
6.36 20000 -1166 
6.36 20000 -1166 
6.25 20000 -1166 
6.04 20000 -1166 
6.07 20000 -1166 
6.24 20000 -1166 
6.14 20000 -1166 
6.35 20000 -1166 
6.34 20000 -1166 
6.23 20000 -1166 
6.25 20000 -1166 
6.27 20000 -1166 
6.22 20000 -1166 
6.19 20000 -1166 
6.12 20000 -1166 
5.97 20000 -1166 
5.97 20000 -1166 
6 20000 -1166 
6.13 20000 -1166 
6.25 20000 -1166 
6.03 20000 -1166 
6.1 20000 -1166 
6.05 20000 -1166 
6.07 20000 -1166 
6.18 20000 -1166 
6.2 20000 -1166 
6.37 20000 -1166 
6.26 20000 -1166 
6.12 20000 -1166 
6.06 20000 -1166 
6.07 20000 -1166 
6.03 20000 -1166 
6.14 20000 -1166 
6.19 20000 -1166 
6.14 20000 -1166 
6.03 20000 -1166 
6.07 20000 -1166 
6.05 20000 -1166 
5.85 20000 -1166 
5.9 20000 -1166 
5.94 20000 -1166 
6.1 20000 -1166 
6.21 20000 -1166 
6.25 20000 -1166 
6.34 20000 -1166 
6.26 20000 -1166 
6.56 20000 -1166 
6.54 20000 -1166 
6.29 20000 -1166 
6.07 20000 -1166 
5.93 20000 -1166 
5.98 20000 -1166 
6.38 20000 -1166 
6.58 20000 -1166 
6.24 20000 -1166 
6.17 20000 -1166 
6.33 20000 -1166 
6.46 20000 -1166 
6.25 20000 -1166 
6.05 20000 -1166 
6.24 20000 -1166 
6.24 20000 -1166 
6.11 20000 -1166 
6.11 20000 -1166 
6.4 20000 -1166 
6.34 20000 -1166 
6.32 20000 -1166 
6.18 20000 -1166 
6.14 20000 -1166 
6.23 20000 -1166 
6.51 20000 -1166 
6.64 20000 -1166 
6.4 20000 -1166 
6.19 20000 -1166 
6.19 20000 -1166 
6.2 20000 -1166 
6.43 20000 -1166 
6.39 20000 -1166 
6.37 20000 -1166 
6.4 20000 -1166 
6.16 20000 -1166 
6.07 20000 -1166 
6.01 20000 -1166 
6.05 20000 -1166 
6.27 20000 -1166 
6.31 20000 -1166 
6.2 20000 -1166 
5.95 20000 -1166 
6.19 20000 -1166 
6.25 20000 -1166 
6.11 20000 -1166 
5.96 20000 -1166 
6.01 20000 -1166 
6.21 20000 -1166 
6.02 20000 -1166 
5.92 20000 -1166 
5.98 20000 -1166 
5.86 20000 -1166 
5.95 20000 -1166 
6.18 20000 -1166 
5.91 20000 -1166 
5.8 20000 -1166 
6.03 20000 -1166 
6.02 20000 -1166 
5.8 20000 -1166 
5.66 20000 -1166 
5.87 20000 -1166 
5.8 20000 -1166 
5.6 20000 -1166 
5.9 20000 -1166 
6.08 20000 -1166 
6.06 20000 -1166 
6.12 20000 -1166 
6.06 20000 -1166 
6 20000 -1166 
6.14 20000 -1166 
6.1 20000 -1166 
5.99 20000 -1166 
5.85 20000 -1166 
6.02 20000 -1166 
5.91 20000 -1166 
5.76 20000 -1166 
5.77 20000 -1166 
5.69 20000 -1166 
5.73 20000 -1166 
5.76 20000 -1166 
5.65 20000 -1166 
5.66 20000 -1166 
5.86 20000 -1166 
5.81 20000 -1166 
6.02 20000 -1166 
5.92 20000 -1166 
5.81 20000 -1166 
6.03 20000 -1166 
5.93 20000 -1166 
5.76 20000 -1166 
5.79 20000 -1166 
5.8 20000 -1166 
5.91 20000 -1166 
5.97 20000 -1166 
6.07 20000 -1166 
5.7 20000 -1166 
5.63 20000 -1166 
5.83 20000 -1166 
5.82 20000 -1166 
5.48 20000 -1166 
5.47 20000 -1166 
5.59 20000 -1166 
5.7 20000 -1166 
5.62 20000 -1166 
5.79 20000 -1166 
6.03 20000 -1166 
5.61 20000 -1166 
5.62 20000 -1166 
5.76 20000 -1166 
5.58 20000 -1166 
5.71 20000 -1166 
5.94 20000 -1166 
5.66 20000 -1166 
5.83 20000 -1166 
5.89 20000 -1166 
5.64 20000 -1166 
5.46 20000 -1166 
5.55 20000 -1166 
5.86 20000 -1166 
5.86 20000 -1166 
5.86 20000 -1166 
5.69 20000 -1166 
5.73 20000 -1166 
5.69 20000 -1166 
5.46 20000 -1166 
5.41 20000 -1166 
5.63 20000 -1166 
5.55 20000 -1166 
5.56 20000 -1166 
5.59 20000 -1166 
5.68 20000 -1166 
5.71 20000 -1166 
5.6 20000 -1166 
5.47 20000 -1166 
5.57 20000 -1166 
5.8 20000 -1166 
5.84 20000 -1166 
5.83 20000 -1166 
5.67 20000 -1166 
5.47 20000 -1166 
5.32 20000 -1166 
5.38 20000 -1166 
5.44 20000 -1166 
5.5 20000 -1166 
5.47 20000 -1166 
5.31 20000 -1166 
5.3 20000 -1166 
5.47 20000 -1166 
5.54 20000 -1166 
5.49 20000 -1166 
5.34 20000 -1166 
5.36 20000 -1166 
5.52 20000 -1166 
5.39 20000 -1166 
5.39 20000 -1166 
5.52 20000 -1166 
5.59 20000 -1166 
5.78 20000 -1166 
5.76 20000 -1166 
5.6 20000 -1166 
5.26 20000 -1166 
5.19 20000 -1166 
5.55 20000 -1166 
5.43 20000 -1166 
5.45 20000 -1166 
5.46 20000 -1166 
5.66 20000 -1166 
5.6 20000 -1166 
5.48 20000 -1166 
5.48 20000 -1166 
5.43 20000 -1166 
5.23 20000 -1166 
5.23 20000 -1166 
5.4 20000 -1166 
5.29 20000 -1166 
5.27 20000 -1166 
5.32 20000 -1166 
5.5 20000 -1166 
5.37 20000 -1166 
5.54 20000 -1166 
5.91 20000 -1166 
5.71 20000 -1166 
5.38 20000 -1166 
5.56 20000 -1166 
5.57 20000 -1166 
5.43 20000 -1166 
5.38 20000 -1166 
5.45 20000 -1166 
5.34 20000 -1166 
5.49 20000 -1166 
