9.59 20000 34921 
9.64 20000 34921 
9.66 20000 34921 
9.64 20000 34921 
9.7 20000 34921 
9.54 20000 34921 
9.31 20000 34921 
9.29 20000 34921 
9.18 20000 34921 
9.38 20000 34921 
9.46 20000 34921 
9.46 20000 34921 
9.42 20000 34921 
9.53 20000 34921 
9.34 20000 34921 
9.23 20000 34921 
9.3 20000 34921 
9.28 20000 34921 
9.46 20000 34921 
9.22 20000 34921 
9.23 20000 34921 
9.36 20000 34921 
9.34 20000 34921 
9.44 20000 34921 
9.38 20000 34921 
9.31 20000 34921 
9.29 20000 34921 
9.21 20000 34921 
9.14 20000 34921 
9.13 20000 34921 
9.23 20000 34921 
9.15 20000 34921 
8.88 20000 34921 
8.78 20000 34921 
8.79 20000 34921 
8.89 20000 34921 
8.75 20000 34921 
8.66 20000 34921 
8.88 20000 34921 
9.09 20000 34921 
9.1 20000 34921 
8.6 20000 34921 
8.95 20000 34921 
8.71 20000 34921 
8.57 20000 34921 
8.33 20000 34921 
8.5 20000 34921 
8.65 20000 34921 
8.63 20000 34921 
8.19 20000 34921 
8.37 20000 34921 
8.58 20000 34921 
8.53 20000 34921 
8.54 20000 34921 
8.82 20000 34921 
8.9 20000 34921 
9.18 20000 34921 
9.13 20000 35079 
9.44 20000 35241 
18.76 20000 35262 
42.88 20000 35277 
49.86 20000 35293 
52.94 20000 35309 
58.28 20000 35325 
63.73 20000 35340 
69.96 20000 35356 
76.28 20000 35372 
82.78 20000 35387 
89.18 20000 35403 
95.75 20000 35419 
102.83 20000 35435 
110.28 20000 35450 
117.78 20000 35466 
125.28 20000 35482 
132.38 20000 35498 
139.79 20000 35513 
147.04 20000 35529 
154.87 20000 35545 
163.25 20000 35560 
171.53 20000 35576 
179.58 20000 35592 
187.61 20000 35608 
195.58 20000 35623 
204.01 20000 35639 
212.13 20000 35655 
219.91 20000 35670 
227.72 20000 35686 
235.83 20000 35702 
243.62 20000 35718 
251.45 20000 35733 
259.12 20000 35749 
267.33 20000 35765 
275.17 20000 35780 
283.13 20000 35796 
290.97 20000 35812 
299.18 20000 35828 
307.17 20000 35843 
314.66 20000 35859 
321.18 20000 35875 
328.08 20000 35891 
337.43 20000 35906 
345.59 20000 35922 
353.54 20000 35938 
361.41 20000 35953 
369.28 20000 35969 
377.47 20000 35985 
385.48 20000 36001 
393.12 20000 36016 
401.18 20000 36032 
409.2 20000 36048 
417.44 20000 36063 
425.39 20000 36079 
433.47 20000 36095 
441.56 20000 36111 
449.4 20000 36126 
457.43 20000 36142 
465.62 20000 36158 
473.35 20000 36174 
481.28 20000 36189 
489.57 20000 36205 
497.57 20000 36221 
505.68 20000 36236 
513.58 20000 36252 
521.53 20000 36268 
529.89 20000 36284 
538.04 20000 36299 
546.34 20000 36315 
554.35 20000 36331 
562.65 20000 36346 
570.47 20000 36362 
578.28 20000 36378 
586.06 20000 36394 
594.41 20000 36409 
602.6 20000 36425 
610.87 20000 36441 
618.87 20000 36456 
627.22 20000 36472 
635.21 20000 36488 
643.2 20000 36504 
651.06 20000 36519 
659.23 20000 36535 
667.17 20000 36551 
675.05 20000 36567 
683.19 20000 36582 
691.37 20000 36598 
699.74 20000 36614 
708.42 20000 36629 
716.66 20000 36645 
725.45 20000 36661 
733.98 20000 36677 
742.58 20000 36692 
750.81 20000 36708 
759.5 20000 36724 
767.92 20000 36739 
776.13 20000 36755 
784.54 20000 36771 
793.36 20000 36787 
801.85 20000 36802 
810.32 20000 36818 
819.25 20000 36834 
827.62 20000 36850 
835.87 20000 36865 
844.24 20000 36881 
852.84 20000 36897 
861.72 20000 36912 
870.28 20000 36928 
878.86 20000 36944 
887.21 20000 36960 
895.62 20000 36975 
904.06 20000 36991 
912.31 20000 37007 
920.75 20000 37022 
928.96 20000 37038 
937.68 20000 37054 
945.78 20000 37070 
954.15 20000 37085 
962.28 20000 37101 
970.63 20000 37117 
979.16 20000 37132 
987.7 20000 37148 
995.79 20000 37164 
1004.13 20000 37180 
1012.41 20000 37195 
1020.85 20000 37211 
1029.19 20000 37227 
1037.79 20000 37243 
1045.83 20000 37258 
1054.53 20000 37274 
1063.38 20000 37290 
1071.94 20000 37305 
1080.22 20000 37321 
1088.75 20000 37337 
1097.17 20000 37353 
1105.15 20000 37368 
1113.02 20000 37384 
1121.94 20000 37400 
1130.22 20000 37415 
1138.44 20000 37431 
1146.66 20000 37447 
1155.4 20000 37463 
1163.91 20000 37478 
1172.42 20000 37494 
1180.81 20000 37510 
1189.33 20000 37525 
1198.04 20000 37541 
1206.83 20000 37557 
1215.15 20000 37573 
1223.31 20000 37588 
1231.92 20000 37604 
1240.28 20000 37620 
1248.52 20000 37635 
1256.79 20000 37651 
1265.03 20000 37667 
1273.49 20000 37683 
1282.31 20000 37698 
1290.73 20000 37714 
1299.3 20000 37730 
1308.06 20000 37746 
1316.81 20000 37761 
1325.47 20000 37777 
1334.13 20000 37793 
1343.06 20000 37808 
1351.79 20000 37824 
1360.01 20000 37840 
1368.3 20000 37856 
1377.18 20000 37871 
1386.79 20000 37887 
1395.46 20000 37903 
1404.11 20000 37918 
1412.84 20000 37934 
1421.89 20000 37950 
1430.28 20000 37966 
1438.71 20000 37981 
1447.4 20000 37997 
1456.32 20000 38013 
1464.52 20000 38028 
1472.97 20000 38044 
1481.42 20000 38060 
1490.11 20000 38076 
1498.45 20000 38091 
1507.38 20000 38107 
1516.58 20000 38123 
1525.61 20000 38138 
1533.87 20000 38154 
1542.58 20000 38170 
1551.13 20000 38186 
1560.41 20000 38201 
1568.95 20000 38217 
1577.61 20000 38233 
1586.65 20000 38249 
1595.95 20000 38264 
1604.68 20000 38280 
1613.28 20000 38296 
1621.72 20000 38311 
1630.59 20000 38327 
1639.08 20000 38343 
1648.02 20000 38358 
1656.38 20000 38374 
1665.05 20000 38390 
1673.91 20000 38406 
1682.43 20000 38421 
1690.95 20000 38437 
1699.78 20000 38453 
1708.12 20000 38469 
1716.67 20000 38484 
1725.34 20000 38500 
1733.75 20000 38516 
1741.83 20000 38531 
1749.79 20000 38547 
1758.26 20000 38563 
1767.16 20000 38579 
1775.48 20000 38594 
1783.99 20000 38610 
1792.61 20000 38626 
1801.68 20000 38641 
1810.33 20000 38657 
1819.2 20000 38673 
1827.8 20000 38689 
1836.7 20000 38704 
1845.87 20000 38720 
1854.7 20000 38736 
1863.56 20000 38752 
1872.66 20000 38767 
1881.69 20000 38783 
1890.15 20000 38799 
1899.08 20000 38814 
1908.03 20000 38830 
1917.12 20000 38846 
1925.54 20000 38862 
1934.44 20000 38877 
1943.48 20000 38893 
1952.53 20000 38909 
1961.32 20000 38924 
1970.32 20000 38940 
1979.03 20000 38956 
1987.68 20000 38972 
1995.71 20000 38987 
2004.63 20000 39003 
2013.89 20000 39019 
2023 20000 39034 
2031.52 20000 39050 
2040.11 20000 39066 
2048.31 20000 39082 
2057.2 20000 39097 
2066.28 20000 39113 
2075.59 20000 39129 
2084.47 20000 39145 
2093.68 20000 39160 
2102.45 20000 39176 
2111.54 20000 39192 
2120.68 20000 39207 
2130.12 20000 39223 
2138.93 20000 39239 
2147.95 20000 39255 
2156.5 20000 39270 
2165.77 20000 39286 
2174.43 20000 39302 
2183.06 20000 39317 
2192.11 20000 39333 
2201.29 20000 39349 
2210.1 20000 39365 
2218.86 20000 39380 
2227.58 20000 39396 
2236.69 20000 39412 
2245.8 20000 39427 
2254.66 20000 39443 
2264 20000 39459 
2273.33 20000 39475 
2282.18 20000 39490 
2290.94 20000 39506 
2300.07 20000 39522 
2309.58 20000 39538 
2318.52 20000 39553 
2327.82 20000 39569 
2336.88 20000 39585 
2345.79 20000 39600 
2354.95 20000 39616 
2364.08 20000 39632 
2373.04 20000 39648 
2382.33 20000 39663 
2391.82 20000 39679 
2400.91 20000 39695 
2410.15 20000 39710 
2418.9 20000 39726 
2427.88 20000 39742 
2436.53 20000 39758 
2445.36 20000 39773 
2454.19 20000 39789 
2463.59 20000 39805 
2472.38 20000 39821 
2481.47 20000 39836 
2490.81 20000 39852 
2500.5 20000 39868 
2509.59 20000 39883 
2518.86 20000 39899 
2528.13 20000 39915 
2537.48 20000 39931 
2546.23 20000 39946 
2555.94 20000 39962 
2565.08 20000 39978 
2574.16 20000 39993 
2583.02 20000 40009 
2592.53 20000 40025 
2601.92 20000 40041 
2611.14 20000 40056 
2619.89 20000 40072 
2629.31 20000 40088 
2638.22 20000 40103 
2647.27 20000 40119 
2656.41 20000 40135 
2665.87 20000 40151 
2675.07 20000 40166 
2684.33 20000 40182 
2693.3 20000 40198 
2702.49 20000 40214 
2711.63 20000 40229 
2720.43 20000 40245 
2729.46 20000 40261 
2738.96 20000 40276 
2748.51 20000 40292 
2757.92 20000 40308 
2766.62 20000 40324 
2775.92 20000 40339 
2785.26 20000 40355 
2794.42 20000 40371 
2803.36 20000 40386 
2812.16 20000 40402 
2822.15 20000 40418 
2831.79 20000 40434 
2840.6 20000 40449 
2849.99 20000 40465 
2859.82 20000 40481 
2869.16 20000 40497 
2878.58 20000 40512 
2887.6 20000 40528 
2896.8 20000 40544 
2906.06 20000 40559 
2914.81 20000 40575 
2923.43 20000 40591 
2932.45 20000 40607 
2941.59 20000 40622 
2950.92 20000 40638 
2959.05 20000 40654 
2968.23 20000 40669 
2977.66 20000 40685 
2986.66 20000 40701 
2995.24 20000 40717 
3004.38 20000 40732 
3013.31 20000 40748 
3022.1 20000 40764 
3030.33 20000 40780 
3039.24 20000 40795 
3047.69 20000 40811 
3056.43 20000 40827 
3064.95 20000 40842 
3073.98 20000 40858 
3082.75 20000 40874 
3091.57 20000 40890 
3099.67 20000 40905 
3108.68 20000 40921 
3117.54 20000 40937 
3125.98 20000 40952 
3134.3 20000 40968 
3143.32 20000 40984 
3152.15 20000 41000 
3161.18 20000 41015 
3169.37 20000 41031 
3177.93 20000 41047 
3186.2 20000 41063 
3193.86 20000 41078 
3201.27 20000 41094 
3209.48 20000 41110 
3217.37 20000 41125 
3225.14 20000 41141 
3233.11 20000 41157 
3241.19 20000 41173 
3248.77 20000 41188 
3256.43 20000 41204 
3263.91 20000 41220 
3271.37 20000 41235 
3278.55 20000 41251 
3285.8 20000 41267 
3292.64 20000 41283 
3299.72 20000 41298 
3307.29 20000 41314 
3314.24 20000 41330 
3321.03 20000 41346 
3327.59 20000 41361 
3334.27 20000 41377 
3341.13 20000 41393 
3348.17 20000 41408 
3354.4 20000 41424 
3360.85 20000 41440 
3366.87 20000 41456 
3372.63 20000 41471 
3378.11 20000 41487 
3384.42 20000 41503 
3390.56 20000 41518 
3396.79 20000 41534 
3402.74 20000 41550 
3408.96 20000 41566 
3415.11 20000 41581 
3421.32 20000 41597 
3427.1 20000 41613 
3433.5 20000 41629 
3439.42 20000 41644 
3445.43 20000 41660 
3450.99 20000 41676 
3457.06 20000 41691 
3462.61 20000 41707 
3467.98 20000 41723 
3472.87 20000 41739 
3478.77 20000 41754 
3483.86 20000 41770 
3489.07 20000 41786 
3493.47 20000 41801 
3498.51 20000 41817 
3503.68 20000 41833 
3508.28 20000 41849 
3512.38 20000 41864 
3517.82 20000 41880 
3523.17 20000 41896 
3528.31 20000 41912 
3533.08 20000 41927 
3538.77 20000 41943 
3544.01 20000 41959 
3549.01 20000 41974 
3553.6 20000 41990 
3558.7 20000 42006 
3563.72 20000 42022 
3568.93 20000 42037 
3573.59 20000 42053 
3578.7 20000 42069 
3583.61 20000 42084 
3588.21 20000 42100 
3592.43 20000 42116 
3596.97 20000 42132 
3601.52 20000 42147 
3605.82 20000 42163 
3610.11 20000 42179 
3614.36 20000 42195 
3618.38 20000 42210 
3622.64 20000 42226 
3627.28 20000 42242 
3631.51 20000 42257 
3635.76 20000 42273 
3640.1 20000 42289 
3644.61 20000 42305 
3648.68 20000 42320 
3653.36 20000 42336 
3658.17 20000 42352 
3662.2 20000 42367 
3666.03 20000 42383 
3669.68 20000 42399 
3673.06 20000 42415 
3677.25 20000 42430 
3681.06 20000 42446 
3684.88 20000 42462 
3688.85 20000 42478 
3692.71 20000 42493 
3695.98 20000 42509 
3699.74 20000 42525 
3703.21 20000 42540 
3707.06 20000 42556 
3710.86 20000 42572 
3714.85 20000 42588 
3718.16 20000 42603 
3721.57 20000 42619 
3724.8 20000 42635 
3728.43 20000 42651 
3732.06 20000 42666 
3735.47 20000 42682 
3738.25 20000 42698 
3741.77 20000 42713 
3745.11 20000 42729 
3748.71 20000 42745 
3751.79 20000 42761 
3755.71 20000 42776 
3759.1 20000 42792 
3762.56 20000 42808 
3765.88 20000 42824 
3769 20000 42839 
3771.32 20000 42855 
3773.63 20000 42871 
3776.18 20000 42886 
3779.16 20000 42902 
3782.58 20000 42918 
3786.03 20000 42934 
3788.88 20000 42949 
3792.09 20000 42965 
3794.57 20000 42981 
3797 20000 42996 
3799.3 20000 43012 
3802.14 20000 43028 
3805.05 20000 43044 
3807.5 20000 43059 
3809.44 20000 43075 
3811.6 20000 43091 
3813.6 20000 43107 
3815.9 20000 43122 
3818.24 20000 43138 
3820.77 20000 43154 
3822.79 20000 43169 
3824.22 20000 43185 
3825.12 20000 43201 
3826.48 20000 43217 
3828.22 20000 43232 
3829.47 20000 43248 
3830.99 20000 43264 
3832.48 20000 43280 
3834.61 20000 43295 
3835.69 20000 43311 
3836.44 20000 43327 
3837.68 20000 43342 
3839.35 20000 43358 
3840.69 20000 43374 
3842.08 20000 43390 
3843.23 20000 43405 
3844.89 20000 43421 
3845.91 20000 43437 
3846.79 20000 43452 
3847.63 20000 43468 
3849.09 20000 43484 
3849.94 20000 43500 
3850.93 20000 43515 
3851.49 20000 43531 
3852.62 20000 43547 
3853.67 20000 43563 
3854.87 20000 43578 
3856.05 20000 43594 
3857.68 20000 43610 
3858.48 20000 43625 
3859.03 20000 43641 
3859.6 20000 43657 
3860.76 20000 43673 
3861.92 20000 43688 
3863.1 20000 43704 
3863.2 20000 43720 
3864.35 20000 43736 
3865.2 20000 43751 
3865.87 20000 43767 
3865.99 20000 43783 
3867.02 20000 43798 
3868.19 20000 43814 
3868.74 20000 43830 
3868.47 20000 43846 
3868.92 20000 43861 
3869.42 20000 43877 
3870.1 20000 43893 
3870.96 20000 43909 
3872.03 20000 43924 
3872.94 20000 43940 
3873.93 20000 43956 
3874.09 20000 43971 
3874.11 20000 43987 
3874.92 20000 44003 
3875.96 20000 44019 
3876.33 20000 44034 
3876.61 20000 44050 
3877.58 20000 44066 
3878.74 20000 44081 
3879.52 20000 44097 
3879.97 20000 44113 
3881.05 20000 44129 
3881.95 20000 44144 
3882.49 20000 44160 
3882.73 20000 44176 
3883.69 20000 44192 
3884.71 20000 44207 
3885.51 20000 44223 
3886.27 20000 44239 
3887.78 20000 44254 
3888.82 20000 44270 
3890.05 20000 44286 
3890.71 20000 44302 
3892.05 20000 44317 
3893.07 20000 44333 
3894.16 20000 44349 
3894.85 20000 44365 
3896.51 20000 44380 
3897.85 20000 44396 
3899.47 20000 44412 
3900.48 20000 44427 
3902.16 20000 44443 
3903.66 20000 44459 
3905.37 20000 44475 
3906.45 20000 44490 
3908.24 20000 44506 
3909.88 20000 44522 
3911.92 20000 44538 
3913.58 20000 44553 
3916.01 20000 44569 
3918.06 20000 44585 
3920.54 20000 44600 
3922.72 20000 44616 
3925.36 20000 44632 
3927.7 20000 44648 
3930.38 20000 44663 
3933.02 20000 44679 
3936.16 20000 44695 
3939.16 20000 44710 
3942.23 20000 44726 
3944.69 20000 44742 
3947.84 20000 44758 
3951.27 20000 44773 
3954.55 20000 44789 
3957.4 20000 44805 
3961.2 20000 44821 
3965.31 20000 44836 
3969.03 20000 44852 
3972.33 20000 44868 
3976.25 20000 44883 
3980.55 20000 44899 
3984.83 20000 44915 
3988.77 20000 44931 
3992.64 20000 44946 
3997.27 20000 44962 
4001.9 20000 44978 
4006.48 20000 44994 
4011.29 20000 45009 
4016.36 20000 45025 
4021.46 20000 45041 
4026.81 20000 45056 
4031.6 20000 45072 
4037.23 20000 45088 
4042.86 20000 45104 
4048.83 20000 45119 
4054.18 20000 45135 
4060.38 20000 45151 
4066.42 20000 45167 
4072.19 20000 45182 
4078.06 20000 45198 
4084.97 20000 45214 
4091.49 20000 45229 
4098.33 20000 45245 
4104.92 20000 45261 
4112.24 20000 45277 
4119.34 20000 45292 
4126.7 20000 45308 
4133.79 20000 45324 
4141.66 20000 45339 
4149.21 20000 45355 
4157.52 20000 45371 
4165.27 20000 45387 
4174.19 20000 45402 
4182.6 20000 45418 
4191.05 20000 45434 
4199.3 20000 45450 
4208.14 20000 45465 
4216.8 20000 45481 
4226.34 20000 45497 
4235.6 20000 45512 
4245.53 20000 45528 
4254.75 20000 45544 
4264.29 20000 45560 
4273.87 20000 45575 
4284.2 20000 45591 
4293.8 20000 45607 
4303.77 20000 45622 
4313.84 20000 45638 
4324.13 20000 45654 
4334.42 20000 45670 
4345.19 20000 45685 
4355.91 20000 45701 
4366.87 20000 45717 
4377.71 20000 45733 
4388.54 20000 45748 
4399.05 20000 45764 
4409.22 20000 45780 
4420.18 20000 45795 
4431.88 20000 45811 
4443.7 20000 45827 
4455.71 20000 45843 
4467.44 20000 45858 
4478.79 20000 45874 
4490.27 20000 45890 
4501.85 20000 45905 
4514 20000 45921 
4525.5 20000 45937 
4537.5 20000 45953 
4550.13 20000 45968 
4563.19 20000 45984 
4575.89 20000 46000 
4589.23 20000 46016 
4602.49 20000 46031 
4616.48 20000 46047 
4629.73 20000 46063 
4643.35 20000 46078 
4656.98 20000 46094 
4671.21 20000 46110 
4684.82 20000 46126 
4699.17 20000 46141 
4713.64 20000 46157 
4728.4 20000 46173 
4742.19 20000 46189 
4756.68 20000 46204 
4770.85 20000 46220 
4786.1 20000 46236 
4800.54 20000 46251 
4815.17 20000 46267 
4829.4 20000 46283 
4843.96 20000 46299 
4858.06 20000 46314 
4872.56 20000 46330 
4886.58 20000 46346 
4901.67 20000 46362 
4915.98 20000 46377 
4930.77 20000 46393 
4945.26 20000 46409 
4960.98 20000 46424 
4975.77 20000 46440 
4990.61 20000 46456 
5005.86 20000 46472 
5021.7 20000 46487 
5037.03 20000 46503 
5051.98 20000 46519 
5067.11 20000 46535 
5083.39 20000 46550 
5099.23 20000 46566 
5114.68 20000 46582 
5130.55 20000 46597 
5147.5 20000 46613 
5164.33 20000 46629 
5180.54 20000 46645 
5196.64 20000 46660 
5213.62 20000 46676 
5231.05 20000 46692 
5247.63 20000 46708 
5264.16 20000 46723 
5281.36 20000 46739 
5299.17 20000 46755 
5316.45 20000 46770 
5333.48 20000 46786 
5351.02 20000 46802 
5369.19 20000 46818 
5386.88 20000 46833 
5403.81 20000 46849 
5421.21 20000 46865 
5439.45 20000 46881 
5456.85 20000 46896 
5473.86 20000 46912 
5491.55 20000 46928 
5510.77 20000 46943 
5529.05 20000 46959 
5546.61 20000 46975 
5564.44 20000 46991 
5584.59 20000 47006 
5603.69 20000 47022 
5621.69 20000 47038 
5639.4 20000 47054 
5658.56 20000 47069 
5676.87 20000 47085 
5695.35 20000 47101 
5713.29 20000 47116 
5732.66 20000 47132 
5752.42 20000 47148 
5771.17 20000 47164 
5789.11 20000 47179 
5807.85 20000 47195 
5826.97 20000 47211 
5846.37 20000 47227 
5865.01 20000 47242 
5885.35 20000 47258 
5906.12 20000 47274 
5927.21 20000 47289 
5946.34 20000 47305 
5966.66 20000 47321 
5987.61 20000 47337 
6008.45 20000 47352 
6027.27 20000 47368 
6047.69 20000 47384 
6067.81 20000 47400 
6088.22 20000 47415 
6107.65 20000 47431 
6127.41 20000 47447 
6147.41 20000 47462 
6168.52 20000 47478 
6188.31 20000 47494 
6208.58 20000 47510 
6228.89 20000 47525 
6249.6 20000 47541 
6270.39 20000 47557 
6290.65 20000 47573 
6310.54 20000 47588 
6331.81 20000 47604 
6353.16 20000 47620 
6374.16 20000 47636 
6395.02 20000 47651 
6416.68 20000 47667 
6438.51 20000 47683 
6460.32 20000 47698 
6481.43 20000 47714 
6502.13 20000 47730 
6523.88 20000 47746 
6545.62 20000 47761 
6567.62 20000 47777 
6588.42 20000 47793 
6609.31 20000 47808 
6629.19 20000 47824 
6650.73 20000 47840 
6671.92 20000 47856 
6694.6 20000 47871 
6717.05 20000 47887 
6739.48 20000 47903 
6760.58 20000 47919 
6782.78 20000 47934 
6805.51 20000 47950 
6828.6 20000 47966 
6849.53 20000 47981 
6865.89 20000 47997 
6883.77 20000 48013 
6907.81 20000 48029 
6930.44 20000 48044 
6952.44 20000 48060 
6975.21 20000 48076 
6999.09 20000 48092 
7020.96 20000 48107 
7044.11 20000 48123 
7068.04 20000 48139 
7092.82 20000 48154 
7116.58 20000 48170 
7140.74 20000 48186 
7164.6 20000 48202 
7189.03 20000 48217 
7212.88 20000 48233 
7236.82 20000 48249 
7260.96 20000 48265 
7286.55 20000 48280 
7311.07 20000 48296 
7335.74 20000 48312 
7359.88 20000 48328 
7385.6 20000 48343 
7411.22 20000 48359 
7436.72 20000 48375 
7461.65 20000 48390 
7486.79 20000 48406 
7512.17 20000 48422 
7538.22 20000 48438 
7562.36 20000 48453 
7587.65 20000 48469 
7613.18 20000 48485 
7639.33 20000 48501 
7663.95 20000 48516 
7685.7 20000 48532 
7709.6 20000 48548 
7736.14 20000 48563 
7761.9 20000 48579 
7787.54 20000 48595 
7813.7 20000 48611 
7838.98 20000 48626 
7864.21 20000 48642 
7890.09 20000 48658 
7917.06 20000 48674 
7942.54 20000 48689 
7968.37 20000 48705 
7995.04 20000 48721 
8022.5 20000 48736 
8048.61 20000 48752 
8075.54 20000 48768 
8101.7 20000 48784 
8129.03 20000 48799 
8156.54 20000 48815 
8185.39 20000 48831 
8214.41 20000 48847 
8244.53 20000 48862 
8273.18 20000 48878 
8301.09 20000 48894 
8327.89 20000 48909 
8356.03 20000 48925 
8383.72 20000 48941 
8412.18 20000 48957 
8440.79 20000 48972 
8470.91 20000 48988 
8498.6 20000 49004 
8526.54 20000 49020 
8554.28 20000 49035 
8583.59 20000 49051 
8610.62 20000 49067 
8638.79 20000 49082 
8667.11 20000 49098 
8697.2 20000 49114 
8728.33 20000 49130 
8758.38 20000 49145 
8787.34 20000 49161 
8819.95 20000 49177 
8851.89 20000 49193 
8882.6 20000 49208 
8912.4 20000 49224 
8942.58 20000 49240 
8972.81 20000 49255 
9003.52 20000 49271 
9035.96 20000 49287 
9068.73 20000 49303 
9098.83 20000 49318 
9127.33 20000 49334 
9155.45 20000 49350 
9185.84 20000 49366 
9215.63 20000 49381 
9244.92 20000 49397 
9274.62 20000 49413 
9306.4 20000 49428 
9337.95 20000 49444 
9367.65 20000 49460 
9397.9 20000 49476 
9428.28 20000 49491 
9458.46 20000 49507 
9485.9 20000 49523 
9512.93 20000 49539 
9544.64 20000 49554 
9578.47 20000 49570 
9610.8 20000 49586 
9643.01 20000 49601 
9674.32 20000 49617 
9709.4 20000 49633 
9743.36 20000 49649 
9775.43 20000 49664 
9806.53 20000 49680 
9839.45 20000 49696 
9870.57 20000 49712 
9901.56 20000 49727 
9932.85 20000 49743 
9965.9 20000 49759 
9998.13 20000 49774 
10031.04 20000 49790 
10063.71 20000 49806 
10098.6 20000 49822 
10131.2 20000 49837 
10165.69 20000 49853 
10200.39 20000 49869 
10236.01 20000 49885 
10268.53 20000 49900 
10301.89 20000 49916 
10336.28 20000 49932 
10370.99 20000 49948 
10402.23 20000 49963 
10433.18 20000 49979 
10463.61 20000 49995 
10495.6 20000 50010 
10527.27 20000 50026 
10562.64 20000 50042 
10600.02 20000 50058 
10637.52 20000 50073 
10673.31 20000 50089 
10707.89 20000 50105 
10742.63 20000 50121 
10780.79 20000 50136 
10816.45 20000 50152 
10849.05 20000 50168 
10882.38 20000 50183 
10919.26 20000 50199 
10954.25 20000 50215 
10987.89 20000 50231 
11019.57 20000 50246 
11052.92 20000 50262 
11086.08 20000 50278 
11120.69 20000 50294 
11158.09 20000 50309 
11195.58 20000 50325 
11231.84 20000 50341 
11265.66 20000 50356 
11299.49 20000 50372 
11336.05 20000 50388 
11374.3 20000 50404 
11412.36 20000 50419 
11450.45 20000 50435 
11488.69 20000 50451 
11525.98 20000 50467 
11562.51 20000 50482 
11599.88 20000 50498 
11637.69 20000 50514 
11675.72 20000 50529 
11713.12 20000 50545 
11750.92 20000 50561 
11788.02 20000 50577 
11826.05 20000 50592 
11862.62 20000 50608 
11899.88 20000 50624 
11936.68 20000 50640 
11974.03 20000 50655 
12010.02 20000 50671 
12046.52 20000 50687 
12081.79 20000 50703 
12118.28 20000 50718 
12154.68 20000 50734 
12193.78 20000 50750 
12233.51 20000 50765 
12272.97 20000 50781 
12309.94 20000 50797 
12348.26 20000 50813 
12384.99 20000 50828 
12421.88 20000 50844 
12458.29 20000 50860 
12494.38 20000 50875 
12529.47 20000 50891 
12565.75 20000 50907 
12599.64 20000 50923 
12635.26 20000 50938 
12674.31 20000 50954 
12714.69 20000 50970 
12752.98 20000 50986 
12792.03 20000 51001 
12833.91 20000 51017 
12878.31 20000 51033 
12920.6 20000 51049 
12962.84 20000 51064 
13002.01 20000 51080 
13039.52 20000 51096 
13076.8 20000 51111 
13114.68 20000 51127 
13153.39 20000 51143 
13193.77 20000 51159 
13232.06 20000 51174 
13268.65 20000 51190 
13305.38 20000 51206 
13343.83 20000 51222 
13382.29 20000 51237 
13419.79 20000 51253 
13457.17 20000 51269 
13496.3 20000 51285 
13534.75 20000 51300 
13573.87 20000 51316 
13613.23 20000 51332 
13651.39 20000 51347 
13689.27 20000 51363 
13725.81 20000 51379 
13763.42 20000 51395 
13800.85 20000 51410 
13839.93 20000 51426 
13878.47 20000 51442 
13915.59 20000 51458 
13953 20000 51473 
13993.09 20000 51489 
14030.51 20000 51505 
14067.39 20000 51520 
14103.88 20000 51536 
14141.86 20000 51552 
14178.99 20000 51568 
14218.23 20000 51583 
14256.72 20000 51599 
14295.44 20000 51615 
14333.42 20000 51631 
14373.62 20000 51646 
14414.92 20000 51662 
14458.33 20000 51678 
14501.2 20000 51693 
14543.54 20000 51709 
14585.26 20000 51725 
14628.83 20000 51741 
14670.52 20000 51756 
14711.76 20000 51772 
14754.06 20000 51788 
14797.65 20000 51804 
14838.08 20000 51819 
14877.89 20000 51835 
14917.26 20000 51851 
14957.98 20000 51866 
14997.19 20000 51882 
15037.37 20000 51898 
15076.55 20000 51914 
15117.69 20000 51929 
15158.24 20000 51945 
15198.68 20000 51961 
15238.65 20000 51977 
15279.81 20000 51992 
15320.45 20000 52008 
15360.9 20000 52024 
15401.12 20000 52040 
15442.91 20000 52055 
15484.58 20000 52071 
15526.18 20000 52087 
15567.43 20000 52102 
15609.18 20000 52118 
15651.09 20000 52134 
15693.52 20000 52150 
15735.85 20000 52165 
15777.51 20000 52181 
15818.58 20000 52197 
15859.44 20000 52213 
15901.27 20000 52228 
15944.42 20000 52244 
15988.05 20000 52260 
16029.82 20000 52276 
16071.78 20000 52291 
16113.93 20000 52307 
16157.93 20000 52323 
16202.14 20000 52338 
16246.51 20000 52354 
16289.8 20000 52370 
16333.95 20000 52386 
16377.39 20000 52401 
16422.33 20000 52417 
16465.61 20000 52433 
16510.03 20000 52449 
16554.83 20000 52464 
16600.06 20000 52480 
16643.67 20000 52496 
16687.76 20000 52511 
16731.13 20000 52527 
16775.54 20000 52543 
16820.07 20000 52559 
16868.18 20000 52574 
16915.39 20000 52590 
16963.11 20000 52606 
17010.95 20000 52622 
17060.84 20000 52637 
17107.84 20000 52653 
17153.66 20000 52669 
17198.98 20000 52685 
17246.53 20000 52700 
17292.36 20000 52716 
17339.12 20000 52732 
17385.27 20000 52747 
17431.29 20000 52763 
17476.02 20000 52779 
17522.94 20000 52795 
17569.47 20000 52810 
17615.66 20000 52826 
17659.52 20000 52842 
17702.85 20000 52858 
17747.18 20000 52873 
17794.03 20000 52889 
17841.34 20000 52905 
17887.65 20000 52920 
17931.94 20000 52936 
17977.33 20000 52952 
18024.1 20000 52968 
18072.16 20000 52983 
18120.15 20000 52999 
18169.57 20000 53015 
18219.3 20000 53031 
18266.15 20000 53046 
18310.74 20000 53062 
18355.7 20000 53078 
18397.74 20000 53094 
18440.07 20000 53109 
18485.95 20000 53125 
18533.56 20000 53141 
18582.62 20000 53156 
18628.73 20000 53172 
18672.97 20000 53188 
18718.97 20000 53204 
18767.27 20000 53219 
18814.55 20000 53235 
18862.85 20000 53251 
18911.28 20000 53267 
18960.53 20000 53282 
19008.98 20000 53298 
19059.77 20000 53314 
19109.65 20000 53329 
19159.64 20000 53345 
19207.54 20000 53361 
19256.49 20000 53377 
19306.5 20000 53392 
19360.08 20000 53408 
19413.1 20000 53424 
19466.78 20000 53440 
19519.74 20000 53455 
19574.2 20000 53471 
19626.71 20000 53487 
19679.71 20000 53503 
19730.45 20000 53518 
19781.63 20000 53534 
19831.71 20000 53550 
19883.31 20000 53565 
19932.7 20000 53581 
19982.37 20000 53597 
20030.97 20000 53613 
20080.34 20000 53628 
20127.56 20000 53629 
20151.24 20000 53629 
20107.53 20000 53629 
20045.66 20000 53629 
19993.39 20000 53629 
19947.55 20000 53629 
19905.87 20000 53629 
19865.39 20000 53629 
19820.95 20000 53629 
19783.42 20000 53629 
19751.7 20000 53629 
19721.61 20000 53629 
19692.6 20000 53629 
19664.59 20000 53629 
19637.51 20000 53629 
19611.29 20000 53629 
19586.08 20000 53629 
19561.48 20000 53629 
19537.66 20000 53629 
19514.8 20000 53629 
19492.35 20000 53629 
19470.67 20000 53629 
19449.05 20000 53629 
19427.81 20000 53629 
19407.28 20000 53629 
19387.05 20000 53629 
19367.43 20000 53629 
19348.07 20000 53629 
19329.09 20000 53629 
19310.19 20000 53629 
19292.18 20000 53629 
19274.8 20000 53629 
19257.4 20000 53629 
19239.95 20000 53629 
19222.51 20000 53629 
19205.45 20000 53629 
19188.69 20000 53629 
19172.3 20000 53629 
19156.53 20000 53629 
19140.91 20000 53629 
19125.24 20000 53629 
19109.71 20000 53629 
19094.33 20000 53629 
19079.11 20000 53629 
19064.51 20000 53629 
19050.38 20000 53629 
19036.44 20000 53629 
19022.88 20000 53629 
18996.63 20000 53629 
18983.51 20000 53629 
18970.24 20000 53629 
18957.52 20000 53629 
18944.85 20000 53629 
18931.91 20000 53629 
18919.01 20000 53629 
18906.37 20000 53629 
18893.68 20000 53629 
18881.11 20000 53629 
18868.79 20000 53629 
18856.55 20000 53629 
18844.41 20000 53629 
18832.24 20000 53629 
18820.02 20000 53629 
18808.18 20000 53629 
18796.6 20000 53629 
18785.36 20000 53629 
18773.97 20000 53629 
18762.42 20000 53629 
