5.89 20000 35559 
6.01 20000 35559 
5.98 20000 35559 
5.74 20000 35559 
5.85 20000 35559 
5.9 20000 35559 
5.91 20000 35559 
5.74 20000 35559 
5.69 20000 35559 
5.85 20000 35559 
5.95 20000 35559 
5.87 20000 35559 
5.77 20000 35559 
5.88 20000 35559 
6.06 20000 35559 
6.07 20000 35559 
5.68 20000 35559 
5.74 20000 35559 
5.89 20000 35559 
6.01 20000 35559 
6.08 20000 35559 
6.02 20000 35559 
5.83 20000 35559 
5.82 20000 35559 
5.66 20000 35559 
5.51 20000 35559 
5.26 20000 35559 
5.52 20000 35559 
5.99 20000 35559 
6.57 20000 35559 
6.88 20000 35559 
6.84 20000 35559 
6.22 20000 35559 
5.76 20000 35559 
5.45 20000 35559 
5.25 20000 35559 
5.09 20000 35559 
5.19 20000 35559 
5.33 20000 35559 
4.98 20000 35559 
5.22 20000 35559 
5.49 20000 35559 
5.62 20000 35559 
6 20000 35559 
5.91 20000 35559 
5.75 20000 35559 
6.02 20000 35559 
5.68 20000 35559 
5.54 20000 35717 
5.63 20000 35880 
5.54 20000 35900 
5.55 20000 35915 
5.92 20000 35931 
6.34 20000 35947 
6.33 20000 35963 
6.53 20000 35978 
6.8 20000 35994 
6.92 20000 36010 
7.04 20000 36026 
7.06 20000 36041 
7.24 20000 36057 
7.42 20000 36073 
6.98 20000 36088 
6.44 20000 36104 
6.6 20000 36120 
6.89 20000 36136 
7.31 20000 36151 
7.63 20000 36167 
8.21 20000 36183 
8.84 20000 36199 
9.33 20000 36214 
9.99 20000 36230 
10.84 20000 36246 
11.95 20000 36261 
12.73 20000 36277 
13.78 20000 36293 
15.23 20000 36309 
16.91 20000 36324 
18.67 20000 36340 
20.08 20000 36356 
21.38 20000 36372 
22.95 20000 36387 
24.38 20000 36403 
26.18 20000 36419 
28.89 20000 36434 
31.61 20000 36450 
34.67 20000 36466 
37.57 20000 36482 
40.57 20000 36497 
44.15 20000 36513 
47.96 20000 36529 
52.19 20000 36545 
56.67 20000 36560 
60.91 20000 36576 
65.27 20000 36592 
69.81 20000 36608 
74.93 20000 36623 
80.21 20000 36639 
85.14 20000 36655 
91.23 20000 36670 
97.41 20000 36686 
103.75 20000 36702 
110 20000 36718 
116.67 20000 36733 
123.11 20000 36749 
129.86 20000 36765 
136.13 20000 36780 
142.71 20000 36796 
149.43 20000 36812 
156.02 20000 36828 
162.48 20000 36843 
169.17 20000 36859 
175.49 20000 36875 
182.05 20000 36891 
187.98 20000 36906 
194.19 20000 36922 
200.12 20000 36938 
205.47 20000 36953 
210.55 20000 36969 
216.49 20000 36985 
222.61 20000 37001 
229.14 20000 37016 
235.93 20000 37032 
242.9 20000 37048 
249.85 20000 37064 
257.04 20000 37079 
264.15 20000 37095 
271.66 20000 37111 
278.77 20000 37126 
285.35 20000 37142 
290.33 20000 37158 
298.36 20000 37174 
306.5 20000 37189 
313.92 20000 37205 
320.54 20000 37221 
327.79 20000 37237 
334.85 20000 37252 
341.98 20000 37268 
348.78 20000 37284 
355.68 20000 37299 
362.98 20000 37315 
369.96 20000 37331 
376.72 20000 37347 
383.71 20000 37362 
390.83 20000 37378 
397.96 20000 37394 
404.92 20000 37410 
411.78 20000 37425 
418.65 20000 37441 
425.88 20000 37457 
433.18 20000 37472 
440.28 20000 37488 
447.53 20000 37504 
454.51 20000 37520 
461.95 20000 37535 
469.4 20000 37551 
476.97 20000 37567 
483.95 20000 37583 
490.71 20000 37598 
497.8 20000 37614 
504.89 20000 37630 
511.51 20000 37645 
518.65 20000 37661 
525.81 20000 37677 
532.95 20000 37693 
540.24 20000 37708 
547.47 20000 37724 
554.37 20000 37740 
561.18 20000 37756 
568.53 20000 37771 
575.59 20000 37787 
582.42 20000 37803 
589.46 20000 37818 
596.55 20000 37834 
603.62 20000 37850 
610.44 20000 37866 
617.82 20000 37881 
624.37 20000 37897 
631.22 20000 37913 
637.94 20000 37928 
645.08 20000 37944 
652.02 20000 37960 
658.99 20000 37976 
665.68 20000 37991 
672.92 20000 38007 
679.84 20000 38023 
686.93 20000 38039 
693.98 20000 38054 
700.87 20000 38070 
707.85 20000 38086 
714.99 20000 38101 
721.97 20000 38117 
729.5 20000 38133 
736.54 20000 38149 
743.87 20000 38164 
751.24 20000 38180 
758.72 20000 38196 
766.04 20000 38212 
772.84 20000 38227 
779.9 20000 38243 
787.21 20000 38259 
794.33 20000 38274 
801.11 20000 38290 
807.81 20000 38306 
814.84 20000 38322 
822.25 20000 38337 
828.86 20000 38353 
835.05 20000 38369 
841.88 20000 38385 
849.12 20000 38400 
856.07 20000 38416 
863.02 20000 38432 
869.86 20000 38447 
876.89 20000 38463 
884.12 20000 38479 
891.2 20000 38495 
897.64 20000 38510 
904.29 20000 38526 
911.32 20000 38542 
918.61 20000 38557 
925.29 20000 38573 
932.66 20000 38589 
939.72 20000 38605 
946.75 20000 38620 
953.51 20000 38636 
960.55 20000 38652 
966.92 20000 38668 
973.83 20000 38683 
980.94 20000 38699 
988.76 20000 38715 
995.95 20000 38731 
1003.21 20000 38746 
1010.09 20000 38762 
1017.03 20000 38778 
1024.84 20000 38793 
1032.83 20000 38809 
1039.62 20000 38825 
1046.5 20000 38841 
1053.47 20000 38856 
1060.61 20000 38872 
1067.75 20000 38888 
1075.42 20000 38904 
1082.41 20000 38919 
1089.78 20000 38935 
1097.61 20000 38951 
1106.35 20000 38966 
1114.42 20000 38982 
1122.47 20000 38998 
1130.41 20000 39014 
1138.33 20000 39029 
1145.63 20000 39045 
1153.12 20000 39061 
1160.19 20000 39077 
1165.63 20000 39092 
1171.32 20000 39108 
1178.71 20000 39124 
1185.89 20000 39139 
1191.97 20000 39155 
1197.85 20000 39171 
1205.8 20000 39187 
1213.76 20000 39202 
1221.77 20000 39218 
1229.53 20000 39234 
1236.96 20000 39250 
1244.27 20000 39265 
1251.95 20000 39281 
1259.65 20000 39297 
1267.25 20000 39312 
1274.62 20000 39328 
1282.42 20000 39344 
1290.43 20000 39360 
1298.06 20000 39375 
1305.63 20000 39391 
1312.89 20000 39407 
1320.15 20000 39423 
1327.18 20000 39438 
1334.6 20000 39454 
1341.99 20000 39470 
1349.98 20000 39485 
1357.36 20000 39501 
1364.67 20000 39517 
1372.14 20000 39533 
1380.38 20000 39548 
1387.67 20000 39564 
1394.87 20000 39580 
1402.27 20000 39596 
1410.45 20000 39611 
1418.2 20000 39627 
1425.82 20000 39643 
1432.98 20000 39659 
1441.04 20000 39674 
1449.07 20000 39690 
1456.51 20000 39706 
1464 20000 39721 
1472.12 20000 39737 
1479.97 20000 39753 
1487.91 20000 39769 
1495.41 20000 39784 
1503.7 20000 39800 
1511.55 20000 39816 
1519.24 20000 39831 
1526.95 20000 39847 
1534.79 20000 39863 
1542.52 20000 39879 
1550.82 20000 39894 
1558.49 20000 39910 
1566.34 20000 39926 
1574.01 20000 39942 
1582.22 20000 39957 
1590.29 20000 39973 
1598.72 20000 39989 
1607.06 20000 40004 
1615.27 20000 40020 
1623.16 20000 40036 
1631.52 20000 40052 
1639.71 20000 40067 
1647.65 20000 40083 
1655.72 20000 40099 
1663.86 20000 40115 
1671.99 20000 40130 
1680.14 20000 40146 
1688.45 20000 40162 
1696.8 20000 40177 
1704.9 20000 40193 
1713.51 20000 40209 
1722.03 20000 40225 
1730.32 20000 40240 
1738.92 20000 40256 
1746.96 20000 40272 
1754.95 20000 40288 
1763.17 20000 40303 
1771.4 20000 40319 
1779.64 20000 40335 
1787.93 20000 40350 
1796.13 20000 40366 
1805.08 20000 40382 
1813.58 20000 40398 
1822.1 20000 40413 
1830.32 20000 40429 
1839.31 20000 40445 
1848.07 20000 40461 
1857.13 20000 40476 
1865.9 20000 40492 
1874.72 20000 40508 
1883.24 20000 40523 
1892.11 20000 40539 
1900.64 20000 40555 
1909.3 20000 40571 
1917.91 20000 40586 
1926.9 20000 40602 
1935.52 20000 40618 
1944.41 20000 40634 
1952.96 20000 40649 
1962.06 20000 40665 
1971.21 20000 40681 
1980.87 20000 40696 
1990.02 20000 40712 
1998.98 20000 40728 
2008.14 20000 40744 
2017.94 20000 40759 
2027.05 20000 40775 
2036.6 20000 40791 
2045.77 20000 40807 
2055.48 20000 40822 
2064.65 20000 40838 
2073.63 20000 40854 
2083.01 20000 40869 
2092.88 20000 40885 
2101.97 20000 40901 
2111 20000 40917 
2120.64 20000 40932 
2130.83 20000 40948 
2140.34 20000 40964 
2149.34 20000 40980 
2158.81 20000 40995 
2168.95 20000 41011 
2178.62 20000 41027 
2188.14 20000 41042 
2198.25 20000 41058 
2208.05 20000 41074 
2217.55 20000 41090 
2227.11 20000 41105 
2236.83 20000 41121 
2246.85 20000 41137 
2256.58 20000 41153 
2265.92 20000 41168 
2275.45 20000 41184 
2285.02 20000 41200 
2295.16 20000 41216 
2304.46 20000 41231 
2313.82 20000 41247 
2323.83 20000 41263 
2334.61 20000 41278 
2344.39 20000 41294 
2354.4 20000 41310 
2364.65 20000 41326 
2375.4 20000 41341 
2385.83 20000 41357 
2396.73 20000 41373 
2407.62 20000 41389 
2418.72 20000 41404 
2429.28 20000 41420 
2440.06 20000 41436 
2451 20000 41451 
2462.12 20000 41467 
2472.67 20000 41483 
2484.05 20000 41499 
2495.32 20000 41514 
2506.78 20000 41530 
2518.01 20000 41546 
2529.36 20000 41562 
2540.96 20000 41577 
2552.97 20000 41593 
2564.04 20000 41609 
2575.69 20000 41625 
2587.33 20000 41640 
2599.01 20000 41656 
2609.85 20000 41672 
2620.9 20000 41687 
2632.01 20000 41703 
2644.02 20000 41719 
2655.37 20000 41735 
2666.9 20000 41750 
2678.7 20000 41766 
2691.21 20000 41782 
2703.51 20000 41797 
2715.73 20000 41813 
2727.92 20000 41829 
2740.14 20000 41845 
2751.6 20000 41860 
2762.94 20000 41876 
2774.65 20000 41892 
2786.6 20000 41908 
2798.78 20000 41923 
2810.99 20000 41939 
2822.5 20000 41955 
2834.56 20000 41970 
2846.67 20000 41986 
2858.76 20000 42002 
2870.95 20000 42018 
2882.97 20000 42033 
2895.6 20000 42049 
2907.98 20000 42065 
2920.9 20000 42081 
2933.65 20000 42096 
2946.63 20000 42112 
2959.11 20000 42128 
2972.26 20000 42143 
2985.47 20000 42159 
2998.98 20000 42175 
3011.73 20000 42191 
3025.27 20000 42206 
3038.63 20000 42222 
3052.17 20000 42238 
3065.2 20000 42254 
3078.93 20000 42269 
3092.3 20000 42285 
3106.21 20000 42301 
3119.43 20000 42317 
3132.73 20000 42332 
3145.74 20000 42348 
3159.46 20000 42364 
3172.71 20000 42379 
3186.7 20000 42395 
3200.48 20000 42411 
3214.91 20000 42427 
3228.31 20000 42442 
3242.06 20000 42458 
3255.16 20000 42474 
3269.31 20000 42490 
3282.99 20000 42505 
3297.24 20000 42521 
3311.18 20000 42537 
3325.59 20000 42553 
3339.35 20000 42568 
3353.28 20000 42584 
3366.09 20000 42600 
3378.96 20000 42615 
3391.09 20000 42631 
3404.04 20000 42647 
3417.14 20000 42663 
3431.63 20000 42678 
3446.16 20000 42694 
3460.86 20000 42710 
3474.62 20000 42726 
3488.66 20000 42741 
3502.84 20000 42757 
3517.53 20000 42773 
3531.55 20000 42788 
3545.41 20000 42804 
3559.59 20000 42820 
3574.12 20000 42836 
3589 20000 42851 
3604.13 20000 42867 
3619.04 20000 42883 
3634.55 20000 42899 
3650.07 20000 42914 
3665.07 20000 42930 
3680.45 20000 42946 
3695.88 20000 42962 
3710.92 20000 42977 
3725.64 20000 42993 
3740.44 20000 43009 
3755.28 20000 43024 
3770.5 20000 43040 
3785.1 20000 43056 
3800.64 20000 43072 
3816.28 20000 43087 
3832.39 20000 43103 
3847.7 20000 43119 
3863.24 20000 43135 
3878.81 20000 43150 
3894.84 20000 43166 
3910.29 20000 43182 
3925.86 20000 43198 
3941.28 20000 43213 
3957.83 20000 43229 
3973.66 20000 43245 
3989.14 20000 43260 
4004.64 20000 43276 
4021.1 20000 43292 
4036.94 20000 43308 
4052.65 20000 43323 
4067.6 20000 43339 
4084.06 20000 43355 
4100.09 20000 43371 
4116.28 20000 43386 
4131.8 20000 43402 
4148.98 20000 43418 
4165.91 20000 43434 
4182.48 20000 43449 
4198.21 20000 43465 
4214.99 20000 43481 
4231.38 20000 43496 
4247.75 20000 43512 
4263.48 20000 43528 
4280 20000 43544 
4296.5 20000 43559 
4313.11 20000 43575 
4328.82 20000 43591 
4345.82 20000 43607 
4362.96 20000 43622 
4379.76 20000 43638 
4395.48 20000 43654 
4412.25 20000 43670 
4429.59 20000 43685 
4446.75 20000 43701 
4463.17 20000 43717 
4480.03 20000 43732 
4497.26 20000 43748 
4514.4 20000 43764 
4530.51 20000 43780 
4547.09 20000 43795 
4564.58 20000 43811 
4581.26 20000 43827 
4597.65 20000 43843 
4614.11 20000 43858 
4631.72 20000 43874 
4649.13 20000 43890 
4665.8 20000 43905 
4682.21 20000 43921 
4699.82 20000 43937 
4717.23 20000 43953 
4734.12 20000 43968 
4750.74 20000 43984 
4768.62 20000 44000 
4785.88 20000 44016 
4802.79 20000 44031 
4819.27 20000 44047 
4837.49 20000 44063 
4855.81 20000 44079 
4873.35 20000 44094 
4889.76 20000 44110 
4907.64 20000 44126 
4925.37 20000 44141 
4942.98 20000 44157 
4959.83 20000 44173 
4977.85 20000 44189 
4995.49 20000 44204 
5013.48 20000 44220 
5031.1 20000 44236 
5049.48 20000 44252 
5067.57 20000 44267 
5085.89 20000 44283 
5102.94 20000 44299 
5120.93 20000 44315 
5138.76 20000 44330 
5157.37 20000 44346 
5174.99 20000 44362 
5193.07 20000 44377 
5211.28 20000 44393 
5230.39 20000 44409 
5248.35 20000 44425 
5266.7 20000 44440 
5285.14 20000 44456 
5304.02 20000 44472 
5322.08 20000 44488 
5340.97 20000 44503 
5359.59 20000 44519 
5378.82 20000 44535 
5397.11 20000 44551 
5415.4 20000 44566 
5433.6 20000 44582 
5452.01 20000 44598 
5470.43 20000 44613 
5489.06 20000 44629 
5507.81 20000 44645 
5526.44 20000 44661 
5544.81 20000 44676 
5563.71 20000 44692 
5583.11 20000 44708 
5601.78 20000 44724 
5620.43 20000 44739 
5639.68 20000 44755 
5659.15 20000 44771 
5677.69 20000 44787 
5696.25 20000 44802 
5715.61 20000 44818 
5735.13 20000 44834 
5749.04 20000 44849 
5761.56 20000 44865 
5782.15 20000 44881 
5803.1 20000 44897 
5822.46 20000 44912 
5842.35 20000 44928 
5862.18 20000 44944 
5882.18 20000 44960 
5900.89 20000 44975 
5920.02 20000 44991 
5938.87 20000 45007 
5958.4 20000 45023 
5976.63 20000 45038 
5996.08 20000 45054 
6015.81 20000 45070 
6035.81 20000 45085 
6053.95 20000 45101 
6072.87 20000 45117 
6093.03 20000 45133 
6114.03 20000 45148 
6133.78 20000 45164 
6154.08 20000 45180 
6173.61 20000 45196 
6194.13 20000 45211 
6213.32 20000 45227 
6233.36 20000 45243 
6253.05 20000 45259 
6273.87 20000 45274 
6293.61 20000 45290 
6313.83 20000 45306 
6333.8 20000 45321 
6354.94 20000 45337 
6375.17 20000 45353 
6395.42 20000 45369 
6415.95 20000 45384 
6437.79 20000 45400 
6458.74 20000 45416 
6479.37 20000 45432 
6500.27 20000 45447 
6522.11 20000 45463 
6543.16 20000 45479 
6563.79 20000 45494 
6584.08 20000 45510 
6604.95 20000 45526 
6625.36 20000 45542 
6645.34 20000 45557 
6665 20000 45573 
6686.43 20000 45589 
6708.6 20000 45605 
6730.39 20000 45620 
6752.55 20000 45636 
6774.45 20000 45652 
6795.92 20000 45668 
6816.5 20000 45683 
6837.72 20000 45699 
6858.69 20000 45715 
6879.94 20000 45730 
6900.98 20000 45746 
6922.62 20000 45762 
6944.04 20000 45778 
6965.62 20000 45793 
6986.58 20000 45809 
7008.13 20000 45825 
7028.94 20000 45841 
7050.74 20000 45856 
7070.79 20000 45872 
7092.28 20000 45888 
7114.38 20000 45904 
7136.79 20000 45919 
7158.12 20000 45935 
7180.74 20000 45951 
7204.01 20000 45967 
7227 20000 45982 
7247.91 20000 45998 
7271.4 20000 46014 
7295.11 20000 46029 
7319.44 20000 46045 
7341.04 20000 46061 
7362.01 20000 46077 
7382.88 20000 46092 
7405.69 20000 46108 
7426.08 20000 46124 
7446.99 20000 46140 
7468.47 20000 46155 
7490.85 20000 46171 
7511.75 20000 46187 
7533.27 20000 46203 
7555.79 20000 46218 
7580.43 20000 46234 
7603.34 20000 46250 
7625.06 20000 46265 
7646.39 20000 46281 
7669.32 20000 46297 
7690.52 20000 46313 
7712 20000 46328 
7733.68 20000 46344 
7756.7 20000 46360 
7778.8 20000 46376 
7800.75 20000 46391 
7823.25 20000 46407 
7847.03 20000 46423 
7869.98 20000 46439 
7892.5 20000 46454 
7915.49 20000 46470 
7939.86 20000 46486 
7963.98 20000 46501 
7986.17 20000 46517 
8008.18 20000 46533 
8031.92 20000 46549 
8055.22 20000 46564 
8076.76 20000 46580 
8099.32 20000 46596 
8122.84 20000 46612 
8146.66 20000 46627 
8168.25 20000 46643 
8189.57 20000 46659 
8211.6 20000 46674 
8235.22 20000 46690 
8257.95 20000 46706 
8281.49 20000 46722 
8305.91 20000 46737 
8331.35 20000 46753 
8354.73 20000 46769 
8378.84 20000 46785 
8403.38 20000 46800 
8429.37 20000 46816 
8453.99 20000 46832 
8478.94 20000 46848 
8503.96 20000 46863 
8530.6 20000 46879 
8555.96 20000 46895 
8581.23 20000 46910 
8606.17 20000 46926 
8632.22 20000 46942 
8656.55 20000 46958 
8680.64 20000 46973 
8704.33 20000 46989 
8729.51 20000 47005 
8753.71 20000 47021 
8777.89 20000 47036 
8801.47 20000 47052 
8825.77 20000 47068 
8850.14 20000 47084 
8874.82 20000 47099 
8898.82 20000 47115 
8924.03 20000 47131 
8949.03 20000 47146 
8974.34 20000 47162 
8998.88 20000 47178 
9024.23 20000 47194 
9049.88 20000 47209 
9075.23 20000 47225 
9099.85 20000 47241 
9125.86 20000 47257 
9150.97 20000 47272 
9175.58 20000 47288 
9199.82 20000 47304 
9225.68 20000 47319 
9251.33 20000 47335 
9276.77 20000 47351 
9301.38 20000 47367 
9327.12 20000 47382 
9352.46 20000 47398 
9376.31 20000 47414 
9400.11 20000 47430 
9425.29 20000 47445 
9450.37 20000 47461 
9474.84 20000 47477 
9499.66 20000 47493 
9523.84 20000 47508 
9548.03 20000 47524 
9573.29 20000 47540 
9599.25 20000 47556 
9624.8 20000 47571 
9650.15 20000 47587 
9674.62 20000 47603 
9701.1 20000 47618 
9727.6 20000 47634 
9754.81 20000 47650 
9781.93 20000 47666 
9808.9 20000 47681 
9834.88 20000 47697 
9860.97 20000 47713 
9886.75 20000 47729 
9914.53 20000 47744 
9941.55 20000 47760 
9968.84 20000 47776 
9992.04 20000 47791 
10016.16 20000 47807 
10041.76 20000 47823 
10068.09 20000 47839 
10093.87 20000 47854 
10120.82 20000 47870 
10147.87 20000 47886 
10175.03 20000 47902 
10200.65 20000 47917 
10228 20000 47933 
10255.07 20000 47949 
10282.77 20000 47965 
10309.17 20000 47980 
10335.32 20000 47996 
10362.26 20000 48012 
10391.13 20000 48027 
10418.05 20000 48043 
10445.61 20000 48059 
10473.24 20000 48075 
10501.56 20000 48090 
10528.78 20000 48106 
10555.27 20000 48122 
10581.06 20000 48138 
10607.86 20000 48153 
10632.89 20000 48169 
10658.01 20000 48185 
10683.44 20000 48201 
10709.89 20000 48216 
10736.97 20000 48232 
10764.61 20000 48248 
10791.88 20000 48263 
10819.93 20000 48279 
10847.66 20000 48295 
10874.79 20000 48311 
10901.8 20000 48326 
10928.55 20000 48342 
10955.51 20000 48358 
10982.55 20000 48374 
11009.06 20000 48389 
11037.4 20000 48405 
11067.77 20000 48421 
11098.01 20000 48437 
11127.93 20000 48452 
11157.77 20000 48468 
11187.91 20000 48484 
11216.49 20000 48499 
11244.38 20000 48515 
11270.87 20000 48531 
11297.72 20000 48547 
11323.53 20000 48562 
11349.39 20000 48578 
11375.17 20000 48594 
11403.11 20000 48610 
11430.54 20000 48625 
11458.74 20000 48641 
11486.82 20000 48657 
11515.83 20000 48673 
11543.79 20000 48688 
11571.86 20000 48704 
11599.59 20000 48720 
11627.75 20000 48735 
11655.3 20000 48751 
11685.31 20000 48767 
11714.09 20000 48783 
11741.94 20000 48798 
11768.52 20000 48814 
11796.76 20000 48830 
11823.58 20000 48846 
11852.41 20000 48861 
11879.85 20000 48877 
11908.53 20000 48893 
11936.59 20000 48909 
11964.79 20000 48924 
11990.63 20000 48940 
12018.27 20000 48956 
12047.34 20000 48971 
12077.06 20000 48987 
12104.41 20000 49003 
12133.15 20000 49019 
12162.54 20000 49034 
12192.85 20000 49050 
12223.04 20000 49066 
12254.17 20000 49082 
12283.05 20000 49097 
12311.1 20000 49113 
12337.63 20000 49129 
12365.3 20000 49145 
12394.3 20000 49160 
12423.9 20000 49176 
12452.67 20000 49192 
12481.58 20000 49207 
12510.44 20000 49223 
12539.35 20000 49239 
12567.82 20000 49255 
12594.77 20000 49270 
12620.97 20000 49286 
12649.13 20000 49302 
12679.52 20000 49318 
12710.54 20000 49333 
12742.95 20000 49349 
12775.5 20000 49365 
12807.11 20000 49381 
12836.86 20000 49396 
12867.81 20000 49412 
12900.01 20000 49428 
12932.77 20000 49444 
12963.63 20000 49459 
12995.71 20000 49475 
13028.3 20000 49491 
13059.99 20000 49506 
13090.01 20000 49522 
13122.25 20000 49538 
13154.02 20000 49554 
13186.19 20000 49569 
13217.07 20000 49585 
13248.27 20000 49601 
13278.34 20000 49617 
13310.2 20000 49632 
13340.83 20000 49648 
13371.84 20000 49664 
13402.18 20000 49680 
13433.2 20000 49695 
13462.89 20000 49711 
13493.96 20000 49727 
13525.87 20000 49742 
13560.33 20000 49758 
13592.76 20000 49774 
13624.29 20000 49790 
13656.29 20000 49805 
13691.13 20000 49821 
13723.8 20000 49837 
13755.12 20000 49853 
13785.1 20000 49868 
13816.57 20000 49884 
13847.14 20000 49900 
13877.6 20000 49916 
13908.55 20000 49931 
13941.24 20000 49947 
13973.38 20000 49963 
14006.01 20000 49979 
14039.14 20000 49994 
14074.67 20000 50010 
14110.02 20000 50026 
14144.15 20000 50041 
14176.62 20000 50057 
14210.01 20000 50073 
14244.49 20000 50089 
14277.97 20000 50104 
14310.68 20000 50120 
14344.18 20000 50136 
14377.4 20000 50152 
14409.94 20000 50167 
14442.11 20000 50183 
14475.23 20000 50199 
14509.41 20000 50214 
14542.26 20000 50230 
14575.05 20000 50246 
14608.71 20000 50262 
14643.71 20000 50277 
14677.6 20000 50293 
14710.78 20000 50309 
14744.11 20000 50325 
14778.19 20000 50340 
14811.57 20000 50356 
14845.01 20000 50372 
14876.24 20000 50388 
14908.06 20000 50403 
14939.21 20000 50419 
14971 20000 50435 
15001.62 20000 50451 
15034.22 20000 50466 
15066.71 20000 50482 
15099.12 20000 50498 
15130.19 20000 50513 
15162.88 20000 50529 
15195.51 20000 50545 
15229.05 20000 50561 
15261.43 20000 50576 
15293.8 20000 50592 
15324.31 20000 50608 
15356.98 20000 50624 
15389.64 20000 50639 
15421.98 20000 50655 
15453.4 20000 50671 
15487.46 20000 50687 
15520.98 20000 50702 
15554.08 20000 50718 
15586.2 20000 50734 
15620.13 20000 50749 
15653.9 20000 50765 
15687.82 20000 50781 
15720.96 20000 50797 
15756.54 20000 50812 
15792.19 20000 50828 
15827.76 20000 50844 
15861.11 20000 50860 
15894.5 20000 50875 
15928.84 20000 50891 
15964.07 20000 50907 
15996.83 20000 50923 
16029.91 20000 50938 
16062.63 20000 50954 
16095.17 20000 50970 
16127.88 20000 50985 
16161.07 20000 51001 
16194.23 20000 51017 
16228.65 20000 51033 
16263.09 20000 51048 
16296.89 20000 51064 
16331.13 20000 51080 
16366.1 20000 51096 
16401.51 20000 51111 
16436.33 20000 51127 
16471.84 20000 51143 
16506.5 20000 51159 
16540.31 20000 51174 
16572.99 20000 51190 
16606.93 20000 51206 
16642.1 20000 51221 
16677.76 20000 51237 
16711.57 20000 51253 
16745.14 20000 51269 
16779.07 20000 51284 
16814.75 20000 51300 
16847.77 20000 51316 
16879.96 20000 51332 
16911.77 20000 51347 
16945.07 20000 51363 
16975.13 20000 51379 
17003.36 20000 51395 
17031.94 20000 51410 
17061.62 20000 51426 
17086.09 20000 51442 
17106.04 20000 51457 
17113.26 20000 51473 
17097.43 20000 51489 
17040.13 20000 51505 
16970.36 20000 51520 
16921.35 20000 51536 
16868.93 20000 51552 
16895.49 20000 51568 
6880.56 20000 51583 
16826.68 20000 51599 
16871.63 20000 51615 
16929.98 20000 51631 
16896.91 20000 51646 
16835.22 20000 51662 
16872.81 20000 51678 
16883.82 20000 51694 
16824 20000 51709 
16846.11 20000 51725 
16922.18 20000 51741 
16923.89 20000 51756 
16862.1 20000 51772 
16890.38 20000 51788 
16921.38 20000 51804 
16868.6 20000 51819 
16876.71 20000 51835 
16958.18 20000 51851 
16973.22 20000 51867 
16898.5 20000 51882 
16915.62 20000 51898 
16999.37 20000 51914 
17016.35 20000 51929 
16938.08 20000 51945 
16950.87 20000 51961 
17037.45 20000 51977 
17061.7 20000 51992 
16984.07 20000 52008 
16985.91 20000 52024 
17075.93 20000 52040 
17107.82 20000 52055 
17032.16 20000 52071 
17019.74 20000 52087 
17110.48 20000 52103 
17149.92 20000 52118 
17081.13 20000 52134 
17058.31 20000 52150 
17145.87 20000 52165 
17191.02 20000 52181 
17130.62 20000 52197 
17094.33 20000 52213 
17174.42 20000 52228 
17225.06 20000 52244 
17175.22 20000 52260 
17136.19 20000 52276 
17211.6 20000 52291 
17272.73 20000 52307 
17230.88 20000 52323 
17182.89 20000 52338 
17251.53 20000 52354 
17317.81 20000 52370 
17286.64 20000 52386 
17227.74 20000 52401 
17289.03 20000 52417 
17359.21 20000 52433 
17337.17 20000 52449 
17274.64 20000 52464 
17331.93 20000 52480 
17406.43 20000 52496 
17388.74 20000 52512 
17319.88 20000 52527 
17370.97 20000 52543 
17448.06 20000 52559 
17437.97 20000 52574 
17367.17 20000 52590 
17411.72 20000 52606 
17493.55 20000 52622 
17494.59 20000 52637 
17423.22 20000 52653 
17461.49 20000 52669 
17549.16 20000 52685 
17559.55 20000 52700 
17487.29 20000 52716 
17516.54 20000 52732 
17607.02 20000 52747 
17626.11 20000 52763 
17553.42 20000 52779 
17572.15 20000 52795 
17662.6 20000 52810 
17689.67 20000 52826 
17619.95 20000 52842 
17628.25 20000 52858 
17717.45 20000 52873 
17751.61 20000 52889 
17685.12 20000 52905 
17679.14 20000 52921 
17767.18 20000 52936 
17809.31 20000 52952 
17749.53 20000 52968 
17731.9 20000 52983 
17818.32 20000 52999 
17868.99 20000 53015 
17816.36 20000 53031 
17786.51 20000 53046 
17869.76 20000 53062 
17928.39 20000 53078 
17885.13 20000 53094 
17842.76 20000 53109 
17922.62 20000 53125 
18016.39 20000 53141 
18107.7 20000 53157 
18181.81 20000 53172 
18246.85 20000 53188 
18306.77 20000 53204 
18367.41 20000 53219 
18424.62 20000 53235 
18479.53 20000 53251 
18532.74 20000 53267 
18589.58 20000 53282 
18640.37 20000 53298 
18688.09 20000 53314 
18740.07 20000 53330 
18794.98 20000 53345 
18845.66 20000 53361 
18894.24 20000 53377 
18940.87 20000 53393 
18990.33 20000 53408 
19037.03 20000 53424 
19083.62 20000 53440 
19129.24 20000 53455 
19177.86 20000 53471 
19226.94 20000 53487 
19276.82 20000 53503 
19323.99 20000 53518 
19373.77 20000 53534 
19422.96 20000 53550 
19472.25 20000 53566 
19519.95 20000 53581 
19568.54 20000 53597 
19616.67 20000 53613 
19664.66 20000 53629 
19704.19 20000 53644 
19681.09 20000 53660 
19608.86 20000 53676 
19592.91 20000 53691 
19638.1 20000 53707 
19646.99 20000 53723 
19608.24 20000 53739 
19600.27 20000 53754 
19649.66 20000 53770 
19665.33 20000 53786 
19635.25 20000 53802 
19629.41 20000 53817 
19681.98 20000 53833 
19706.11 20000 53849 
19681.61 20000 53865 
19673.38 20000 53880 
19726.09 20000 53896 
19756.96 20000 53912 
19735.5 20000 53927 
19723.62 20000 53943 
19774.35 20000 53959 
19812.14 20000 53975 
19795.39 20000 53990 
19779.48 20000 54006 
19828.16 20000 54022 
19874.25 20000 54038 
19861.54 20000 54053 
19841.75 20000 54069 
19887.47 20000 54085 
19963.93 20000 54101 
20046.3 20000 54116 
20120.25 20000 54132 
20189.17 20000 54132 
20219.04 20000 54132 
20176.64 20000 54132 
20118.21 20000 54132 
20068.15 20000 54132 
20023.87 20000 54132 
19983.39 20000 54132 
19938.55 20000 54132 
19877.02 20000 54132 
19835.49 20000 54132 
19805.55 20000 54132 
19776.56 20000 54132 
19748.56 20000 54132 
19721.83 20000 54132 
19696.18 20000 54132 
19671.42 20000 54132 
19647.11 20000 54132 
19623.52 20000 54132 
19600.75 20000 54132 
19578.69 20000 54132 
19557.26 20000 54132 
19536.5 20000 54132 
19515.81 20000 54132 
19495.24 20000 54132 
19475.75 20000 54132 
19456.47 20000 54132 
19437.54 20000 54132 
19419.5 20000 54132 
19401.34 20000 54132 
19383.35 20000 54132 
19366.2 20000 54132 
19349.15 20000 54132 
19332.39 20000 54132 
19316.29 20000 54132 
19300.42 20000 54132 
19284.49 20000 54132 
19269.1 20000 54132 
19254.31 20000 54132 
19239.13 20000 54132 
19224.37 20000 54132 
19210.3 20000 54132 
19196.1 20000 54132 
19181.83 20000 54132 
19168.16 20000 54132 
19154.69 20000 54132 
19140.93 20000 54132 
19127.23 20000 54132 
19113.73 20000 54132 
19100.33 20000 54132 
19073.28 20000 54132 
19060.19 20000 54132 
19046.98 20000 54132 
19033.65 20000 54132 
19021.16 20000 54132 
19009 20000 54132 
18997.2 20000 54132 
18985.41 20000 54132 
