333.49 20000 48334 
332.77 20000 48334 
332.07 20000 48334 
331.91 20000 48334 
331.04 20000 48334 
330.6 20000 48334 
330.47 20000 48334 
329.92 20000 48334 
329.44 20000 48334 
329.03 20000 48334 
328.47 20000 48334 
328.01 20000 48334 
327.58 20000 48334 
327.11 20000 48334 
326.46 20000 48334 
326.01 20000 48334 
325.32 20000 48334 
324.62 20000 48334 
323.83 20000 48334 
323.07 20000 48334 
325.01 20000 48492 
394.58 20000 48655 
605.5 20000 48675 
773.74 20000 48690 
787.95 20000 48706 
773.93 20000 48722 
773 20000 48738 
775.08 20000 48753 
778.93 20000 48769 
785.97 20000 48785 
796.38 20000 48800 
808.01 20000 48816 
818.5 20000 48832 
828.52 20000 48848 
838.98 20000 48863 
848.97 20000 48879 
856.18 20000 48895 
864.14 20000 48911 
875.59 20000 48926 
887.09 20000 48942 
898.8 20000 48958 
910.25 20000 48973 
921.84 20000 48989 
932.64 20000 49005 
943.41 20000 49021 
954.28 20000 49036 
965.01 20000 49052 
975.91 20000 49068 
987.63 20000 49083 
998.25 20000 49099 
1009.11 20000 49115 
1019.74 20000 49131 
1030.52 20000 49146 
1040.79 20000 49162 
1050.84 20000 49178 
1060.94 20000 49193 
1071.78 20000 49209 
1081.89 20000 49225 
1091.94 20000 49241 
1102.2 20000 49256 
1112.61 20000 49272 
1123.02 20000 49288 
1133.68 20000 49304 
1143.79 20000 49319 
1153.84 20000 49335 
1163.64 20000 49351 
1173.44 20000 49366 
1182.73 20000 49382 
1192.88 20000 49398 
1202.28 20000 49414 
1211.68 20000 49429 
1220.88 20000 49445 
1230.65 20000 49461 
1240.22 20000 49476 
1249.12 20000 49492 
1260.39 20000 49508 
1271.51 20000 49524 
1281.41 20000 49539 
1291.35 20000 49555 
1301.13 20000 49571 
1310.76 20000 49586 
1320.15 20000 49602 
1329.34 20000 49618 
1338.58 20000 49634 
1347.49 20000 49649 
1356.59 20000 49665 
1365.76 20000 49681 
1374.61 20000 49696 
1383.16 20000 49712 
1392.14 20000 49728 
1401.37 20000 49744 
1410.71 20000 49759 
1419.36 20000 49775 
1427.94 20000 49791 
1437.06 20000 49806 
1446.27 20000 49822 
1454.95 20000 49838 
1463.97 20000 49854 
1472.79 20000 49869 
1481.84 20000 49885 
1490.56 20000 49901 
1499.34 20000 49917 
1508.24 20000 49932 
1517.37 20000 49948 
1525.44 20000 49964 
1533.33 20000 49979 
1541.28 20000 49995 
1549.89 20000 50011 
1557.77 20000 50027 
1565.67 20000 50042 
1573.44 20000 50058 
1581.78 20000 50074 
1589.48 20000 50089 
1597.37 20000 50105 
1605.35 20000 50121 
1614.22 20000 50137 
1622.53 20000 50152 
1630.79 20000 50168 
1639.24 20000 50184 
1648.37 20000 50199 
1656.3 20000 50215 
1664.46 20000 50231 
1673.37 20000 50247 
1682.48 20000 50262 
1691.04 20000 50278 
1699.21 20000 50294 
1707.24 20000 50309 
1715.53 20000 50325 
1724.09 20000 50341 
1732.84 20000 50357 
1741.24 20000 50372 
1749.84 20000 50388 
1758.1 20000 50404 
1765.62 20000 50419 
1773.68 20000 50435 
1781.83 20000 50451 
1789.92 20000 50467 
1797.79 20000 50482 
1806.01 20000 50498 
1814.1 20000 50514 
1822.24 20000 50529 
1830.02 20000 50545 
1837.88 20000 50561 
1845.56 20000 50577 
1853.26 20000 50592 
1860.78 20000 50608 
1868.39 20000 50624 
1876.15 20000 50639 
1883.66 20000 50655 
1890.66 20000 50671 
1898.59 20000 50687 
1906.18 20000 50702 
1913.66 20000 50718 
1920.58 20000 50734 
1928.03 20000 50749 
1935.01 20000 50765 
1942.36 20000 50781 
1949.54 20000 50797 
1957.08 20000 50812 
1964.67 20000 50828 
1972.56 20000 50844 
1979.96 20000 50859 
1987.64 20000 50875 
1995.23 20000 50891 
2003.06 20000 50907 
2010.24 20000 50922 
2017.83 20000 50938 
2024.99 20000 50954 
2032.15 20000 50970 
2038.81 20000 50985 
2046.42 20000 51001 
2054.44 20000 51017 
2062.27 20000 51032 
2069.56 20000 51048 
2077.45 20000 51064 
2085.19 20000 51080 
2093.16 20000 51095 
2100.43 20000 51111 
2107.83 20000 51127 
2115.02 20000 51142 
2122.68 20000 51158 
2129.87 20000 51174 
2136.9 20000 51190 
2144.09 20000 51205 
2151.6 20000 51221 
2158.53 20000 51237 
2164.79 20000 51252 
2171.4 20000 51268 
2178.96 20000 51284 
2186.22 20000 51300 
2192.93 20000 51315 
2199.72 20000 51331 
2207.01 20000 51347 
2214.2 20000 51362 
2220.71 20000 51378 
2227.8 20000 51394 
2234.95 20000 51410 
2241.86 20000 51425 
2248.38 20000 51441 
2255.03 20000 51457 
2262.24 20000 51472 
2269.27 20000 51488 
2276.16 20000 51504 
2283.19 20000 51520 
2289.49 20000 51535 
2296.22 20000 51551 
2302.53 20000 51567 
2309.35 20000 51582 
2316.5 20000 51598 
2323.67 20000 51614 
2330.43 20000 51630 
2337.05 20000 51645 
2343.06 20000 51661 
2349.27 20000 51677 
2354.44 20000 51693 
2360.3 20000 51708 
2366.47 20000 51724 
2372.79 20000 51740 
2378.49 20000 51755 
2385.06 20000 51771 
2391.29 20000 51787 
2397.66 20000 51803 
2403.53 20000 51818 
2409.54 20000 51834 
2415.35 20000 51850 
2421.81 20000 51865 
2427.57 20000 51881 
2433.77 20000 51897 
2439.73 20000 51913 
2446.14 20000 51928 
2451.78 20000 51944 
2457.1 20000 51960 
2462.47 20000 51975 
2468.36 20000 51991 
2474.17 20000 52007 
2480.23 20000 52023 
2486.18 20000 52038 
2492.13 20000 52054 
2497.8 20000 52070 
2503.38 20000 52085 
2509.25 20000 52101 
2515.55 20000 52117 
2520.87 20000 52133 
2525.95 20000 52148 
2531.8 20000 52164 
2537.27 20000 52180 
2542.35 20000 52195 
2547.42 20000 52211 
2552.44 20000 52227 
2557.86 20000 52243 
2563.39 20000 52258 
2569.05 20000 52274 
2574.9 20000 52290 
2580.51 20000 52305 
2585.77 20000 52321 
2591.38 20000 52337 
2597.54 20000 52353 
2602.93 20000 52368 
2607.95 20000 52384 
2612.2 20000 52400 
2615.85 20000 52415 
2620.2 20000 52431 
2625.58 20000 52447 
2630.75 20000 52463 
2635.44 20000 52478 
2640.39 20000 52494 
2645.7 20000 52510 
2650.49 20000 52525 
2655.54 20000 52541 
2660.25 20000 52557 
2665.22 20000 52573 
2669.52 20000 52588 
2674.12 20000 52604 
2678.81 20000 52620 
2683.94 20000 52636 
2688.41 20000 52651 
2693.21 20000 52667 
2697.87 20000 52683 
2702.87 20000 52698 
2707.44 20000 52714 
2712.9 20000 52730 
2718.5 20000 52746 
2724.56 20000 52761 
2729.55 20000 52777 
2734.81 20000 52793 
2740.14 20000 52808 
2745.85 20000 52824 
2750.86 20000 52840 
2756.24 20000 52856 
2761.46 20000 52871 
2766.86 20000 52887 
2772.4 20000 52903 
2778.16 20000 52918 
2784.04 20000 52934 
2789.96 20000 52950 
2794.94 20000 52966 
2798.86 20000 52981 
2803.09 20000 52997 
2808.21 20000 53013 
2812.78 20000 53028 
2817.4 20000 53044 
2822.36 20000 53060 
2827.58 20000 53076 
2832.24 20000 53091 
2836.41 20000 53107 
2840.23 20000 53123 
2844.33 20000 53138 
2847.86 20000 53154 
2851.18 20000 53170 
2855 20000 53186 
2858.88 20000 53201 
2863.18 20000 53217 
2866.69 20000 53233 
2870.8 20000 53248 
2874.73 20000 53264 
2878.99 20000 53280 
2883.2 20000 53296 
2887.27 20000 53311 
2891.33 20000 53327 
2895.07 20000 53343 
2897.63 20000 53358 
2900.51 20000 53374 
2903.91 20000 53390 
2907.97 20000 53406 
2912.22 20000 53421 
2916.83 20000 53437 
2920.83 20000 53453 
2925.17 20000 53469 
2928.75 20000 53484 
2932.41 20000 53500 
2935.49 20000 53516 
2939.21 20000 53531 
2942.48 20000 53547 
2946.08 20000 53563 
2949.16 20000 53579 
2952.44 20000 53594 
2955.28 20000 53610 
2958.2 20000 53626 
2960.83 20000 53641 
2964.32 20000 53657 
2967.48 20000 53673 
2971.11 20000 53689 
2974.46 20000 53704 
2978.16 20000 53720 
2981.4 20000 53736 
2985.21 20000 53751 
2988.16 20000 53767 
2991.87 20000 53783 
995.26 20000 53799 
2998.35 20000 53814 
3001.06 20000 53830 
3004.07 20000 53846 
3006.12 20000 53861 
3008.17 20000 53877 
3010.23 20000 53893 
3012.47 20000 53909 
3014.55 20000 53924 
3017.02 20000 53940 
3019.65 20000 53956 
3022.37 20000 53971 
3024.88 20000 53987 
3027.17 20000 54003 
3029.3 20000 54019 
3031.73 20000 54034 
3034.88 20000 54050 
3037.76 20000 54066 
3040.71 20000 54081 
3043.81 20000 54097 
3046.36 20000 54113 
3048.59 20000 54129 
3050.86 20000 54144 
3052.8 20000 54160 
3055.05 20000 54176 
3057.32 20000 54191 
3060.12 20000 54207 
3062.47 20000 54223 
3064.84 20000 54239 
3066.93 20000 54254 
3069.28 20000 54270 
3071.63 20000 54286 
3074.31 20000 54301 
3076.21 20000 54317 
3078.59 20000 54333 
3080.82 20000 54349 
3082.89 20000 54364 
3084.73 20000 54380 
3087.38 20000 54396 
3090.03 20000 54412 
3092.88 20000 54427 
3095.08 20000 54443 
3097.81 20000 54459 
3100.34 20000 54474 
3103.34 20000 54490 
3105.91 20000 54506 
3108.81 20000 54522 
3111.51 20000 54537 
3114.67 20000 54553 
3117.24 20000 54569 
3120 20000 54584 
3122.87 20000 54600 
3126.44 20000 54616 
3129.05 20000 54632 
3132.11 20000 54647 
3135.29 20000 54663 
3139.65 20000 54679 
3143.79 20000 54694 
3147.55 20000 54710 
3150.72 20000 54726 
3154.28 20000 54742 
3157.66 20000 54757 
3161.1 20000 54773 
3164.46 20000 54789 
3167.91 20000 54804 
3171.52 20000 54820 
3175.16 20000 54836 
3178.77 20000 54852 
3182.39 20000 54867 
3185.74 20000 54883 
3189.25 20000 54899 
3193.14 20000 54914 
3197.05 20000 54930 
3200.87 20000 54946 
3204.96 20000 54962 
3209.52 20000 54977 
3213.91 20000 54993 
3218.15 20000 55009 
3222.45 20000 55024 
3226.51 20000 55040 
3230.23 20000 55056 
3234.75 20000 55072 
3239.18 20000 55087 
3243.42 20000 55103 
3247.35 20000 55119 
3251.88 20000 55134 
3255.6 20000 55150 
3259.46 20000 55166 
3263.68 20000 55182 
3268.19 20000 55197 
3272.16 20000 55213 
3275.93 20000 55229 
3279.47 20000 55245 
3284.34 20000 55260 
3288.71 20000 55276 
3293.33 20000 55292 
3298.15 20000 55307 
3303.45 20000 55323 
3308.26 20000 55339 
3313.53 20000 55355 
3318.26 20000 55370 
3323.49 20000 55386 
3328.13 20000 55402 
3333.14 20000 55417 
3338.13 20000 55433 
3343.73 20000 55449 
3348.81 20000 55464 
3353.72 20000 55480 
3358.84 20000 55496 
3364.54 20000 55512 
3369.48 20000 55527 
3374.84 20000 55543 
3380.35 20000 55559 
3386.56 20000 55574 
3391.73 20000 55590 
3397.12 20000 55606 
3403.06 20000 55622 
3408.77 20000 55637 
3414.21 20000 55653 
3419.79 20000 55669 
3425.17 20000 55685 
3431.15 20000 55700 
3437.04 20000 55716 
3442.29 20000 55732 
3447.83 20000 55747 
3453.59 20000 55763 
3458.76 20000 55779 
3463.8 20000 55795 
3468.65 20000 55810 
3474.04 20000 55826 
3479.53 20000 55842 
3484.69 20000 55857 
3490.47 20000 55873 
3496.15 20000 55889 
3502.23 20000 55905 
3507.94 20000 55920 
3514.56 20000 55936 
3521.65 20000 55952 
3529.52 20000 55967 
3536.66 20000 55983 
3543.94 20000 55999 
3551.33 20000 56015 
3558.92 20000 56030 
3565.71 20000 56046 
3572.61 20000 56062 
3579.77 20000 56077 
3587.45 20000 56093 
3594.28 20000 56109 
3601.48 20000 56125 
3608.95 20000 56140 
3617.42 20000 56156 
3625.17 20000 56172 
3633.12 20000 56187 
3641.21 20000 56203 
3649.91 20000 56219 
3657.58 20000 56235 
3665.72 20000 56250 
3673.81 20000 56266 
3682.12 20000 56282 
3689.51 20000 56297 
3697.3 20000 56313 
3704.99 20000 56329 
3713.07 20000 56345 
3720.88 20000 56360 
3728.63 20000 56376 
3736.17 20000 56392 
3744.2 20000 56407 
3751.8 20000 56423 
3759.74 20000 56439 
3767.84 20000 56455 
3776.15 20000 56470 
3784.44 20000 56486 
3792.72 20000 56502 
3801.26 20000 56517 
3810.48 20000 56533 
3819.63 20000 56549 
3828.53 20000 56565 
3837.36 20000 56580 
3847.05 20000 56596 
3856.66 20000 56612 
3866.1 20000 56627 
3875.54 20000 56643 
3885.19 20000 56659 
3895.23 20000 56675 
3905.09 20000 56690 
3915.04 20000 56706 
3925.26 20000 56722 
3936.23 20000 56737 
3947 20000 56753 
3958.07 20000 56769 
3968.82 20000 56785 
3979.44 20000 56800 
3989.32 20000 56816 
3999.46 20000 56832 
4009.72 20000 56847 
4020.28 20000 56863 
4030.68 20000 56879 
4041.3 20000 56895 
4052.05 20000 56910 
4063.45 20000 56926 
4074.23 20000 56942 
4084.88 20000 56957 
4094.69 20000 56973 
4105.61 20000 56989 
4116.28 20000 57005 
4127.15 20000 57020 
4137.91 20000 57036 
4149.25 20000 57052 
4160.1 20000 57067 
4171.08 20000 57083 
4181.13 20000 57099 
4191.29 20000 57115 
4201.13 20000 57130 
4211.59 20000 57146 
4221.6 20000 57162 
4231.78 20000 57177 
4241.74 20000 57193 
4252.45 20000 57209 
4262.85 20000 57225 
4273.76 20000 57240 
4283.77 20000 57256 
4293.32 20000 57272 
4304.14 20000 57287 
4315.99 20000 57303 
4326.98 20000 57319 
4337.74 20000 57335 
4348.28 20000 57350 
4359 20000 57366 
4369.4 20000 57382 
4380.66 20000 57398 
4392.04 20000 57413 
4403.09 20000 57429 
4413.58 20000 57445 
4424.46 20000 57460 
4435.86 20000 57476 
4447.17 20000 57492 
4458.47 20000 57508 
4469.8 20000 57523 
4481.32 20000 57539 
4493.01 20000 57555 
4504.79 20000 57570 
4516.55 20000 57586 
4528.22 20000 57602 
4540.04 20000 57618 
4552 20000 57633 
4563.67 20000 57649 
4575.86 20000 57665 
4588.06 20000 57680 
4600.4 20000 57696 
4612.28 20000 57712 
4624.77 20000 57728 
4636.83 20000 57743 
4649.48 20000 57759 
4660.71 20000 57775 
4672.65 20000 57790 
4684.29 20000 57806 
4695.11 20000 57822 
4705.23 20000 57838 
4718.26 20000 57853 
4732.79 20000 57869 
4747.29 20000 57885 
4760.72 20000 57900 
4773.82 20000 57916 
4786.55 20000 57932 
4799.31 20000 57948 
4810.14 20000 57963 
4824.31 20000 57979 
4837.89 20000 57995 
4851.61 20000 58010 
4863.51 20000 58026 
4875.67 20000 58042 
4888.44 20000 58058 
4902.62 20000 58073 
4915.24 20000 58089 
4928.39 20000 58105 
4941.02 20000 58120 
4954.52 20000 58136 
4968.14 20000 58152 
4981.83 20000 58168 
4995.04 20000 58183 
5009.27 20000 58199 
5022.89 20000 58215 
5036.27 20000 58230 
5050.46 20000 58246 
5066.11 20000 58262 
5081.39 20000 58278 
5096.89 20000 58293 
5112.27 20000 58309 
5127.92 20000 58325 
5142.95 20000 58340 
5157.94 20000 58356 
5172.7 20000 58372 
5187.77 20000 58388 
5203.01 20000 58403 
5218.28 20000 58419 
5234.22 20000 58435 
5250.21 20000 58450 
5265.89 20000 58466 
5280.51 20000 58482 
5296.04 20000 58498 
5311.75 20000 58513 
5327.73 20000 58529 
5342.62 20000 58545 
5358.13 20000 58560 
5374.34 20000 58576 
5390.36 20000 58592 
5405.29 20000 58608 
5420.76 20000 58623 
5436.64 20000 58639 
5453.03 20000 58655 
5467.59 20000 58670 
5477.52 20000 58686 
5492.09 20000 58702 
5509.69 20000 58718 
5526.87 20000 58733 
5543.97 20000 58749 
5560.56 20000 58765 
5577.62 20000 58780 
5593.25 20000 58796 
5608.68 20000 58812 
5624.08 20000 58828 
5641.4 20000 58843 
5657.93 20000 58859 
5674.71 20000 58875 
5690.39 20000 58890 
5706.39 20000 58906 
5722.22 20000 58922 
5738.92 20000 58938 
5754.96 20000 58953 
5770.9 20000 58969 
5785.49 20000 58985 
5799.87 20000 59001 
5815.29 20000 59016 
5832.47 20000 59032 
5848.92 20000 59048 
5865.48 20000 59063 
5882.49 20000 59079 
5900.41 20000 59095 
5917.35 20000 59111 
5934.27 20000 59126 
5951.56 20000 59142 
5969.41 20000 59158 
5986.94 20000 59173 
6004.46 20000 59189 
6022.32 20000 59205 
6040.83 20000 59221 
6058.97 20000 59236 
6076.6 20000 59252 
6095.41 20000 59268 
6115.05 20000 59283 
6134.12 20000 59299 
6151.89 20000 59315 
6170.55 20000 59331 
6189.65 20000 59346 
6208.63 20000 59362 
6226.47 20000 59378 
6245.13 20000 59393 
6265.17 20000 59409 
6284.99 20000 59425 
6303.09 20000 59441 
6320.8 20000 59456 
6339.29 20000 59472 
6358.6 20000 59488 
6376.32 20000 59503 
6394.1 20000 59519 
6413.23 20000 59535 
6433.05 20000 59551 
6451.38 20000 59566 
6469.77 20000 59582 
6488.24 20000 59598 
6507.49 20000 59613 
6525.45 20000 59629 
6544.04 20000 59645 
6563 20000 59661 
6582.97 20000 59676 
6601.56 20000 59692 
6620.63 20000 59708 
6639.72 20000 59723 
6659.61 20000 59739 
6678.31 20000 59755 
6697.46 20000 59771 
6716.64 20000 59786 
6736.13 20000 59802 
6753.97 20000 59818 
6772.21 20000 59834 
6791 20000 59849 
6812.04 20000 59865 
6833.14 20000 59881 
6855.19 20000 59896 
6876.49 20000 59912 
6898.3 20000 59928 
6919.48 20000 59944 
6940.59 20000 59959 
6961.03 20000 59975 
6982.09 20000 59991 
7002.74 20000 60006 
7023.23 20000 60022 
7043.76 20000 60038 
7064.71 20000 60054 
7085.19 20000 60069 
7105.43 20000 60085 
7125.6 20000 60101 
7146.1 20000 60116 
7166.05 20000 60132 
7185.84 20000 60148 
7206 20000 60164 
7227.21 20000 60179 
7247.73 20000 60195 
7268.04 20000 60211 
7289.16 20000 60226 
7310.51 20000 60242 
7331.1 20000 60258 
7351.43 20000 60274 
7372.71 20000 60289 
7393.86 20000 60305 
7414.24 20000 60321 
7434.22 20000 60336 
7455.15 20000 60352 
7475.38 20000 60368 
7495.94 20000 60384 
7516.1 20000 60399 
7537.65 20000 60415 
7558.84 20000 60431 
7579.76 20000 60446 
7599.22 20000 60462 
7620.92 20000 60478 
7642.79 20000 60494 
7665.05 20000 60509 
7685.76 20000 60525 
7706.84 20000 60541 
7726.91 20000 60556 
7746.1 20000 60572 
7763.98 20000 60588 
7784.74 20000 60604 
7806.31 20000 60619 
7828.43 20000 60635 
7848.81 20000 60651 
7869.9 20000 60666 
7892.24 20000 60682 
7915.58 20000 60698 
7937.08 20000 60714 
7958.45 20000 60729 
7980.18 20000 60745 
8003.08 20000 60761 
8024.43 20000 60777 
8045.58 20000 60792 
8067.35 20000 60808 
8090.92 20000 60824 
8113.97 20000 60839 
8137.14 20000 60855 
8159.85 20000 60871 
8183.8 20000 60886 
8207.09 20000 60902 
8229.89 20000 60918 
8253.19 20000 60934 
8276.81 20000 60949 
8299.21 20000 60965 
8321.39 20000 60981 
8344.58 20000 60997 
8368.44 20000 61012 
8390.37 20000 61028 
8407.37 20000 61044 
8420.22 20000 61059 
8439.62 20000 61075 
8462.82 20000 61091 
8485.24 20000 61107 
8508.54 20000 61122 
8532.91 20000 61138 
8557.74 20000 61154 
8581.9 20000 61169 
8608.11 20000 61185 
8634.7 20000 61201 
8660.86 20000 61217 
8684.04 20000 61232 
8708.08 20000 61248 
8733.22 20000 61264 
8758.22 20000 61279 
8781.09 20000 61295 
8805.26 20000 61311 
8829.97 20000 61326 
8855.67 20000 61342 
8879.5 20000 61358 
8903.66 20000 61374 
8928.85 20000 61389 
8955.87 20000 61405 
8980 20000 61421 
9004 20000 61436 
9029.38 20000 61452 
9056.32 20000 61468 
9080.85 20000 61484 
9105.43 20000 61499 
9130.77 20000 61515 
9158.09 20000 61531 
9184.23 20000 61547 
9210.99 20000 61562 
9237.01 20000 61578 
9263.9 20000 61594 
9289.7 20000 61609 
9316.62 20000 61625 
9343.44 20000 61641 
9371.89 20000 61657 
9399.88 20000 61672 
9429.97 20000 61688 
9461.31 20000 61704 
9493.07 20000 61719 
9524 20000 61735 
9554.23 20000 61751 
9584.5 20000 61767 
9614.76 20000 61782 
9644.33 20000 61798 
9673.17 20000 61814 
9701.39 20000 61829 
9729.77 20000 61845 
9758.44 20000 61861 
9788.27 20000 61877 
9818.75 20000 61892 
9848.54 20000 61908 
9877.65 20000 61924 
9907.06 20000 61939 
9937.77 20000 61955 
9967.72 20000 61971 
9996.82 20000 61987 
10025.34 20000 62002 
10053.78 20000 62018 
10080.62 20000 62034 
10107.92 20000 62049 
10133.88 20000 62065 
10160.46 20000 62081 
10187.69 20000 62097 
10214.66 20000 62112 
10240.66 20000 62128 
10267.96 20000 62144 
10295.24 20000 62159 
10321.83 20000 62175 
10346.17 20000 62191 
10373.21 20000 62207 
10400 20000 62222 
10427.74 20000 62238 
10455.15 20000 62254 
10484.85 20000 62269 
10514.88 20000 62285 
10545.16 20000 62301 
10573.33 20000 62317 
10601.43 20000 62332 
10630.13 20000 62348 
10660.29 20000 62364 
10687.53 20000 62379 
10715.8 20000 62395 
10746.07 20000 62411 
10777.87 20000 62427 
10807.53 20000 62442 
10837.8 20000 62458 
10868.61 20000 62474 
10900.63 20000 62489 
10931.42 20000 62505 
10962.31 20000 62521 
10993.16 20000 62537 
11025.55 20000 62552 
11056.44 20000 62568 
11085.49 20000 62584 
11116.09 20000 62599 
11150.87 20000 62615 
11186.28 20000 62631 
11219.5 20000 62647 
11253.17 20000 62662 
11287.69 20000 62678 
11320.19 20000 62694 
11352.13 20000 62709 
11383.59 20000 62725 
11415.91 20000 62741 
11448.33 20000 62757 
11480.1 20000 62772 
11512.36 20000 62788 
11545.04 20000 62804 
11577.97 20000 62819 
11609.52 20000 62835 
11641.68 20000 62851 
11674.61 20000 62867 
11707.4 20000 62882 
11738.47 20000 62898 
11769.98 20000 62914 
11801.5 20000 62929 
11834.33 20000 62945 
11866.49 20000 62961 
11899.2 20000 62977 
11931 20000 62992 
11961.95 20000 63008 
11991.57 20000 63024 
12022.65 20000 63039 
12054.12 20000 63055 
12086.55 20000 63071 
12119.3 20000 63087 
12154.67 20000 63102 
12190.56 20000 63118 
12228.68 20000 63134 
12264.85 20000 63150 
12300.26 20000 63165 
12334.47 20000 63181 
12369.71 20000 63197 
12402.81 20000 63212 
12435.99 20000 63228 
12467.21 20000 63244 
12498.86 20000 63260 
12529.66 20000 63275 
12561.63 20000 63291 
12591.97 20000 63307 
12623.2 20000 63322 
12653.9 20000 63338 
12685.46 20000 63354 
12716.95 20000 63370 
12749.37 20000 63385 
12780.48 20000 63401 
12812.2 20000 63417 
12844.29 20000 63432 
12876.7 20000 63448 
12907.69 20000 63464 
12939.14 20000 63480 
12972.66 20000 63495 
13007.46 20000 63511 
13041.55 20000 63527 
13075.63 20000 63542 
13108.95 20000 63558 
13140.38 20000 63574 
13171 20000 63590 
13201.65 20000 63605 
13234.47 20000 63621 
13268.55 20000 63637 
13302.42 20000 63652 
13336.02 20000 63668 
13369.67 20000 63684 
13401.59 20000 63700 
13432.34 20000 63715 
13462.5 20000 63731 
13493.52 20000 63747 
13524.71 20000 63762 
13557.68 20000 63778 
13590.54 20000 63794 
13624.16 20000 63810 
13657.58 20000 63825 
13690.48 20000 63841 
13722.01 20000 63857 
13755.59 20000 63872 
13789.08 20000 63888 
13823.51 20000 63904 
13856.94 20000 63920 
13892.5 20000 63935 
13927.65 20000 63951 
13962.8 20000 63967 
13995.6 20000 63982 
14030.27 20000 63998 
14065.75 20000 64014 
14102.42 20000 64030 
14135.81 20000 64045 
14169.64 20000 64061 
14206.28 20000 64077 
14244.38 20000 64092 
14278.74 20000 64108 
14313.76 20000 64124 
14348.75 20000 64140 
14385.48 20000 64155 
14421.36 20000 64171 
14457.85 20000 64187 
14494.24 20000 64202 
14532.32 20000 64218 
14567.41 20000 64234 
14601.45 20000 64250 
14637.26 20000 64265 
14676.45 20000 64281 
14714.16 20000 64297 
14749.87 20000 64312 
14783.07 20000 64328 
14815.48 20000 64344 
14847.45 20000 64360 
14879.06 20000 64375 
14912.69 20000 64391 
14950.32 20000 64407 
14986.47 20000 64422 
15021.38 20000 64438 
15058.68 20000 64454 
15098.93 20000 64470 
15138.58 20000 64485 
15175.18 20000 64501 
15213.15 20000 64517 
15252.82 20000 64532 
15291.69 20000 64548 
15328.12 20000 64564 
15364.61 20000 64580 
15401.54 20000 64595 
15437.78 20000 64611 
15473.1 20000 64627 
15510.61 20000 64642 
15548.57 20000 64658 
15586.77 20000 64674 
15623.3 20000 64690 
15662.26 20000 64705 
15702.29 20000 64721 
15743.87 20000 64737 
15783.97 20000 64752 
15825.23 20000 64768 
15865.83 20000 64784 
15907.58 20000 64800 
15947.26 20000 64815 
15987.89 20000 64831 
16029.32 20000 64847 
16073.06 20000 64862 
16115.48 20000 64878 
16159.95 20000 64894 
16204.96 20000 64910 
16250.55 20000 64925 
16292.8 20000 64941 
16335.06 20000 64957 
16376.51 20000 64972 
16420.04 20000 64988 
16462.37 20000 65004 
16505.32 20000 65020 
16547.49 20000 65035 
16590.51 20000 65051 
16634.21 20000 65067 
16681.94 20000 65082 
16730.27 20000 65098 
16779.21 20000 65114 
16828.73 20000 65130 
16878.76 20000 65145 
16926.89 20000 65161 
16974.67 20000 65177 
17021.83 20000 65192 
17070.76 20000 65208 
17114.59 20000 65224 
17155.69 20000 65240 
17196.95 20000 65255 
17241.06 20000 65271 
17287 20000 65287 
17331.74 20000 65302 
17373.61 20000 65318 
17424.27 20000 65334 
17478.62 20000 65350 
17528.81 20000 65365 
17577.55 20000 65381 
17620.62 20000 65397 
17660.75 20000 65412 
17698.67 20000 65428 
17736.58 20000 65444 
17773.89 20000 65460 
17813.07 20000 65475 
17852.33 20000 65491 
17892.67 20000 65507 
17933.97 20000 65522 
17978.15 20000 65538 
18020.99 20000 65554 
18064.82 20000 65570 
18108.17 20000 65585 
18152.33 20000 65601 
18194.92 20000 65617 
18239.26 20000 65633 
18283.3 20000 65648 
18329.8 20000 65664 
18375.46 20000 65680 
18422.49 20000 65695 
18468.35 20000 65711 
18516.29 20000 65727 
18562.87 20000 65743 
18610.23 20000 65758 
18656.48 20000 65774 
18702.34 20000 65790 
18747.82 20000 65805 
18797.88 20000 65821 
18846.52 20000 65837 
18893.89 20000 65853 
18942.2 20000 65868 
18991.33 20000 65884 
19037.67 20000 65900 
19084.54 20000 65915 
19131.09 20000 65931 
19178.42 20000 65947 
19224.8 20000 65963 
19271.21 20000 65978 
19317.62 20000 65994 
19364.78 20000 66010 
19409.18 20000 66025 
19452.6 20000 66041 
19498.65 20000 66057 
19544.64 20000 66073 
19589.7 20000 66088 
19635.1 20000 66104 
19681.6 20000 66120 
19729.68 20000 66135 
19779.72 20000 66151 
19829.5 20000 66167 
19879.63 20000 66183 
19930.05 20000 66198 
19981.27 20000 66214 
20029.68 20000 66230 
20077.32 20000 66245 
20123.93 20000 66246 
20147.23 20000 66246 
20101.3 20000 66246 
20036.48 20000 66246 
19981.78 20000 66246 
19933.58 20000 66246 
19889.35 20000 66246 
19845.92 20000 66246 
19797.86 20000 66246 
19756.73 20000 66246 
19722.01 20000 66246 
19688.95 20000 66246 
19657.24 20000 66246 
19626.5 20000 66246 
19597.35 20000 66246 
19569.15 20000 66246 
19541.75 20000 66246 
19514.66 20000 66246 
19488.86 20000 66246 
19463.95 20000 66246 
19439.47 20000 66246 
19415.51 20000 66246 
19392.1 20000 66246 
19369.55 20000 66246 
19347.26 20000 66246 
19325.52 20000 66246 
19304.24 20000 66246 
19283.35 20000 66246 
19263.18 20000 66246 
19243.11 20000 66246 
19223.22 20000 66246 
19203.78 20000 66246 
19184.8 20000 66246 
19166.14 20000 66246 
19147.44 20000 66246 
19128.85 20000 66246 
19110.9 20000 66246 
19092.84 20000 66246 
19075.41 20000 66246 
19058.44 20000 66246 
19042.04 20000 66246 
19026.27 20000 66246 
19010.13 20000 66246 
18993.87 20000 66246 
18977.92 20000 66246 
18962.12 20000 66246 
18945.86 20000 66246 
18929.71 20000 66246 
18914.04 20000 66246 
18898.54 20000 66246 
18882.91 20000 66246 
18867.33 20000 66246 
18852.19 20000 66246 
