4.63 20000 14707 
4.97 20000 14707 
4.72 20000 14707 
4.76 20000 14707 
4.74 20000 14707 
4.71 20000 14707 
4.76 20000 14707 
4.96 20000 14707 
4.82 20000 14707 
4.74 20000 14707 
4.72 20000 14707 
4.75 20000 14707 
4.67 20000 14707 
4.61 20000 14707 
4.74 20000 14707 
4.72 20000 14707 
4.64 20000 14707 
4.55 20000 14707 
4.64 20000 14707 
4.83 20000 14707 
4.81 20000 14707 
4.41 20000 14707 
4.41 20000 14707 
4.62 20000 14707 
4.76 20000 14707 
4.83 20000 14707 
4.47 20000 14707 
3.55 20000 14707 
3.6 20000 14707 
3.76 20000 14707 
4.01 20000 14707 
4.06 20000 14707 
4.2 20000 14707 
4.72 20000 14707 
4.77 20000 14707 
4.69 20000 14707 
4.91 20000 14707 
5.07 20000 14707 
5.03 20000 14707 
4.79 20000 14707 
4.76 20000 14707 
4.79 20000 14707 
5.1 20000 15182 
6 20000 15669 
7.4 20000 15842 
7.17 20000 16005 
6.68 20000 16167 
7.18 20000 16330 
7.26 20000 16493 
7.56 20000 16655 
7.23 20000 16818 
7.68 20000 16980 
7.86 20000 17143 
6.99 20000 17306 
6.76 20000 17468 
6.73 20000 17631 
7.11 20000 17793 
7.63 20000 17956 
7.67 20000 18118 
7.46 20000 18281 
7.51 20000 18443 
7.49 20000 18606 
6.98 20000 18768 
6.67 20000 18931 
6.92 20000 19094 
7.72 20000 19256 
7.94 20000 19419 
7.57 20000 19581 
7.81 20000 19744 
7.11 20000 19907 
7.01 20000 20069 
7.18 20000 20232 
7.69 20000 20394 
7.83 20000 20557 
7.74 20000 20720 
7.51 20000 20882 
7.53 20000 21045 
6.9 20000 21207 
6.77 20000 21370 
6.89 20000 21532 
6.88 20000 21695 
6.78 20000 21699 
6.57 20000 21699 
6.18 20000 21699 
5.91 20000 21699 
5.81 20000 21699 
5.7 20000 21699 
5.62 20000 21699 
5.92 20000 21699 
5.81 20000 21699 
5.93 20000 21699 
5.94 20000 21699 
5.94 20000 21699 
5.7 20000 21699 
5.72 20000 21699 
5.8 20000 21699 
5.7 20000 21699 
5.91 20000 21699 
5.91 20000 21699 
5.81 20000 21699 
5.96 20000 21699 
5.85 20000 21699 
5.89 20000 21699 
5.86 20000 21699 
5.69 20000 21699 
5.72 20000 21699 
5.48 20000 21699 
5.64 20000 21699 
5.54 20000 21699 
5.36 20000 21699 
5.47 20000 21699 
5.21 20000 21699 
5.25 20000 21699 
5.2 20000 21699 
5.37 20000 21699 
5.31 20000 21699 
5.48 20000 21699 
5.53 20000 21699 
5.59 20000 21699 
5.53 20000 21699 
5.29 20000 21699 
5.28 20000 21699 
5.58 20000 21699 
5.42 20000 21699 
5.46 20000 21699 
5.53 20000 21699 
5.51 20000 21699 
5.59 20000 21699 
5.69 20000 21699 
5.49 20000 21699 
5.44 20000 21699 
5.38 20000 21699 
5.4 20000 21699 
5.41 20000 21699 
5.41 20000 21699 
5.41 20000 21699 
5.61 20000 21699 
5.6 20000 21699 
5.66 20000 21699 
5.81 20000 21699 
5.58 20000 21699 
5.54 20000 21699 
5.58 20000 21699 
5.6 20000 21699 
6.78 20000 21699 
14.87 20000 21699 
21.28 20000 21699 
11.62 20000 21699 
5.98 20000 21699 
5.61 20000 21699 
5.58 20000 21699 
5.4 20000 21699 
5.43 20000 21699 
5.59 20000 21699 
5.76 20000 21699 
5.84 20000 21699 
5.66 20000 21699 
5.54 20000 21699 
5.78 20000 21699 
5.67 20000 21699 
5.41 20000 21699 
5.59 20000 21699 
5.91 20000 21699 
6.03 20000 21699 
5.66 20000 21699 
5.74 20000 21699 
5.7 20000 21699 
5.63 20000 21699 
5.58 20000 21699 
5.79 20000 21699 
5.79 20000 21699 
5.67 20000 21699 
6.91 20000 21699 
8.65 20000 21699 
6.26 20000 21699 
5.52 20000 21699 
5.37 20000 21699 
5.49 20000 21699 
5.38 20000 21699 
5.35 20000 21699 
5.3 20000 21699 
5.41 20000 21699 
5.47 20000 21699 
6.53 20000 21699 
8.83 20000 21699 
11.92 20000 21699 
9.14 20000 21699 
5.4 20000 21699 
4.43 20000 21699 
4.46 20000 21699 
4.68 20000 21699 
4.87 20000 21699 
5.28 20000 21699 
5.54 20000 21699 
5.93 20000 21699 
6.09 20000 21699 
6.13 20000 21699 
6.13 20000 21699 
6.45 20000 21699 
9.22 20000 21699 
8.95 20000 21699 
6.02 20000 21699 
5.81 20000 21699 
5.93 20000 21699 
5.96 20000 21699 
6.17 20000 21699 
6.1 20000 21699 
6.07 20000 21699 
6.09 20000 21699 
6.13 20000 21699 
7.96 20000 21699 
18.35 20000 21699 
23.47 20000 21699 
13.07 20000 21699 
6.37 20000 21699 
5.92 20000 21699 
6.05 20000 21699 
5.77 20000 21699 
5.76 20000 21699 
5.92 20000 21699 
5.83 20000 21699 
5.62 20000 21699 
5.59 20000 21699 
5.72 20000 21699 
5.71 20000 21699 
5.79 20000 21699 
5.67 20000 21699 
5.72 20000 21699 
5.79 20000 21699 
5.43 20000 21699 
5.23 20000 21699 
5.27 20000 21699 
5.35 20000 21699 
5.45 20000 21699 
5.31 20000 21699 
5.47 20000 21699 
5.67 20000 21699 
5.62 20000 21699 
5.59 20000 21699 
5.44 20000 21699 
5.59 20000 21699 
5.87 20000 21699 
5.69 20000 21699 
5.72 20000 21699 
5.83 20000 21699 
5.72 20000 21699 
5.72 20000 21699 
5.7 20000 21699 
5.37 20000 21699 
5.31 20000 21699 
5.61 20000 21699 
5.52 20000 21699 
5.7 20000 21699 
6.09 20000 21699 
5.98 20000 21699 
5.71 20000 21699 
5.53 20000 21699 
5.57 20000 21699 
5.65 20000 21699 
5.51 20000 21699 
5.5 20000 21699 
5.39 20000 21699 
5.49 20000 21699 
5.83 20000 21699 
5.48 20000 21699 
5.55 20000 21699 
5.48 20000 21699 
5.3 20000 21699 
5.07 20000 21699 
4.93 20000 21699 
4.88 20000 21699 
5.17 20000 21699 
5.01 20000 21699 
4.95 20000 21699 
5.03 20000 21699 
5.06 20000 21699 
5.38 20000 21699 
5.61 20000 21699 
5.16 20000 21699 
5.65 20000 21699 
6.14 20000 21699 
5.9 20000 21699 
5.64 20000 21699 
5.67 20000 21699 
5.68 20000 21699 
5.32 20000 21699 
5.28 20000 21699 
5.52 20000 21857 
6.13 20000 22020 
7.51 20000 22183 
7.32 20000 22345 
6.72 20000 22508 
7.01 20000 22670 
8.23 20000 22833 
8.9 20000 22995 
7.75 20000 23158 
6.54 20000 23321 
6.28 20000 23483 
6.12 20000 23646 
6.4 20000 23808 
6.6 20000 23971 
6.65 20000 24134 
7.28 20000 24296 
7.52 20000 24459 
7.38 20000 24621 
6.63 20000 24784 
6.67 20000 24947 
6.93 20000 25109 
7.31 20000 25272 
7.49 20000 25434 
7.59 20000 25597 
7.4 20000 25759 
7.59 20000 25922 
6.58 20000 26085 
6.49 20000 26247 
6.86 20000 26410 
6.91 20000 26572 
7.61 20000 26735 
8.33 20000 26898 
8.69 20000 27060 
8.69 20000 27223 
7.27 20000 27385 
6.2 20000 27548 
6.5 20000 27710 
6.59 20000 27873 
6.87 20000 28036 
7.16 20000 28198 
6.57 20000 28361 
6.26 20000 28523 
6.71 20000 28686 
7.25 20000 28849 
0.92 20000 29011 
6.77 20000 29174 
6.8 20000 29336 
7.1 20000 29499 
6.69 20000 29661 
6.6 20000 29824 
7.09 20000 29987 
7.22 20000 30149 
6.77 20000 30312 
7.03 20000 30474 
7.85 20000 30637 
7.71 20000 30800 
6.84 20000 30962 
6.63 20000 31125 
6.44 20000 31287 
6.67 20000 31450 
6.99 20000 31612 
7.05 20000 31775 
7.09 20000 31938 
6.98 20000 32100 
7.44 20000 32263 
7.52 20000 32425 
6.58 20000 32588 
6.5 20000 32751 
5.95 20000 32913 
6.53 20000 33076 
7.11 20000 33238 
7.06 20000 33401 
6.23 20000 33564 
6.12 20000 33726 
6.48 20000 33889 
6.24 20000 34051 
5.61 20000 34214 
5.87 20000 34376 
6.59 20000 34539 
6.45 20000 34701 
6.25 20000 34864 
6.29 20000 35026 
5.9 20000 35189 
5.85 20000 35352 
5.96 20000 35514 
6.2 20000 35676 
6.06 20000 35839 
6.27 20000 36002 
6.84 20000 36164 
6.33 20000 36327 
6.01 20000 36489 
5.74 20000 36652 
5.67 20000 36815 
5.26 20000 36977 
5.03 20000 37140 
4.58 20000 37302 
3.99 20000 37465 
4.12 20000 37627 
4.47 20000 37790 
5.11 20000 37952 
5.14 20000 38115 
4.96 20000 38277 
5.28 20000 38440 
4.91 20000 38603 
4.36 20000 38765 
4.75 20000 38928 
5.15 20000 39090 
5.11 20000 39253 
5.32 20000 39415 
5.25 20000 39578 
5.19 20000 39740 
5.14 20000 39903 
5.3 20000 40066 
5.8 20000 40228 
5.44 20000 40391 
5.6 20000 40553 
5.76 20000 40716 
6.18 20000 40878 
6.24 20000 41041 
6.13 20000 41204 
5.91 20000 41366 
6.07 20000 41529 
6.21 20000 41691 
6.18 20000 41854 
6.56 20000 42016 
6.96 20000 42179 
6.94 20000 42342 
6.69 20000 42504 
6.8 20000 42666 
6.97 20000 42829 
7.52 20000 42992 
7.41 20000 43154 
7.2 20000 43317 
7.63 20000 43479 
7.48 20000 43642 
7.53 20000 43804 
7.78 20000 43967 
8.08 20000 44130 
8 20000 44292 
7.74 20000 44455 
7.79 20000 44617 
7.87 20000 44780 
7.83 20000 44942 
8.05 20000 45105 
8.27 20000 45268 
8.28 20000 45430 
8.07 20000 45593 
8.45 20000 45755 
8.67 20000 45918 
8.74 20000 46080 
8.69 20000 46243 
8.72 20000 46405 
8.74 20000 46568 
8.69 20000 46730 
8.71 20000 46893 
8.97 20000 47056 
9.51 20000 47218 
9.46 20000 47381 
9.59 20000 47543 
9.79 20000 47706 
10.02 20000 47868 
10.06 20000 48031 
9.96 20000 48193 
9.78 20000 48356 
9.89 20000 48360 
9.87 20000 48360 
9.82 20000 48360 
9.78 20000 48360 
9.82 20000 48360 
9.52 20000 48360 
9.23 20000 48360 
9.59 20000 48360 
9.81 20000 48360 
9.96 20000 48360 
10.07 20000 48360 
9.94 20000 48360 
10.02 20000 48360 
10.32 20000 48360 
10.19 20000 48360 
10.28 20000 48360 
10.1 20000 48360 
9.98 20000 48360 
10.17 20000 48360 
10.21 20000 48360 
10.38 20000 48360 
10.11 20000 48360 
9.85 20000 48360 
9.89 20000 48360 
10.19 20000 48360 
9.91 20000 48360 
9.85 20000 48360 
9.52 20000 48360 
8.81 20000 48360 
8.77 20000 48360 
9.41 20000 48360 
9.74 20000 48360 
9.92 20000 48360 
10.29 20000 48360 
10.51 20000 48360 
10.83 20000 48360 
10.89 20000 48360 
10.99 20000 48360 
11.07 20000 48360 
11.13 20000 48360 
10.5 20000 48360 
9.88 20000 48360 
9.44 20000 48360 
9.62 20000 48360 
10.16 20000 48360 
10.42 20000 48360 
10.26 20000 48360 
9.71 20000 48360 
10.19 20000 48360 
10.43 20000 48360 
10.53 20000 48360 
10.44 20000 48360 
10.53 20000 48360 
10.48 20000 48360 
10.61 20000 48360 
10.73 20000 48360 
10.64 20000 48360 
10.45 20000 48360 
10.41 20000 48360 
10.69 20000 48360 
10.49 20000 48360 
10.54 20000 48360 
11.54 20000 48360 
11.46 20000 48360 
10.82 20000 48360 
10.77 20000 48360 
10.83 20000 48360 
10.65 20000 48360 
10.65 20000 48360 
10.93 20000 48360 
10.93 20000 48360 
10.69 20000 48360 
10.34 20000 48360 
9.97 20000 48360 
9.74 20000 48360 
9.5 20000 48360 
9.14 20000 48360 
9.01 20000 48360 
9.06 20000 48360 
9.3 20000 48360 
9.45 20000 48360 
9.55 20000 48360 
9.74 20000 48360 
9.92 20000 48360 
10.19 20000 48360 
10.69 20000 48360 
10.97 20000 48360 
10.84 20000 48360 
10.79 20000 48360 
10.63 20000 48360 
10.78 20000 48360 
10.77 20000 48360 
10.86 20000 48360 
10.69 20000 48360 
10.48 20000 48360 
10.19 20000 48360 
10.32 20000 48518 
10.75 20000 48681 
10.94 20000 48701 
11.51 20000 48717 
11.82 20000 48732 
11.72 20000 48748 
11.73 20000 48764 
12.14 20000 48779 
12.93 20000 48795 
14.35 20000 48811 
16.3 20000 48827 
18.8 20000 48842 
21.56 20000 48858 
23.82 20000 48874 
26.4 20000 48890 
29.08 20000 48905 
31.57 20000 48921 
34.07 20000 48937 
36.88 20000 48953 
39.83 20000 48968 
43.44 20000 48984 
47.37 20000 49000 
51.51 20000 49015 
55.8 20000 49031 
60.29 20000 49047 
64.92 20000 49063 
69.83 20000 49078 
74.32 20000 49094 
79.37 20000 49110 
84.19 20000 49126 
89.29 20000 49141 
94.72 20000 49157 
99.63 20000 49173 
104.41 20000 49188 
109.43 20000 49204 
114.46 20000 49220 
119.35 20000 49236 
124.18 20000 49251 
129.49 20000 49267 
134.89 20000 49283 
140.27 20000 49299 
145.39 20000 49314 
150.59 20000 49330 
155.91 20000 49346 
161.19 20000 49362 
166.67 20000 49377 
172.38 20000 49393 
178.2 20000 49409 
183.91 20000 49424 
190.26 20000 49440 
196.48 20000 49456 
202.65 20000 49472 
208.69 20000 49487 
214.87 20000 49503 
221.11 20000 49519 
227.46 20000 49535 
233.37 20000 49550 
239.38 20000 49566 
245.77 20000 49582 
252.29 20000 49598 
258.71 20000 49613 
264.47 20000 49629 
270.75 20000 49645 
277.53 20000 49660 
283.66 20000 49676 
289.74 20000 49692 
296.14 20000 49708 
302.64 20000 49723 
308.8 20000 49739 
315.29 20000 49755 
321.67 20000 49771 
328.2 20000 49786 
334.29 20000 49802 
340.52 20000 49818 
346.54 20000 49834 
352.93 20000 49849 
359.41 20000 49865 
365.73 20000 49881 
372.06 20000 49896 
378.7 20000 49912 
385.03 20000 49928 
391.39 20000 49944 
397.72 20000 49959 
404.34 20000 49975 
410.65 20000 49991 
416.92 20000 50007 
423.09 20000 50022 
429.36 20000 50038 
434.64 20000 50054 
439.19 20000 50069 
443.61 20000 50085 
448.21 20000 50101 
452.78 20000 50117 
459.01 20000 50132 
466.46 20000 50148 
472.63 20000 50164 
478.81 20000 50180 
485.81 20000 50195 
492.49 20000 50211 
499.46 20000 50227 
506.09 20000 50243 
513.19 20000 50258 
519.97 20000 50274 
527.05 20000 50290 
534.54 20000 50305 
541.81 20000 50321 
548.54 20000 50337 
555.29 20000 50353 
562.12 20000 50368 
568.94 20000 50384 
575.54 20000 50400 
581.22 20000 50416 
586.02 20000 50431 
590.83 20000 50447 
596.78 20000 50463 
603.14 20000 50478 
610.08 20000 50494 
618.22 20000 50510 
625.58 20000 50526 
632.71 20000 50541 
640.19 20000 50557 
647.76 20000 50573 
655.09 20000 50589 
662.06 20000 50604 
669.68 20000 50620 
676.9 20000 50636 
684.07 20000 50652 
691.08 20000 50667 
698.33 20000 50683 
705.66 20000 50699 
712.82 20000 50714 
719.62 20000 50730 
726.86 20000 50746 
734.28 20000 50762 
741.62 20000 50777 
748.33 20000 50793 
755.35 20000 50809 
762.65 20000 50825 
769.69 20000 50840 
776.66 20000 50856 
784.16 20000 50872 
791.38 20000 50888 
798.36 20000 50903 
804.96 20000 50919 
812.4 20000 50935 
819.92 20000 50950 
827.38 20000 50966 
834.18 20000 50982 
841.68 20000 50998 
849.33 20000 51013 
856.82 20000 51029 
863.63 20000 51045 
870.77 20000 51061 
878 20000 51076 
885.4 20000 51092 
891.98 20000 51108 
898.75 20000 51123 
906.02 20000 51139 
913.48 20000 51155 
920.53 20000 51171 
927.95 20000 51186 
935.18 20000 51202 
942.17 20000 51218 
949.06 20000 51234 
956.19 20000 51249 
963.87 20000 51265 
971.37 20000 51281 
978.37 20000 51296 
985.45 20000 51312 
993.12 20000 51328 
1000.72 20000 51344 
1007.94 20000 51359 
1015.02 20000 51375 
1022.62 20000 51391 
1030.29 20000 51407 
1037.59 20000 51422 
1044.61 20000 51438 
1052.25 20000 51454 
1059.76 20000 51470 
1067.07 20000 51485 
1074.38 20000 51501 
1082.34 20000 51517 
1090.42 20000 51532 
1098.1 20000 51548 
1105.17 20000 51564 
1113.17 20000 51580 
1120.96 20000 51595 
1128.59 20000 51611 
1135.92 20000 51627 
1143.92 20000 51643 
1151.64 20000 51658 
1159.52 20000 51674 
1166.81 20000 51690 
1174.88 20000 51705 
1183.49 20000 51721 
1192.19 20000 51737 
1200.03 20000 51753 
1208.14 20000 51768 
1215.39 20000 51784 
1223.95 20000 51800 
1232.19 20000 51816 
1239.8 20000 51831 
1247.12 20000 51847 
1255.09 20000 51863 
1262.79 20000 51879 
1270.4 20000 51894 
1277.65 20000 51910 
1285.47 20000 51926 
1292.85 20000 51941 
1300.6 20000 51957 
1308.29 20000 51973 
1315.91 20000 51989 
1323.38 20000 52004 
1331.54 20000 52020 
1339.73 20000 52036 
1348.11 20000 52052 
1355.88 20000 52067 
1364.42 20000 52083 
1373.09 20000 52099 
1381.52 20000 52115 
1389.81 20000 52130 
1398.13 20000 52146 
1406.27 20000 52162 
1413.91 20000 52177 
1421.88 20000 52193 
1430.26 20000 52209 
1438.1 20000 52225 
1446.14 20000 52240 
1454.16 20000 52256 
1462.31 20000 52272 
1470.83 20000 52288 
1478.88 20000 52303 
1486.85 20000 52319 
1495.45 20000 52335 
1503.78 20000 52350 
1511.7 20000 52366 
1519.84 20000 52382 
1528.16 20000 52398 
1536.87 20000 52413 
1545.34 20000 52429 
1554.61 20000 52445 
1563.24 20000 52461 
1571 20000 52476 
1578.13 20000 52492 
1585.64 20000 52508 
1593.43 20000 52524 
1602.05 20000 52539 
1610.53 20000 52555 
1619.45 20000 52571 
1628.88 20000 52586 
1638.1 20000 52602 
1645.96 20000 52618 
1654.47 20000 52634 
1662.66 20000 52649 
1671.08 20000 52665 
1679.4 20000 52681 
1688.42 20000 52697 
1697.1 20000 52712 
1706.2 20000 52728 
1715.24 20000 52744 
1724.07 20000 52759 
1732.14 20000 52775 
1741.42 20000 52791 
1750.03 20000 52807 
1758.72 20000 52822 
1767.31 20000 52838 
1776.66 20000 52854 
1786.04 20000 52870 
1795.64 20000 52885 
1804.64 20000 52901 
1814.02 20000 52917 
1823.61 20000 52933 
1832.81 20000 52948 
1841.11 20000 52964 
1849.85 20000 52980 
1859.11 20000 52995 
1868.09 20000 53011 
1876.31 20000 53027 
1885.75 20000 53043 
1895.51 20000 53058 
1905.2 20000 53074 
1914.39 20000 53090 
1923.76 20000 53106 
1933.46 20000 53121 
1943.14 20000 53137 
1952.43 20000 53153 
1961.47 20000 53168 
1970.83 20000 53184 
1980.19 20000 53200 
1989.57 20000 53216 
1998.61 20000 53231 
2008.38 20000 53247 
2018.18 20000 53263 
2028.15 20000 53279 
2037.12 20000 53294 
2046.41 20000 53310 
2055.98 20000 53326 
2065.38 20000 53342 
2074.66 20000 53357 
2084.74 20000 53373 
2095.22 20000 53389 
2105.97 20000 53404 
2115.89 20000 53420 
2126.22 20000 53436 
2136.34 20000 53452 
2146.42 20000 53467 
2156.45 20000 53483 
2167.04 20000 53499 
2177.27 20000 53515 
2187.52 20000 53530 
2197.2 20000 53546 
2207.39 20000 53562 
2217.68 20000 53577 
2228.17 20000 53593 
2238.02 20000 53609 
2248.93 20000 53625 
2259.28 20000 53640 
2269.42 20000 53656 
2279.34 20000 53672 
2290.08 20000 53688 
2300.68 20000 53703 
2311.31 20000 53719 
2320.75 20000 53735 
2330.86 20000 53751 
2340.67 20000 53766 
2350.55 20000 53782 
2360.26 20000 53798 
2370.45 20000 53813 
2380.59 20000 53829 
2390.84 20000 53845 
2400.7 20000 53861 
2411.43 20000 53876 
2421.42 20000 53892 
2431.62 20000 53908 
2441.75 20000 53924 
2451.92 20000 53939 
2462.6 20000 53955 
2473.22 20000 53971 
2483.42 20000 53987 
2494.26 20000 54002 
2505.47 20000 54018 
2516.21 20000 54034 
2526.29 20000 54049 
2536.98 20000 54065 
2547.9 20000 54081 
2558.74 20000 54097 
2569.55 20000 54112 
2580.72 20000 54128 
2592.28 20000 54144 
2603.46 20000 54160 
2614.31 20000 54175 
2625.19 20000 54191 
2636.59 20000 54207 
2648.12 20000 54222 
2658.83 20000 54238 
2669.24 20000 54254 
2680.96 20000 54270 
2692.79 20000 54285 
2704.26 20000 54301 
2715.58 20000 54317 
2727.97 20000 54333 
2740.09 20000 54348 
2752.27 20000 54364 
2763.83 20000 54380 
2776.12 20000 54395 
2788.19 20000 54411 
2800.5 20000 54427 
2812.21 20000 54443 
2824.25 20000 54458 
2836.47 20000 54474 
2849 20000 54490 
2860.64 20000 54506 
2872.8 20000 54521 
2885.27 20000 54537 
2898.15 20000 54553 
2909.85 20000 54569 
2922.33 20000 54584 
2934.54 20000 54600 
2947.3 20000 54616 
2959.25 20000 54631 
2971.33 20000 54647 
2983.4 20000 54663 
2996.63 20000 54679 
3008.46 20000 54694 
3020.42 20000 54710 
3032.63 20000 54726 
3045.74 20000 54742 
3058.29 20000 54757 
3071.01 20000 54773 
3084.14 20000 54789 
3097.85 20000 54804 
3110.68 20000 54820 
3123.75 20000 54836 
3136.74 20000 54852 
3150.36 20000 54867 
3163.26 20000 54883 
3176.11 20000 54899 
3189.65 20000 54915 
3203.66 20000 54930 
3216.74 20000 54946 
3229.89 20000 54962 
3243.58 20000 54978 
3258.15 20000 54993 
3272.33 20000 55009 
3285.6 20000 55025 
3299.06 20000 55040 
3313.5 20000 55056 
3327.74 20000 55072 
3341.18 20000 55088 
3355.6 20000 55103 
3370.1 20000 55119 
3384.75 20000 55135 
3398.84 20000 55151 
3413.04 20000 55166 
3426.52 20000 55182 
3440.4 20000 55198 
3454 20000 55214 
3468.42 20000 55229 
3482.63 20000 55245 
3497.54 20000 55261 
3512.02 20000 55276 
3526.13 20000 55292 
3539.25 20000 55308 
3553.24 20000 55324 
3567.36 20000 55339 
3582.69 20000 55355 
3597.09 20000 55371 
3610.96 20000 55387 
3625.2 20000 55402 
3640.15 20000 55418 
3654.23 20000 55434 
3669.1 20000 55450 
3683.1 20000 55465 
3697.22 20000 55481 
3711.71 20000 55497 
3726.03 20000 55512 
3740.43 20000 55528 
3755.32 20000 55544 
3769.78 20000 55560 
3784.79 20000 55575 
3799.27 20000 55591 
3814.29 20000 55607 
3829.41 20000 55623 
3844.79 20000 55638 
3858.82 20000 55654 
3872.9 20000 55670 
3887.95 20000 55685 
3904.21 20000 55701 
3919.8 20000 55717 
3935.48 20000 55733 
3950.55 20000 55748 
3966.84 20000 55764 
3984.84 20000 55780 
4003.44 20000 55796 
4019.34 20000 55811 
4033.1 20000 55827 
4047.14 20000 55843 
4063.1 20000 55858 
4079.06 20000 55874 
4094.94 20000 55890 
4110.51 20000 55906 
4125.71 20000 55921 
4141.48 20000 55937 
4157.99 20000 55953 
4174.68 20000 55969 
4190.06 20000 55984 
4206.23 20000 56000 
4222.78 20000 56016 
4239.08 20000 56032 
4255 20000 56047 
4271.54 20000 56063 
4287.61 20000 56079 
4304.19 20000 56094 
4320.42 20000 56110 
4337.34 20000 56126 
4354.38 20000 56142 
4371.27 20000 56157 
4387.24 20000 56173 
4403.33 20000 56189 
4419.37 20000 56205 
4436.17 20000 56220 
4452.47 20000 56236 
4469.06 20000 56252 
4485.52 20000 56268 
4502.71 20000 56283 
4519.45 20000 56299 
4536.6 20000 56315 
4553.04 20000 56330 
4570.49 20000 56346 
4587.29 20000 56362 
4604.07 20000 56378 
4620.65 20000 56393 
4638.24 20000 56409 
4655 20000 56425 
4672.19 20000 56441 
4689.09 20000 56456 
4707 20000 56472 
4723.91 20000 56488 
4740.99 20000 56504 
4758.01 20000 56519 
4775.81 20000 56535 
4792.5 20000 56551 
4809.78 20000 56566 
4827.49 20000 56582 
4846.52 20000 56598 
4864.64 20000 56614 
4882.71 20000 56629 
4900.5 20000 56645 
4919.02 20000 56661 
4936.6 20000 56677 
4954.11 20000 56692 
4971.46 20000 56708 
4989.6 20000 56724 
5007.17 20000 56740 
5024.16 20000 56755 
5040.81 20000 56771 
5058.18 20000 56787 
5075.49 20000 56802 
5092.99 20000 56818 
5110.27 20000 56834 
5128.12 20000 56850 
5146.41 20000 56865 
5164.2 20000 56881 
5182.28 20000 56897 
5200.85 20000 56913 
5219.39 20000 56928 
5237.71 20000 56944 
5256.31 20000 56960 
5274.46 20000 56975 
5292.57 20000 56991 
5309.8 20000 57007 
5327.46 20000 57023 
5345.52 20000 57038 
5363.76 20000 57054 
5381.17 20000 57070 
5399.11 20000 57086 
5416.74 20000 57101 
5434.59 20000 57117 
5452.03 20000 57133 
5470.18 20000 57149 
5487.91 20000 57164 
5506.55 20000 57180 
5524.8 20000 57196 
5543.42 20000 57211 
5561.86 20000 57227 
5581.63 20000 57243 
5599.76 20000 57259 
5618.24 20000 57274 
5636.59 20000 57290 
5655.72 20000 57306 
5673.84 20000 57322 
5692.61 20000 57337 
5710.98 20000 57353 
5730.32 20000 57369 
5748.67 20000 57385 
5767.55 20000 57400 
5785.69 20000 57416 
5804.75 20000 57432 
5822.75 20000 57447 
5841.62 20000 57463 
5860.31 20000 57479 
5879.44 20000 57495 
5897.93 20000 57510 
5917.23 20000 57526 
5936.21 20000 57542 
5955.6 20000 57558 
5974.01 20000 57573 
5993.14 20000 57589 
6012.11 20000 57605 
6031.17 20000 57620 
6049.76 20000 57636 
6068.19 20000 57652 
6086.61 20000 57668 
6106.37 20000 57683 
6126.19 20000 57699 
6145.72 20000 57715 
6165.13 20000 57731 
6185.92 20000 57746 
6206.42 20000 57762 
6225.27 20000 57778 
6244.18 20000 57794 
6264.19 20000 57809 
6284.02 20000 57825 
6302.98 20000 57841 
6323.02 20000 57856 
6343.83 20000 57872 
6364.68 20000 57888 
6383.68 20000 57904 
6402.87 20000 57919 
6423.61 20000 57935 
6444.5 20000 57951 
6463.79 20000 57967 
6483.08 20000 57982 
6502.86 20000 57998 
6523.1 20000 58014 
6539.65 20000 58029 
6549.31 20000 58045 
6565.98 20000 58061 
6590.09 20000 58077 
6611.58 20000 58092 
6632.79 20000 58108 
6653.79 20000 58124 
6675.79 20000 58140 
6696.34 20000 58155 
6717.29 20000 58171 
6738.13 20000 58187 
6760.18 20000 58203 
6780.06 20000 58218 
6800.15 20000 58234 
6820.56 20000 58250 
6842.74 20000 58265 
6864.07 20000 58281 
6885.25 20000 58297 
6906.57 20000 58313 
6930.01 20000 58328 
6951.78 20000 58344 
6973.19 20000 58360 
6994.14 20000 58376 
7017.59 20000 58391 
7040.1 20000 58407 
7061.93 20000 58423 
7084.14 20000 58439 
7108.61 20000 58454 
7131.4 20000 58470 
7153.12 20000 58486 
7175.04 20000 58501 
7198.7 20000 58517 
7221.29 20000 58533 
7242.62 20000 58549 
7263.73 20000 58564 
7285.55 20000 58580 
7307.69 20000 58596 
7329.82 20000 58612 
7350.42 20000 58627 
7372.09 20000 58643 
7394.07 20000 58659 
7415.16 20000 58675 
7435.14 20000 58690 
7457.22 20000 58706 
7480.91 20000 58722 
7504.06 20000 58737 
7525.62 20000 58753 
7547.34 20000 58769 
7569.07 20000 58785 
7591.09 20000 58800 
7614.3 20000 58816 
7637.42 20000 58832 
7660.87 20000 58848 
7684.1 20000 58863 
7707.95 20000 58879 
7731.29 20000 58895 
7754.82 20000 58910 
7777.71 20000 58926 
7801.96 20000 58942 
7826.09 20000 58958 
7850.71 20000 58973 
7874.64 20000 58989 
7899.13 20000 59005 
7922.53 20000 59021 
7946.46 20000 59036 
7968.72 20000 59052 
7991.88 20000 59068 
8015.86 20000 59084 
8041.64 20000 59099 
8065.57 20000 59115 
8091.27 20000 59131 
8117.06 20000 59146 
8143.65 20000 59162 
8167.81 20000 59178 
8192.08 20000 59194 
8216.23 20000 59209 
8240.79 20000 59225 
8263.27 20000 59241 
8287.54 20000 59257 
8313.59 20000 59272 
8340.6 20000 59288 
8365.79 20000 59304 
8391 20000 59319 
8415.89 20000 59335 
8441.67 20000 59351 
8464.95 20000 59367 
8488.63 20000 59382 
8513.32 20000 59398 
8540.31 20000 59414 
8565.77 20000 59430 
8590.68 20000 59445 
8615.58 20000 59461 
8642.01 20000 59477 
8667.73 20000 59493 
8691.92 20000 59508 
8716.03 20000 59524 
8742.56 20000 59540 
8769.13 20000 59555 
8794.9 20000 59571 
8820.32 20000 59587 
8846.83 20000 59603 
8873.63 20000 59618 
8898.99 20000 59634 
8923.55 20000 59650 
8949.2 20000 59666 
8975.36 20000 59681 
9000.06 20000 59697 
9025.8 20000 59713 
9052.27 20000 59729 
9078.43 20000 59744 
9103.07 20000 59760 
9128.72 20000 59776 
9155.83 20000 59791 
9183.7 20000 59807 
9210.41 20000 59823 
9238.48 20000 59839 
9266.28 20000 59854 
9294.03 20000 59870 
9319.81 20000 59886 
9346.22 20000 59901 
9372.08 20000 59917 
9398.73 20000 59933 
9423.51 20000 59949 
9448.77 20000 59964 
9474.12 20000 59980 
9500.75 20000 59996 
9525.55 20000 60012 
9551.72 20000 60027 
9577.41 20000 60043 
9603.81 20000 60059 
9629.15 20000 60074 
9655.71 20000 60090 
9681.46 20000 60106 
9707.44 20000 60122 
9732.04 20000 60137 
9757.41 20000 60153 
9782.63 20000 60169 
9809.1 20000 60185 
9834.11 20000 60200 
9860.06 20000 60216 
9885.94 20000 60232 
9911.73 20000 60248 
9935.52 20000 60263 
9960.28 20000 60279 
9985.63 20000 60295 
10011.5 20000 60310 
10035.9 20000 60326 
10061.54 20000 60342 
10087.66 20000 60358 
10114.42 20000 60373 
10139.45 20000 60389 
10165.8 20000 60405 
10193.25 20000 60421 
10222.01 20000 60436 
10249.77 20000 60452 
10278.03 20000 60468 
10307.27 20000 60483 
10336.22 20000 60499 
10363.24 20000 60515 
10389.63 20000 60531 
10416.86 20000 60546 
10444.41 20000 60562 
10470.35 20000 60578 
10495.19 20000 60594 
10521.31 20000 60609 
10548.53 20000 60625 
10575.81 20000 60641 
10599.56 20000 60657 
10622.07 20000 60672 
10646.59 20000 60688 
10672.63 20000 60704 
10698.27 20000 60719 
10725.11 20000 60735 
10752.48 20000 60751 
10780.78 20000 60767 
10808.55 20000 60782 
10836.86 20000 60798 
10865.3 20000 60814 
10895.26 20000 60830 
10922.86 20000 60845 
10948.39 20000 60861 
10974.29 20000 60877 
11001.7 20000 60892 
11027.04 20000 60908 
11054.38 20000 60924 
11081.54 20000 60940 
11110.29 20000 60955 
11136.85 20000 60971 
11163.93 20000 60987 
11192.16 20000 61003 
11222.53 20000 61018 
11249.82 20000 61034 
11276.93 20000 61050 
11305.05 20000 61065 
11334.72 20000 61081 
11360.53 20000 61097 
11385.83 20000 61113 
11411.7 20000 61128 
11440.78 20000 61144 
11467.3 20000 61160 
11492.65 20000 61176 
11520.14 20000 61191 
11550.88 20000 61207 
11578.56 20000 61223 
11605.59 20000 61238 
11633.97 20000 61254 
11665.14 20000 61270 
11693.83 20000 61286 
11721.28 20000 61301 
11749.76 20000 61317 
11781 20000 61333 
11809.43 20000 61349 
11834.96 20000 61364 
11861.54 20000 61380 
11890.58 20000 61396 
11918.79 20000 61412 
11945.46 20000 61427 
11973.24 20000 61443 
12003.79 20000 61459 
12032.9 20000 61474 
12059.42 20000 61490 
12087.6 20000 61506 
12119.01 20000 61522 
12150.45 20000 61537 
12180 20000 61553 
12209.99 20000 61569 
12241.83 20000 61585 
12274.26 20000 61600 
12304.83 20000 61616 
12336.01 20000 61632 
12367.25 20000 61647 
12399.13 20000 61663 
12430.12 20000 61679 
12462.4 20000 61695 
12494.19 20000 61710 
12526.45 20000 61726 
12558.18 20000 61742 
12591.48 20000 61758 
12624.73 20000 61773 
12658.42 20000 61789 
12690.81 20000 61805 
12724.47 20000 61820 
12757.42 20000 61836 
12790.2 20000 61852 
12821.19 20000 61868 
12854.54 20000 61883 
12887.87 20000 61899 
12920.47 20000 61915 
12951.72 20000 61931 
12985.8 20000 61946 
13019.01 20000 61962 
13051.29 20000 61978 
13081.32 20000 61994 
13112.92 20000 62009 
13144.58 20000 62025 
13176.56 20000 62041 
13207.6 20000 62056 
13242.53 20000 62072 
13278.1 20000 62088 
13311.64 20000 62104 
13342.24 20000 62119 
13374.48 20000 62135 
13406.09 20000 62151 
13437.35 20000 62167 
13467.68 20000 62182 
13499.36 20000 62198 
13530.1 20000 62214 
13560.37 20000 62230 
13589.59 20000 62245 
13620.28 20000 62261 
13652.71 20000 62277 
13685.73 20000 62292 
13718.73 20000 62308 
13752.8 20000 62324 
13788.41 20000 62340 
13824.58 20000 62355 
13860.11 20000 62371 
13895.2 20000 62387 
13930.21 20000 62403 
13965.37 20000 62418 
14000.27 20000 62434 
14034.96 20000 62450 
14070.86 20000 62465 
14107.02 20000 62481 
14143.35 20000 62497 
14179.19 20000 62513 
14215.55 20000 62528 
14250.42 20000 62544 
14285.01 20000 62560 
14318.57 20000 62576 
14353.45 20000 62591 
14387.35 20000 62607 
14421.33 20000 62623 
14454.52 20000 62639 
14489.37 20000 62654 
14525.15 20000 62670 
14562.34 20000 62686 
14597.29 20000 62701 
14632.01 20000 62717 
14666.14 20000 62733 
14701.65 20000 62749 
14734.84 20000 62764 
14768.47 20000 62780 
14802.36 20000 62796 
14837.3 20000 62812 
14870.41 20000 62827 
14904.82 20000 62843 
14938.99 20000 62859 
14974 20000 62874 
15007.24 20000 62890 
15042.29 20000 62906 
15077.02 20000 62922 
15112.84 20000 62937 
15147.2 20000 62953 
15183.75 20000 62969 
15220.25 20000 62985 
15257.18 20000 63000 
15292.33 20000 63016 
15327.59 20000 63032 
15362.24 20000 63048 
15397.39 20000 63063 
15429.79 20000 63079 
15461.41 20000 63095 
15492.16 20000 63110 
15523.38 20000 63126 
15553.25 20000 63142 
15584.89 20000 63158 
15618.34 20000 63173 
15652.59 20000 63189 
15685.79 20000 63205 
15718.8 20000 63221 
15751.84 20000 63236 
15784.44 20000 63252 
15815.9 20000 63268 
15847.56 20000 63283 
15879.72 20000 63299 
15912.14 20000 63315 
15944.57 20000 63331 
15977 20000 63346 
16010.31 20000 63362 
16043.21 20000 63378 
16075.98 20000 63394 
16108.06 20000 63409 
16141.62 20000 63425 
16175.04 20000 63441 
16208.44 20000 63457 
16240.96 20000 63472 
16275.03 20000 63488 
16308.99 20000 63504 
16343.46 20000 63519 
16377.06 20000 63535 
16413.5 20000 63551 
16448.94 20000 63567 
16482.23 20000 63582 
16512.78 20000 63598 
16544.77 20000 63614 
16577.4 20000 63630 
16611.4 20000 63645 
16643.25 20000 63661 
16676.26 20000 63677 
16708.96 20000 63692 
16743.62 20000 63708 
16776.29 20000 63724 
16810.34 20000 63740 
16843.95 20000 63755 
16878.82 20000 63771 
16911.63 20000 63787 
16945.41 20000 63803 
16978.34 20000 63818 
17013.29 20000 63834 
17046.18 20000 63850 
17079.41 20000 63865 
17113.23 20000 63881 
17148.35 20000 63897 
17181.08 20000 63913 
17214.9 20000 63928 
17249.84 20000 63944 
17286.72 20000 63960 
17320.75 20000 63976 
17353.31 20000 63991 
17388.85 20000 64007 
17427.66 20000 64023 
17463.81 20000 64038 
17498.51 20000 64054 
17533.6 20000 64070 
17570.78 20000 64086 
17606.13 20000 64101 
17639.32 20000 64117 
17674.15 20000 64133 
17711.79 20000 64149 
17747.27 20000 64164 
17779.89 20000 64180 
17812.91 20000 64196 
17847.31 20000 64212 
17881.99 20000 64227 
17906.77 20000 64243 
17941.81 20000 64259 
17984.21 20000 64274 
18023.94 20000 64290 
18059.38 20000 64306 
18093.79 20000 64322 
18129.4 20000 64337 
18166.22 20000 64353 
18199.06 20000 64369 
18233.67 20000 64385 
18271.29 20000 64400 
18309.47 20000 64416 
18342.75 20000 64432 
18376.87 20000 64447 
18413.82 20000 64463 
18451.83 20000 64479 
18485.96 20000 64495 
18521.35 20000 64510 
18559.81 20000 64526 
18600.29 20000 64542 
18636.26 20000 64558 
18673.07 20000 64573 
18711.52 20000 64589 
18752.08 20000 64605 
18788.74 20000 64621 
18825.26 20000 64636 
18862.58 20000 64652 
18903.21 20000 64668 
18941.77 20000 64683 
18980.4 20000 64699 
19018.39 20000 64715 
19059.4 20000 64731 
19099.25 20000 64746 
19139.39 20000 64762 
19179.2 20000 64778 
19221.21 20000 64794 
19262.08 20000 64809 
19303.32 20000 64825 
19343.5 20000 64841 
19384.66 20000 64856 
19424.18 20000 64872 
19463.86 20000 64888 
19503.14 20000 64904 
19543.51 20000 64919 
19582.53 20000 64935 
19621.94 20000 64951 
19663.07 20000 64967 
19703.99 20000 64982 
19742.89 20000 64998 
19782.5 20000 65014 
19824.36 20000 65029 
19866.12 20000 65045 
19906.58 20000 65061 
19946.3 20000 65077 
19987.35 20000 65092 
20028.12 20000 65108 
20067.64 20000 65124 
20105.35 20000 65124 
20117.53 20000 65124 
20055.65 20000 65124 
19976.59 20000 65124 
19910.26 20000 65124 
19852.09 20000 65124 
19799.78 20000 65124 
19749.38 20000 65124 
19696.22 20000 65124 
19653.29 20000 65124 
19615.57 20000 65124 
19578.64 20000 65124 
19543.22 20000 65124 
19509.5 20000 65124 
19477.12 20000 65124 
19445.96 20000 65124 
19416.12 20000 65124 
19386.99 20000 65124 
19358.66 20000 65124 
19331.19 20000 65124 
19304.63 20000 65124 
19278.94 20000 65124 
19254.11 20000 65124 
19229.58 20000 65124 
19206.01 20000 65124 
19183.24 20000 65124 
19161.08 20000 65124 
19139.27 20000 65124 
19118.18 20000 65124 
19097.52 20000 65124 
19077.41 20000 65124 
19058.05 20000 65124 
19039.24 20000 65124 
19021.12 20000 65124 
19003.04 20000 65124 
18985.25 20000 65124 
18968.12 20000 65124 
18950.83 20000 65124 
18933.19 20000 65124 
18915.02 20000 65124 
18896.23 20000 65124 
18877.8 20000 65124 
18859.85 20000 65124 
18842.11 20000 65124 
18824.89 20000 65124 
18807.96 20000 65124 
18791.19 20000 65124 
18775 20000 65124 
18758.77 20000 65124 
18742.43 20000 65124 
18726.36 20000 65124 
