10.04 20000 36081 
10.22 20000 36081 
10.13 20000 36081 
10.26 20000 36081 
10.15 20000 36081 
9.94 20000 36081 
9.97 20000 36081 
10.09 20000 36081 
10.01 20000 36081 
9.89 20000 36081 
9.9 20000 36081 
10.11 20000 36081 
10.33 20000 36081 
9.83 20000 36081 
9.9 20000 36081 
9.8 20000 36081 
9.78 20000 36081 
9.92 20000 36081 
10 20000 36081 
10.1 20000 36081 
9.88 20000 36081 
10.01 20000 36081 
10.07 20000 36081 
10.41 20000 36081 
10.18 20000 36081 
9.8 20000 36081 
9.92 20000 36081 
10.16 20000 36081 
10.21 20000 36081 
10.29 20000 36081 
10.17 20000 36081 
10.03 20000 36081 
9.84 20000 36081 
9.93 20000 36081 
10.09 20000 36081 
10.1 20000 36081 
9.95 20000 36081 
10.23 20000 36081 
10.46 20000 36081 
10.36 20000 36081 
10.07 20000 36081 
10.12 20000 36081 
10.3 20000 36081 
10.08 20000 36081 
9.75 20000 36081 
9.68 20000 36081 
9.91 20000 36081 
10.01 20000 36081 
10.07 20000 36081 
10.1 20000 36081 
10.09 20000 36081 
10.41 20000 36081 
10.48 20000 36081 
10.29 20000 36081 
10.36 20000 36081 
10.6 20000 36081 
10.54 20000 36081 
10.5 20000 36081 
10.54 20000 36081 
10.96 20000 36239 
27.78 20000 36401 
96.21 20000 36421 
175.43 20000 36437 
178.81 20000 36452 
171.8 20000 36468 
173.82 20000 36484 
177.67 20000 36499 
182.45 20000 36515 
188.28 20000 36531 
194.68 20000 36546 
201.45 20000 36562 
208.38 20000 36578 
215.35 20000 36594 
222.84 20000 36609 
229.89 20000 36625 
237.53 20000 36641 
245.39 20000 36656 
253.39 20000 36672 
261.7 20000 36688 
270.35 20000 36704 
278.35 20000 36719 
285.72 20000 36735 
292.98 20000 36751 
301.26 20000 36766 
310.41 20000 36782 
319.26 20000 36798 
327.64 20000 36813 
336.69 20000 36829 
344.95 20000 36845 
353.06 20000 36861 
361.17 20000 36876 
369.42 20000 36892 
377.47 20000 36908 
386.39 20000 36923 
395.02 20000 36939 
403.44 20000 36955 
411.83 20000 36971 
420.62 20000 36986 
428.75 20000 37002 
437.34 20000 37018 
445.84 20000 37033 
454.02 20000 37049 
462.23 20000 37065 
471.05 20000 37080 
479.89 20000 37096 
488.53 20000 37112 
496.75 20000 37128 
504.88 20000 37143 
513.12 20000 37159 
521.56 20000 37175 
529.6 20000 37190 
537.92 20000 37206 
545.93 20000 37222 
553.75 20000 37237 
561.84 20000 37253 
570.24 20000 37269 
578.31 20000 37285 
586.21 20000 37300 
593.94 20000 37316 
601.25 20000 37332 
608.77 20000 37347 
616.2 20000 37363 
623.4 20000 37379 
630.81 20000 37395 
638.36 20000 37410 
645.51 20000 37426 
653.03 20000 37442 
660.67 20000 37457 
668.62 20000 37473 
675.57 20000 37489 
682.75 20000 37504 
690.07 20000 37520 
697.08 20000 37536 
703.84 20000 37552 
710.72 20000 37567 
717.53 20000 37583 
724.89 20000 37599 
731.96 20000 37614 
739.25 20000 37630 
746.28 20000 37646 
753.78 20000 37662 
760.61 20000 37677 
766.78 20000 37693 
773.8 20000 37709 
780.84 20000 37724 
787.52 20000 37740 
795.05 20000 37756 
802.08 20000 37772 
809.1 20000 37787 
816.55 20000 37803 
824.3 20000 37819 
831.74 20000 37834 
839.2 20000 37850 
846.42 20000 37866 
854.14 20000 37881 
861.05 20000 37897 
867.51 20000 37913 
874.5 20000 37929 
881.75 20000 37944 
888.11 20000 37960 
895.39 20000 37976 
902.41 20000 37991 
909.8 20000 38007 
916.6 20000 38023 
923.85 20000 38039 
931.12 20000 38054 
938.72 20000 38070 
946.11 20000 38086 
952.72 20000 38101 
959.34 20000 38117 
966.15 20000 38133 
973 20000 38148 
979.38 20000 38164 
986.55 20000 38180 
994.03 20000 38196 
1001.44 20000 38211 
1008.48 20000 38227 
1015.9 20000 38243 
1022.93 20000 38258 
1029.93 20000 38274 
1036.68 20000 38290 
1042.8 20000 38306 
1048.39 20000 38321 
1054.28 20000 38337 
1059.76 20000 38353 
1064.9 20000 38368 
1070.81 20000 38384 
1077.22 20000 38400 
1083.34 20000 38415 
1090.65 20000 38431 
1097.67 20000 38447 
1105.17 20000 38463 
1112.29 20000 38478 
1119.74 20000 38494 
1127.52 20000 38510 
1135.29 20000 38525 
1142.26 20000 38541 
1149.51 20000 38557 
1155.89 20000 38573 
1162.92 20000 38588 
1169.71 20000 38604 
1176.34 20000 38620 
1182.97 20000 38635 
1189.5 20000 38651 
1195.6 20000 38667 
1201.81 20000 38682 
1208.16 20000 38698 
1214.66 20000 38714 
1220.84 20000 38730 
1227.38 20000 38745 
1233.83 20000 38761 
1240.47 20000 38777 
1246.06 20000 38792 
1250.19 20000 38808 
1253.44 20000 38824 
1259.54 20000 38840 
1266.94 20000 38855 
1274.16 20000 38871 
1281.16 20000 38887 
1288.4 20000 38902 
1295.09 20000 38918 
1301.63 20000 38934 
1308.35 20000 38950 
1315.35 20000 38965 
1322.14 20000 38981 
1328.98 20000 38997 
1335.71 20000 39012 
1342.47 20000 39028 
1349.47 20000 39044 
1356.17 20000 39059 
1362.93 20000 39075 
1369.42 20000 39091 
1376.06 20000 39107 
1382.26 20000 39122 
1388.84 20000 39138 
1395.22 20000 39154 
1401.86 20000 39169 
1408.47 20000 39185 
1414.98 20000 39201 
1421.74 20000 39217 
1428.86 20000 39232 
1435.32 20000 39248 
1441.85 20000 39264 
1448.17 20000 39279 
1454.95 20000 39295 
1461.4 20000 39311 
1468.18 20000 39326 
1475.45 20000 39342 
1482.89 20000 39358 
1489.16 20000 39374 
1495.98 20000 39389 
1502.85 20000 39405 
1509.96 20000 39421 
1516.86 20000 39436 
1523.55 20000 39452 
1529.73 20000 39468 
1536.87 20000 39483 
1544.03 20000 39499 
1551.14 20000 39515 
1557.6 20000 39531 
1564.56 20000 39546 
1571.12 20000 39562 
1576.97 20000 39578 
1583.39 20000 39593 
1590.12 20000 39609 
1596.35 20000 39625 
1603 20000 39641 
1609.12 20000 39656 
1615.52 20000 39672 
1622.3 20000 39688 
1628.49 20000 39703 
1634.47 20000 39719 
1641.49 20000 39735 
1648.33 20000 39750 
1655.6 20000 39766 
1662.68 20000 39782 
1670.17 20000 39798 
1677.81 20000 39813 
1685.72 20000 39829 
1693.37 20000 39845 
1700.37 20000 39860 
1707.49 20000 39876 
1714.85 20000 39892 
1722.95 20000 39908 
1731.19 20000 39923 
1738.95 20000 39939 
1746.93 20000 39955 
1755.29 20000 39970 
1763.32 20000 39986 
1771.88 20000 40002 
1779.96 20000 40017 
1787.91 20000 40033 
1796.17 20000 40049 
1804.67 20000 40065 
1812.36 20000 40080 
1820.44 20000 40096 
1828.56 20000 40112 
1836.79 20000 40127 
1844.48 20000 40143 
1852.66 20000 40159 
1860.77 20000 40175 
1869.5 20000 40190 
1877.85 20000 40206 
1886.07 20000 40222 
1893.97 20000 40237 
1902.26 20000 40253 
1909.98 20000 40269 
1917.96 20000 40284 
1925.9 20000 40300 
1934.57 20000 40316 
1942.77 20000 40332 
1951.08 20000 40347 
1959.21 20000 40363 
1967.58 20000 40379 
1975.5 20000 40394 
1983.93 20000 40410 
1992.49 20000 40426 
2000.95 20000 40442 
2008.77 20000 40457 
2017.27 20000 40473 
2026.2 20000 40489 
2034.79 20000 40504 
2042.78 20000 40520 
2051.27 20000 40536 
2060.17 20000 40551 
2068.61 20000 40567 
2076.63 20000 40583 
2085.07 20000 40599 
2093.58 20000 40614 
2101.97 20000 40630 
2110.16 20000 40646 
2118.82 20000 40661 
2127.43 20000 40677 
2136.47 20000 40693 
2145.43 20000 40709 
2154.11 20000 40724 
2163.08 20000 40740 
2172.53 20000 40756 
2181.61 20000 40771 
2190.41 20000 40787 
2199.46 20000 40803 
2208.34 20000 40819 
2217.26 20000 40834 
2225.94 20000 40850 
2235.22 20000 40866 
2244.61 20000 40881 
2254.04 20000 40897 
2262.68 20000 40913 
2272.04 20000 40928 
2281.21 20000 40944 
2290.39 20000 40960 
2299.04 20000 40976 
2308.54 20000 40991 
2318.08 20000 41007 
2327.42 20000 41023 
2336.61 20000 41038 
2346.18 20000 41054 
2355.72 20000 41070 
2365.78 20000 41086 
2375 20000 41101 
2384.42 20000 41117 
2393.62 20000 41133 
2403.17 20000 41148 
2412.08 20000 41164 
2421.32 20000 41180 
2430.04 20000 41195 
2438.6 20000 41211 
2446.63 20000 41227 
2455.79 20000 41243 
2465.05 20000 41258 
2474.28 20000 41274 
2483.33 20000 41290 
2492.88 20000 41305 
2501.9 20000 41321 
2511.38 20000 41337 
2520.68 20000 41353 
2530.2 20000 41368 
2539.65 20000 41384 
2549.84 20000 41400 
2560.03 20000 41415 
2570.44 20000 41431 
2580.47 20000 41447 
2591.01 20000 41462 
2601.52 20000 41478 
2611.98 20000 41494 
2622.52 20000 41510 
2632.94 20000 41525 
2643.89 20000 41541 
2655.18 20000 41557 
2666.63 20000 41572 
2677.65 20000 41588 
2688.58 20000 41604 
2699.57 20000 41620 
2710.99 20000 41635 
2721.86 20000 41651 
2733.19 20000 41667 
2744.43 20000 41682 
2755.09 20000 41698 
2765.05 20000 41714 
2775.48 20000 41730 
2786.04 20000 41745 
2797.67 20000 41761 
2809.56 20000 41777 
2820.61 20000 41792 
2830.55 20000 41808 
2841.17 20000 41824 
2851.22 20000 41839 
2861.73 20000 41855 
2871.99 20000 41871 
2883.4 20000 41887 
2894.82 20000 41902 
2906.47 20000 41918 
2917.3 20000 41934 
2928.73 20000 41949 
2939.47 20000 41965 
2950.57 20000 41981 
2961.36 20000 41997 
2973.37 20000 42012 
2985.4 20000 42028 
2997.29 20000 42044 
3008.8 20000 42059 
3021.09 20000 42075 
3033.18 20000 42091 
3045.93 20000 42106 
3058.38 20000 42122 
3071.07 20000 42138 
3083.72 20000 42154 
3096.79 20000 42169 
3109.45 20000 42185 
3122.67 20000 42201 
3135.43 20000 42216 
3148.81 20000 42232 
3160.94 20000 42248 
3173.89 20000 42264 
3186.75 20000 42279 
3199.44 20000 42295 
3212.09 20000 42311 
3224.95 20000 42326 
3237.73 20000 42342 
3250.55 20000 42358 
3263.69 20000 42374 
3277.19 20000 42389 
3290.64 20000 42405 
3303.75 20000 42421 
3316.2 20000 42436 
3328.62 20000 42452 
3341.55 20000 42468 
3354.46 20000 42483 
3367.34 20000 42499 
3380.32 20000 42515 
3393.5 20000 42531 
3405.98 20000 42546 
3418.32 20000 42562 
3430.53 20000 42578 
3443.35 20000 42593 
3455.53 20000 42609 
3468.46 20000 42625 
3481.23 20000 42641 
3494.64 20000 42656 
3507.55 20000 42672 
3520.88 20000 42688 
3533.73 20000 42703 
3547.51 20000 42719 
3560.75 20000 42735 
3574.12 20000 42751 
3587.45 20000 42766 
3602.12 20000 42782 
3615.99 20000 42798 
3630.39 20000 42813 
3644.4 20000 42829 
3658.81 20000 42845 
3672.25 20000 42861 
3686.01 20000 42876 
3699.35 20000 42892 
3713.21 20000 42908 
3726.64 20000 42923 
3740.57 20000 42939 
3754.47 20000 42955 
3768.94 20000 42970 
3782.96 20000 42986 
3797 20000 43002 
3810.88 20000 43018 
3825.59 20000 43033 
3839.8 20000 43049 
3854.03 20000 43065 
3868.29 20000 43080 
3883.4 20000 43096 
3898.26 20000 43112 
3912.91 20000 43128 
3927.19 20000 43143 
3941.73 20000 43159 
3956.38 20000 43175 
3971.1 20000 43190 
3985.5 20000 43206 
4000.3 20000 43222 
4015.27 20000 43238 
4030.01 20000 43253 
4044.68 20000 43269 
4059.75 20000 43285 
4075.42 20000 43300 
4090.68 20000 43316 
4105.59 20000 43332 
4121.2 20000 43347 
4137.51 20000 43363 
4152.61 20000 43379 
4167.37 20000 43395 
4182.59 20000 43410 
4198.81 20000 43426 
4213.9 20000 43442 
4228.82 20000 43457 
4243.88 20000 43473 
4259.98 20000 43489 
4275.74 20000 43505 
4291.16 20000 43520 
4306.05 20000 43536 
4321.93 20000 43552 
4337.05 20000 43567 
4352.42 20000 43583 
4367.59 20000 43599 
4383.92 20000 43614 
4399.61 20000 43630 
4414.92 20000 43646 
4429.93 20000 43662 
4446.25 20000 43677 
4461.85 20000 43693 
4477.11 20000 43709 
4491.88 20000 43724 
4508.43 20000 43740 
4524.52 20000 43756 
4540.43 20000 43772 
4555.65 20000 43787 
4572.37 20000 43803 
4589.16 20000 43819 
4605.63 20000 43834 
4621.11 20000 43850 
4637.89 20000 43866 
4654.38 20000 43882 
4670.58 20000 43897 
4685.97 20000 43913 
4702.55 20000 43929 
4719.48 20000 43944 
4735.97 20000 43960 
4751.84 20000 43976 
4768.34 20000 43991 
4785.29 20000 44007 
4802.01 20000 44023 
4818.42 20000 44039 
4835.21 20000 44054 
4852.09 20000 44070 
4869.07 20000 44086 
4885.83 20000 44101 
4902.88 20000 44117 
4920.4 20000 44133 
4937.72 20000 44149 
4953.89 20000 44164 
4970.11 20000 44180 
4987.51 20000 44196 
5004.6 20000 44211 
5021.27 20000 44227 
5037.66 20000 44243 
5055.32 20000 44259 
5072.68 20000 44274 
5090.52 20000 44290 
5107.71 20000 44306 
5125.39 20000 44321 
5142.54 20000 44337 
5160.56 20000 44353 
5178.16 20000 44369 
5196.03 20000 44384 
5213.36 20000 44400 
5231.85 20000 44416 
5249.2 20000 44431 
5266.95 20000 44447 
5284.08 20000 44463 
5302.15 20000 44478 
5319.74 20000 44494 
5338.07 20000 44510 
5355.6 20000 44526 
5373.74 20000 44541 
5391.6 20000 44557 
5410.53 20000 44573 
5428.05 20000 44588 
5445.85 20000 44604 
5463.55 20000 44620 
5482.44 20000 44636 
5500.18 20000 44651 
5517.96 20000 44667 
5535.58 20000 44683 
5554.16 20000 44698 
5571.19 20000 44714 
5587.06 20000 44730 
5604.27 20000 44745 
5623.88 20000 44761 
5642.15 20000 44777 
5659.31 20000 44793 
5677.07 20000 44808 
5696.64 20000 44824 
5714.27 20000 44840 
5724.74 20000 44855 
5738.82 20000 44871 
5759.28 20000 44887 
5777.81 20000 44903 
5795.32 20000 44918 
5813.27 20000 44934 
5832.63 20000 44950 
5851.5 20000 44965 
5869.16 20000 44981 
5887.26 20000 44997 
5906.48 20000 45013 
5925.68 20000 45028 
5943.69 20000 45044 
5963.17 20000 45060 
5983.81 20000 45075 
6004.21 20000 45091 
6022.42 20000 45107 
6041.8 20000 45122 
6061.78 20000 45138 
6081.91 20000 45154 
6100.66 20000 45170 
6119.57 20000 45185 
6138.4 20000 45201 
6158.62 20000 45217 
6177.52 20000 45232 
6196.97 20000 45248 
6216.47 20000 45264 
6236.55 20000 45280 
6255.53 20000 45295 
6275.26 20000 45311 
6295.25 20000 45327 
6315.76 20000 45342 
6335.12 20000 45358 
6355.41 20000 45374 
6375.46 20000 45390 
6396.65 20000 45405 
6416.28 20000 45421 
6436.85 20000 45437 
6457.57 20000 45452 
6479.25 20000 45468 
6499.37 20000 45484 
6519.6 20000 45500 
6539.78 20000 45515 
6561.22 20000 45531 
6581.42 20000 45547 
6601.48 20000 45562 
6621.72 20000 45578 
6643 20000 45594 
6663.22 20000 45610 
6684.18 20000 45625 
6705.52 20000 45641 
6727.27 20000 45657 
6748.02 20000 45672 
6768.58 20000 45688 
6789.63 20000 45704 
6810.57 20000 45719 
6831.02 20000 45735 
6851.33 20000 45751 
6871.49 20000 45767 
6892.64 20000 45782 
6913.16 20000 45798 
6933.04 20000 45814 
6953.72 20000 45829 
6974.63 20000 45845 
6995.92 20000 45861 
7016.51 20000 45877 
7036.75 20000 45892 
7057.22 20000 45908 
7078.76 20000 45924 
7099.29 20000 45939 
7119.93 20000 45955 
7141.89 20000 45971 
7164.53 20000 45987 
7185.8 20000 46002 
7208.63 20000 46018 
7231.82 20000 46034 
7255.2 20000 46049 
7275.99 20000 46065 
7296.99 20000 46081 
7318.25 20000 46097 
7340.47 20000 46112 
7360.92 20000 46128 
7381.8 20000 46144 
7403.18 20000 46159 
7426.18 20000 46175 
7446.64 20000 46191 
7468.28 20000 46206 
7490.78 20000 46222 
7514.52 20000 46238 
7536.4 20000 46254 
7558.72 20000 46269 
7581.47 20000 46285 
7604.86 20000 46301 
7625.9 20000 46316 
7647.43 20000 46332 
7669.58 20000 46348 
7693.57 20000 46364 
7715.61 20000 46379 
7737.06 20000 46395 
7759.23 20000 46411 
7784.14 20000 46426 
7807.59 20000 46442 
7829.89 20000 46458 
7852.79 20000 46474 
7877.59 20000 46489 
7901.46 20000 46505 
7923.45 20000 46521 
7945.51 20000 46536 
7969.77 20000 46552 
7992.79 20000 46568 
8013.2 20000 46584 
8034.58 20000 46599 
8058.92 20000 46615 
8083.78 20000 46631 
8105.52 20000 46646 
8127.72 20000 46662 
8152.82 20000 46678 
8178.02 20000 46693 
8201.22 20000 46709 
8224.51 20000 46725 
8249.35 20000 46741 
8274.51 20000 46756 
8297.31 20000 46772 
8320.64 20000 46788 
8345.48 20000 46803 
8371.23 20000 46819 
8395.47 20000 46835 
8419.3 20000 46851 
8444.91 20000 46866 
8472.4 20000 46882 
8497.42 20000 46898 
8521.17 20000 46913 
8545.38 20000 46929 
8570.91 20000 46945 
8594.21 20000 46961 
8616.88 20000 46976 
8639.45 20000 46992 
8664.67 20000 47008 
8689.27 20000 47023 
8713.34 20000 47039 
8737.02 20000 47055 
8762.94 20000 47071 
8788.15 20000 47086 
8812.53 20000 47102 
8835.85 20000 47118 
8861.5 20000 47133 
8886.97 20000 47149 
8911.97 20000 47165 
8935.37 20000 47180 
8960.87 20000 47196 
8986.37 20000 47212 
9011.23 20000 47228 
9033.8 20000 47243 
9058.16 20000 47259 
9082.89 20000 47275 
9107.15 20000 47290 
9129.18 20000 47306 
9152.69 20000 47322 
9177.84 20000 47338 
9203.05 20000 47353 
9226.9 20000 47369 
9251.83 20000 47385 
9276.17 20000 47400 
9301.15 20000 47416 
9325.79 20000 47432 
9351.67 20000 47448 
9377.47 20000 47463 
9402.68 20000 47479 
9427.45 20000 47495 
9452.65 20000 47510 
9477.45 20000 47526 
9501.41 20000 47542 
9526.54 20000 47558 
9551.88 20000 47573 
9577.61 20000 47589 
9602.61 20000 47605 
9629.13 20000 47620 
9654.67 20000 47636 
9680.68 20000 47652 
9706.62 20000 47667 
9733.73 20000 47683 
9761.82 20000 47699 
9790.88 20000 47714 
9818.89 20000 47730 
9846.79 20000 47746 
9873.57 20000 47762 
9900.68 20000 47777 
9925.83 20000 47793 
9950.95 20000 47809 
9977.08 20000 47824 
10003.31 20000 47840 
10026.84 20000 47856 
10052.04 20000 47872 
10077.64 20000 47887 
10105.53 20000 47903 
10131.56 20000 47919 
10158.31 20000 47934 
10184.2 20000 47950 
10211.41 20000 47966 
10237.48 20000 47982 
10263.93 20000 47997 
10290.98 20000 48013 
10319.2 20000 48029 
10345.39 20000 48044 
10371.68 20000 48060 
10397.1 20000 48076 
10423.54 20000 48092 
10447.91 20000 48107 
10472.35 20000 48123 
10498.23 20000 48139 
10525.87 20000 48154 
10552.81 20000 48170 
10579.57 20000 48186 
10606.23 20000 48201 
10634.71 20000 48217 
10662.75 20000 48233 
10688.53 20000 48249 
10712.23 20000 48264 
10737.92 20000 48280 
10766.13 20000 48296 
10795.76 20000 48311 
10825.42 20000 48327 
10855.26 20000 48343 
10886.49 20000 48358 
10918.46 20000 48374 
10949.88 20000 48390 
10980.95 20000 48406 
11011.42 20000 48421 
11040.69 20000 48437 
11069.82 20000 48453 
11098.31 20000 48468 
11126.75 20000 48484 
11153.15 20000 48500 
11180.02 20000 48516 
11207.17 20000 48531 
11235.04 20000 48547 
11262.27 20000 48563 
11290.56 20000 48578 
11317.95 20000 48594 
11346.77 20000 48610 
11374.82 20000 48626 
11404.25 20000 48641 
11432.71 20000 48657 
11461.66 20000 48673 
11489.77 20000 48688 
11518.62 20000 48704 
11546.54 20000 48720 
11575.46 20000 48736 
11604.75 20000 48751 
11634.97 20000 48767 
11663.96 20000 48783 
11693.76 20000 48798 
11721.9 20000 48814 
11751.69 20000 48830 
11780.72 20000 48845 
11810.07 20000 48861 
11838.77 20000 48877 
11869.42 20000 48893 
11898.67 20000 48908 
11928.95 20000 48924 
11958.06 20000 48940 
11987.15 20000 48955 
12017.23 20000 48971 
12048.1 20000 48987 
12078.29 20000 49003 
12108.8 20000 49018 
12137.56 20000 49034 
12166.6 20000 49050 
12196.51 20000 49065 
12227.24 20000 49081 
12257.2 20000 49097 
12286.44 20000 49113 
12315.29 20000 49128 
12345.27 20000 49144 
12374.49 20000 49160 
12403.35 20000 49175 
12432.04 20000 49191 
12458.68 20000 49207 
12486.87 20000 49222 
12519.59 20000 49238 
12552.31 20000 49254 
12582.31 20000 49270 
12612.99 20000 49285 
12643.99 20000 49301 
12677.8 20000 49317 
12709.7 20000 49332 
12742.58 20000 49348 
12775.38 20000 49364 
12808.06 20000 49380 
12838.41 20000 49395 
12870.8 20000 49411 
12904.15 20000 49427 
12938.16 20000 49442 
12970.75 20000 49458 
13004.78 20000 49474 
13037.62 20000 49490 
13071.14 20000 49505 
13102.2 20000 49521 
13133.89 20000 49537 
13164.84 20000 49552 
13196.35 20000 49568 
13225.58 20000 49584 
13255.97 20000 49600 
13286.33 20000 49615 
13318.01 20000 49631 
13348.48 20000 49647 
13380.38 20000 49662 
13411.35 20000 49678 
13444.89 20000 49694 
13478.14 20000 49709 
13513.32 20000 49725 
13547.5 20000 49741 
13583.8 20000 49757 
13618.76 20000 49772 
13653.15 20000 49788 
13686.74 20000 49804 
13721.87 20000 49819 
13755.33 20000 49835 
13787.64 20000 49851 
13821.47 20000 49867 
13857.69 20000 49882 
13891.74 20000 49898 
13922.98 20000 49914 
13954.26 20000 49929 
13986.73 20000 49945 
14019.06 20000 49961 
14051.82 20000 49977 
14085.84 20000 49992 
14121.64 20000 50008 
14157.83 20000 50024 
14192.47 20000 50039 
14225.55 20000 50055 
14260 20000 50071 
14295.84 20000 50087 
14329.34 20000 50102 
14361.64 20000 50118 
14394.32 20000 50134 
14427.53 20000 50149 
14460.3 20000 50165 
14495.18 20000 50181 
14530.31 20000 50196 
14566.01 20000 50212 
14600.15 20000 50228 
14634.97 20000 50244 
14670.09 20000 50259 
14706.93 20000 50275 
14742.61 20000 50291 
14778.16 20000 50306 
14812.95 20000 50322 
14848.61 20000 50338 
14882.21 20000 50354 
14915.89 20000 50369 
14948.91 20000 50385 
14983.25 20000 50401 
15016.76 20000 50416 
15051.5 20000 50432 
15086.03 20000 50448 
15121.42 20000 50463 
15155.22 20000 50479 
15189.61 20000 50495 
15222.95 20000 50511 
15258.47 20000 50526 
15292.58 20000 50542 
15324.67 20000 50558 
15355.45 20000 50573 
15388.71 20000 50589 
15422.86 20000 50605 
15458.32 20000 50621 
15494.79 20000 50636 
15532.76 20000 50652 
15569.4 20000 50668 
15605 20000 50683 
15639.83 20000 50699 
15675.07 20000 50715 
15709.27 20000 50731 
15745.4 20000 50746 
15781.24 20000 50762 
15816.25 20000 50778 
15851.34 20000 50793 
15888.03 20000 50809 
15926.13 20000 50825 
15964.31 20000 50840 
16000.88 20000 50856 
16036.79 20000 50872 
16073.02 20000 50888 
16109.79 20000 50903 
16146.05 20000 50919 
16181.47 20000 50935 
16217.47 20000 50950 
16252.78 20000 50966 
16288.54 20000 50982 
16324.65 20000 50998 
16360.96 20000 51013 
16396.95 20000 51029 
16433.46 20000 51045 
16467.21 20000 51060 
16502.61 20000 51076 
16539.04 20000 51092 
16577.05 20000 51108 
16613.78 20000 51123 
16651.24 20000 51139 
16688.55 20000 51155 
16725.52 20000 51170 
16760.48 20000 51186 
16796.52 20000 51202 
16832.08 20000 51218 
16869.18 20000 51233 
16905.73 20000 51249 
16943.15 20000 51265 
16981.36 20000 51280 
17021.34 20000 51296 
17058.98 20000 51312 
17096.33 20000 51327 
17133.11 20000 51343 
17171.63 20000 51359 
17206.48 20000 51375 
17240.04 20000 51390 
17273.98 20000 51406 
17309.48 20000 51422 
17339.9 20000 51437 
17317.55 20000 51453 
17222.57 20000 51469 
17240.96 20000 51485 
17305.36 20000 51500 
17362.43 20000 51516 
17413.05 20000 51532 
17461.93 20000 51547 
17510.39 20000 51563 
17556.77 20000 51579 
17600.87 20000 51595 
17644.79 20000 51610 
17691.22 20000 51626 
17737.83 20000 51642 
17782.78 20000 51657 
17824.48 20000 51673 
17863.41 20000 51689 
17900.2 20000 51705 
17937.09 20000 51720 
17975.11 20000 51736 
18016.63 20000 51752 
18058.89 20000 51767 
18101.61 20000 51783 
18142.98 20000 51799 
18182.34 20000 51814 
18220.11 20000 51830 
18256.31 20000 51846 
18291.18 20000 51862 
18329.24 20000 51877 
18367.57 20000 51893 
18407.02 20000 51909 
18446.51 20000 51924 
18486.57 20000 51940 
18521.63 20000 51956 
18556.96 20000 51971 
18592.5 20000 51987 
18630.86 20000 52003 
18671.07 20000 52019 
18713.05 20000 52034 
18753.5 20000 52050 
18796.6 20000 52066 
18838.37 20000 52081 
18879.91 20000 52097 
18920.59 20000 52113 
18961.77 20000 52129 
19002.47 20000 52144 
19045.47 20000 52160 
19086.44 20000 52176 
19128.7 20000 52191 
19170.29 20000 52207 
19212.67 20000 52223 
19253.23 20000 52238 
19293.95 20000 52254 
19333.71 20000 52270 
19372.43 20000 52286 
19407.46 20000 52301 
19443.14 20000 52317 
19481.7 20000 52333 
19525.71 20000 52348 
19568.79 20000 52364 
19611.18 20000 52380 
19652.97 20000 52396 
19693.02 20000 52411 
19731.12 20000 52427 
19769.69 20000 52443 
19808.8 20000 52458 
19847.83 20000 52474 
19889.17 20000 52490 
19930.46 20000 52506 
19975.53 20000 52521 
20020.12 20000 52537 
20062.82 20000 52553 
20105.02 20000 52553 
20125.65 20000 52553 
20073.09 20000 52553 
19998.31 20000 52553 
19934.5 20000 52553 
19878.51 20000 52553 
19828.1 20000 52553 
19779.89 20000 52553 
19726.58 20000 52553 
19677.66 20000 52553 
19637.88 20000 52553 
19601.02 20000 52553 
19565.85 20000 52553 
19532.52 20000 52553 
19500.46 20000 52553 
19469.58 20000 52553 
19439.99 20000 52553 
19411.62 20000 52553 
19384.16 20000 52553 
19357.83 20000 52553 
19331.97 20000 52553 
19306.66 20000 52553 
19282.03 20000 52553 
19258.1 20000 52553 
19235.08 20000 52553 
19212.75 20000 52553 
19190.81 20000 52553 
19169.41 20000 52553 
19148.17 20000 52553 
19127.78 20000 52553 
19107.77 20000 52553 
19088.46 20000 52553 
19069.29 20000 52553 
19050.24 20000 52553 
19031.69 20000 52553 
19013.34 20000 52553 
18995.27 20000 52553 
18977.61 20000 52553 
18960.43 20000 52553 
18943.55 20000 52553 
18927 20000 52553 
18910.7 20000 52553 
18894.76 20000 52553 
18879.39 20000 52553 
18863.97 20000 52553 
18848.37 20000 52553 
18833.04 20000 52553 
18818.3 20000 52553 
18803.51 20000 52553 
18788.83 20000 52553 
18774.33 20000 52553 
18760.25 20000 52553 
18746.02 20000 52553 
