9.05 20000 47908 
9.25 20000 47908 
9.3 20000 47908 
9.31 20000 47908 
9.22 20000 47908 
9.19 20000 47908 
9.34 20000 47908 
9.32 20000 47908 
9.03 20000 47908 
9.24 20000 47908 
9.38 20000 47908 
9.55 20000 47908 
9.38 20000 47908 
9.68 20000 47908 
10.3 20000 47908 
10.59 20000 47908 
10.41 20000 47908 
9.82 20000 47908 
9.34 20000 47908 
9.35 20000 47908 
9.34 20000 47908 
9.51 20000 47908 
9.54 20000 47908 
9.45 20000 47908 
8.92 20000 47908 
8.55 20000 47908 
8.46 20000 47908 
8.79 20000 47908 
8.69 20000 47908 
8.54 20000 47908 
8.38 20000 47908 
8.58 20000 47908 
8.81 20000 47908 
8.8 20000 47908 
8.86 20000 47908 
8.61 20000 47908 
8.6 20000 47908 
8.55 20000 47908 
8.39 20000 47908 
8.43 20000 47908 
8.7 20000 47908 
8.65 20000 47908 
8.34 20000 47908 
8.4 20000 47908 
8.39 20000 47908 
8.38 20000 47908 
8.2 20000 47908 
8.31 20000 47908 
8.54 20000 47908 
8.46 20000 47908 
8.7 20000 47908 
8.78 20000 47908 
8.56 20000 47908 
8.52 20000 47908 
8.66 20000 47908 
8.72 20000 47908 
8.72 20000 48066 
9.02 20000 48229 
9.81 20000 48249 
9.86 20000 48264 
9.65 20000 48280 
9.87 20000 48296 
9.78 20000 48312 
8.92 20000 48327 
9.08 20000 48343 
9.91 20000 48359 
10.11 20000 48375 
10.57 20000 48390 
11.33 20000 48406 
12.14 20000 48422 
11.73 20000 48437 
11.5 20000 48453 
12.04 20000 48469 
12.25 20000 48485 
11.94 20000 48500 
12.26 20000 48516 
12.79 20000 48532 
13.2 20000 48547 
13.42 20000 48563 
13.62 20000 48579 
14.6 20000 48595 
16.37 20000 48610 
18.28 20000 48626 
19.98 20000 48642 
21.2 20000 48657 
23.02 20000 48673 
25.04 20000 48689 
27.37 20000 48705 
30.04 20000 48720 
33.04 20000 48736 
35.88 20000 48752 
39.05 20000 48767 
42.62 20000 48783 
46.17 20000 48799 
49.74 20000 48815 
54.11 20000 48830 
58.06 20000 48846 
62.3 20000 48862 
66.7 20000 48878 
71.27 20000 48893 
76.09 20000 48909 
81.48 20000 48925 
87.47 20000 48940 
93.5 20000 48956 
100.1 20000 48972 
106.84 20000 48988 
113.94 20000 49003 
121.43 20000 49019 
129.17 20000 49035 
136.85 20000 49050 
144.21 20000 49066 
152.14 20000 49082 
160.33 20000 49098 
168.54 20000 49113 
176.7 20000 49129 
184.5 20000 49145 
191.17 20000 49160 
197.84 20000 49176 
204.62 20000 49192 
212.36 20000 49208 
220.41 20000 49223 
227.98 20000 49239 
235.22 20000 49255 
242.93 20000 49270 
250.54 20000 49286 
257.75 20000 49302 
264.89 20000 49318 
271.87 20000 49333 
278.59 20000 49349 
285.44 20000 49365 
291.95 20000 49381 
298.84 20000 49396 
304.9 20000 49412 
310.87 20000 49428 
317.09 20000 49443 
323.83 20000 49459 
330.92 20000 49475 
338.16 20000 49491 
345.1 20000 49506 
351.87 20000 49522 
358.91 20000 49538 
365.92 20000 49553 
372.74 20000 49569 
379.53 20000 49585 
386.67 20000 49601 
393.85 20000 49616 
400.72 20000 49632 
406.72 20000 49648 
412.94 20000 49663 
419.41 20000 49679 
426.09 20000 49695 
432.69 20000 49711 
439.67 20000 49726 
446.15 20000 49742 
452.59 20000 49758 
459.24 20000 49773 
465.97 20000 49789 
472.67 20000 49805 
479.35 20000 49821 
485.53 20000 49836 
491.54 20000 49852 
497.9 20000 49868 
504.56 20000 49884 
510.98 20000 49899 
517.37 20000 49915 
523.76 20000 49931 
530.07 20000 49946 
535.97 20000 49962 
542 20000 49978 
548.17 20000 49994 
554.49 20000 50009 
560.46 20000 50025 
565.95 20000 50041 
570.97 20000 50056 
576.68 20000 50072 
582.51 20000 50088 
588.5 20000 50104 
594.39 20000 50119 
600.83 20000 50135 
607.57 20000 50151 
614.03 20000 50166 
619.68 20000 50182 
625.34 20000 50198 
630.75 20000 50214 
636.29 20000 50229 
641.81 20000 50245 
647.85 20000 50261 
654.1 20000 50276 
660.35 20000 50292 
666.54 20000 50308 
672.82 20000 50324 
678.13 20000 50339 
683.53 20000 50355 
689.58 20000 50371 
696.02 20000 50386 
702.62 20000 50402 
709.54 20000 50418 
715.91 20000 50434 
722.11 20000 50449 
728.31 20000 50465 
734.13 20000 50481 
740.19 20000 50497 
746.77 20000 50512 
752.79 20000 50528 
758.38 20000 50544 
764.2 20000 50559 
769.31 20000 50575 
774.1 20000 50591 
778.64 20000 50607 
783.37 20000 50622 
788.44 20000 50638 
793.78 20000 50654 
799.01 20000 50669 
804.31 20000 50685 
809.66 20000 50701 
814.73 20000 50717 
819.58 20000 50732 
824.6 20000 50748 
829.97 20000 50764 
835.53 20000 50779 
840.49 20000 50795 
846.11 20000 50811 
851.85 20000 50827 
857.57 20000 50842 
862.98 20000 50858 
868.73 20000 50874 
874.42 20000 50889 
880.13 20000 50905 
885.81 20000 50921 
891.57 20000 50937 
896.56 20000 50952 
902.11 20000 50968 
907.39 20000 50984 
912.56 20000 50999 
917.71 20000 51015 
923.47 20000 51031 
929.11 20000 51047 
935.15 20000 51062 
941.05 20000 51078 
946.78 20000 51094 
951.97 20000 51109 
957.2 20000 51125 
962.71 20000 51141 
967.9 20000 51157 
972.96 20000 51172 
977.88 20000 51188 
983.08 20000 51204 
988.5 20000 51219 
993.91 20000 51235 
999.66 20000 51251 
1005.47 20000 51267 
1011.03 20000 51282 
1016.34 20000 51298 
1021.8 20000 51314 
1027.41 20000 51330 
1033.25 20000 51345 
1038.85 20000 51361 
1044.08 20000 51377 
1049.65 20000 51392 
1055.15 20000 51408 
1060.61 20000 51424 
1065.98 20000 51440 
1071.33 20000 51455 
1077 20000 51471 
1082.34 20000 51487 
1087.19 20000 51502 
1092.2 20000 51518 
1097.39 20000 51534 
1102.93 20000 51550 
1108 20000 51565 
1113.09 20000 51581 
1118.18 20000 51597 
1123.06 20000 51612 
1128.12 20000 51628 
1133.54 20000 51644 
1138.6 20000 51660 
1143.6 20000 51675 
1148.69 20000 51691 
1153.83 20000 51707 
1158.69 20000 51722 
1164.27 20000 51738 
1169.74 20000 51754 
1175.26 20000 51770 
1181.06 20000 51785 
1186.99 20000 51801 
1192.44 20000 51817 
1197.77 20000 51833 
1202.82 20000 51848 
1207.75 20000 51864 
1213.27 20000 51880 
1218.92 20000 51895 
1224.08 20000 51911 
1229.62 20000 51927 
1234.99 20000 51942 
1240.3 20000 51958 
1245.32 20000 51974 
1250.48 20000 51990 
1255.7 20000 52005 
1261.12 20000 52021 
1266.24 20000 52037 
1271.85 20000 52052 
1277.3 20000 52068 
1282.31 20000 52084 
1287.48 20000 52100 
1292.98 20000 52115 
1298.6 20000 52131 
1304.51 20000 52147 
1310.43 20000 52163 
1315.95 20000 52178 
1320.99 20000 52194 
1326.44 20000 52210 
1332.13 20000 52225 
1337.3 20000 52241 
1342.1 20000 52257 
1346.86 20000 52273 
1352.04 20000 52288 
1357.18 20000 52304 
1362.25 20000 52320 
1367.27 20000 52335 
1372.86 20000 52351 
1378.05 20000 52367 
1383.08 20000 52383 
1388.27 20000 52398 
1393.66 20000 52414 
1398.74 20000 52430 
1403.87 20000 52445 
1408.79 20000 52461 
1413.81 20000 52477 
1418.65 20000 52493 
1424.03 20000 52508 
1429.35 20000 52524 
1434.93 20000 52540 
1440.12 20000 52555 
1445.27 20000 52571 
1450.17 20000 52587 
1455.51 20000 52603 
1461.18 20000 52618 
1466.61 20000 52634 
1471.8 20000 52650 
1477.23 20000 52665 
1482.76 20000 52681 
1488.32 20000 52697 
1493.87 20000 52713 
1499.66 20000 52728 
1505.35 20000 52744 
1511.26 20000 52760 
1516.92 20000 52775 
1522.67 20000 52791 
1528.26 20000 52807 
1533.97 20000 52822 
1539.56 20000 52838 
1545.24 20000 52854 
1550.84 20000 52870 
1556.23 20000 52885 
1561.93 20000 52901 
1567.57 20000 52917 
1573.34 20000 52933 
1579.36 20000 52948 
1585.37 20000 52964 
1591.14 20000 52980 
1597.35 20000 52995 
1603.32 20000 53011 
1609.17 20000 53027 
1614.93 20000 53043 
1620.66 20000 53058 
1626.58 20000 53074 
1632.34 20000 53090 
1638.25 20000 53105 
1644.1 20000 53121 
1649.93 20000 53137 
1655.93 20000 53153 
1661.62 20000 53168 
1667.48 20000 53184 
1673.03 20000 53200 
1678.95 20000 53215 
1684.87 20000 53231 
1690.73 20000 53247 
1696.49 20000 53263 
1702.46 20000 53278 
1708.24 20000 53294 
1714.73 20000 53310 
1721.1 20000 53325 
1727.53 20000 53341 
1733.62 20000 53357 
1739.61 20000 53373 
1745.78 20000 53388 
1752.38 20000 53404 
1758.84 20000 53420 
1765.49 20000 53435 
1771.86 20000 53451 
1778.39 20000 53467 
1784.89 20000 53483 
1791.83 20000 53498 
1798.25 20000 53514 
1804.68 20000 53530 
1811.03 20000 53545 
1817.98 20000 53561 
1824.62 20000 53577 
1831.2 20000 53593 
1837.79 20000 53608 
1845.29 20000 53624 
1852.63 20000 53640 
1859.87 20000 53655 
1866.98 20000 53671 
1874.45 20000 53687 
1881.58 20000 53703 
1888.41 20000 53718 
1895.2 20000 53734 
1901.9 20000 53750 
1908.44 20000 53765 
1915.39 20000 53781 
1921.98 20000 53797 
1928.49 20000 53813 
1935.64 20000 53828 
1942.59 20000 53844 
1949.48 20000 53860 
1956.27 20000 53876 
1963.12 20000 53891 
1970.03 20000 53907 
1976.65 20000 53923 
1983.11 20000 53938 
1990.15 20000 53954 
1997.54 20000 53970 
2004.38 20000 53986 
2010.94 20000 54001 
2017.99 20000 54017 
2024.51 20000 54033 
2031.05 20000 54048 
2037.43 20000 54064 
2044.72 20000 54080 
2052.56 20000 54096 
2060.25 20000 54111 
2067.55 20000 54127 
2074.87 20000 54143 
2082.1 20000 54158 
2089.48 20000 54174 
2096.48 20000 54190 
2103.85 20000 54206 
2111.38 20000 54221 
2118.96 20000 54237 
2126.34 20000 54253 
2134.15 20000 54268 
2141.34 20000 54284 
2149.11 20000 54300 
2157.13 20000 54316 
2165.12 20000 54331 
2172.66 20000 54347 
2180.18 20000 54363 
2187.84 20000 54378 
2195.85 20000 54394 
2203.45 20000 54410 
2211.38 20000 54426 
2219.15 20000 54441 
2227.2 20000 54457 
2234.93 20000 54473 
2242.81 20000 54489 
2250.44 20000 54504 
2258.75 20000 54520 
2266.73 20000 54536 
2274.52 20000 54551 
2282.06 20000 54567 
2290.73 20000 54583 
2299.18 20000 54599 
2307.47 20000 54614 
2315.79 20000 54630 
2324.2 20000 54646 
2332.6 20000 54661 
2341.39 20000 54677 
2349.92 20000 54693 
2359.79 20000 54709 
2370.75 20000 54724 
2380.83 20000 54740 
2389.82 20000 54756 
2398.24 20000 54771 
2406.74 20000 54787 
2415.05 20000 54803 
2423.58 20000 54819 
2432.89 20000 54834 
2442.14 20000 54850 
2450.86 20000 54866 
2459.59 20000 54881 
2468.13 20000 54897 
2476.84 20000 54913 
2485.47 20000 54929 
2494.12 20000 54944 
2502.03 20000 54960 
2510.15 20000 54976 
2518.62 20000 54991 
2527.63 20000 55007 
2536.84 20000 55023 
2546.47 20000 55039 
2555.75 20000 55054 
2564.91 20000 55070 
2574.21 20000 55086 
2583.79 20000 55102 
2593 20000 55117 
2602.71 20000 55133 
2612.38 20000 55149 
2622.04 20000 55164 
2631.48 20000 55180 
2641.39 20000 55196 
2650.94 20000 55212 
2661.15 20000 55227 
2671.57 20000 55243 
2682.05 20000 55259 
2692.2 20000 55274 
2703.07 20000 55290 
2713.39 20000 55306 
2723.72 20000 55322 
2733.59 20000 55337 
2743.81 20000 55353 
2753.51 20000 55369 
2763.71 20000 55384 
2774.1 20000 55400 
2785 20000 55416 
2795.62 20000 55432 
2806.18 20000 55447 
2816.26 20000 55463 
2827 20000 55479 
2837.57 20000 55494 
2848.06 20000 55510 
2858.3 20000 55526 
2869.12 20000 55542 
2879.7 20000 55557 
2890.44 20000 55573 
2901.1 20000 55589 
2912.12 20000 55604 
2923.72 20000 55620 
2935.07 20000 55636 
2946.31 20000 55652 
2957.45 20000 55667 
2968.78 20000 55683 
2980.41 20000 55699 
2991.61 20000 55714 
3002.74 20000 55730 
3014 20000 55746 
3025.13 20000 55762 
3036.21 20000 55777 
3047.5 20000 55793 
3059.58 20000 55809 
3071.68 20000 55824 
3083.54 20000 55840 
3095.33 20000 55856 
3107.64 20000 55872 
3120.03 20000 55887 
3133.16 20000 55903 
3146.09 20000 55919 
3159.06 20000 55934 
3171.54 20000 55950 
3183.69 20000 55966 
3195.64 20000 55982 
3208.23 20000 55997 
3220.82 20000 56013 
3233.53 20000 56029 
3245.35 20000 56045 
3257.72 20000 56060 
3269.82 20000 56076 
3282.19 20000 56092 
3294.4 20000 56107 
3307.58 20000 56123 
3320.38 20000 56139 
3333.6 20000 56155 
3346.66 20000 56170 
3359.87 20000 56186 
3373.28 20000 56202 
3387.07 20000 56217 
3400.45 20000 56233 
3414.29 20000 56249 
3428.18 20000 56265 
3442.54 20000 56280 
3456.03 20000 56296 
3469.79 20000 56312 
3483.22 20000 56327 
3497.33 20000 56343 
3511.18 20000 56359 
3525.07 20000 56375 
3538.76 20000 56390 
3552.53 20000 56406 
3566.02 20000 56422 
3579.67 20000 56438 
3593.34 20000 56453 
3607.13 20000 56469 
3620.74 20000 56485 
3634.21 20000 56500 
3647.52 20000 56516 
3661.37 20000 56532 
3675.2 20000 56548 
3688.96 20000 56563 
3702.73 20000 56579 
3716.6 20000 56595 
3731.16 20000 56610 
3745.97 20000 56626 
3760.36 20000 56642 
3774.87 20000 56658 
3789.71 20000 56673 
3804.27 20000 56689 
3819.04 20000 56705 
3833.41 20000 56721 
3848.43 20000 56736 
3863.95 20000 56752 
3879.35 20000 56768 
3894.56 20000 56783 
3910.47 20000 56799 
3926.06 20000 56815 
3941.47 20000 56831 
3956.72 20000 56846 
3972.35 20000 56862 
3988.05 20000 56878 
4003.87 20000 56893 
4018.92 20000 56909 
4034.2 20000 56925 
4049.03 20000 56941 
4064.19 20000 56956 
4079.14 20000 56972 
4094.73 20000 56988 
4109.82 20000 57003 
4125.6 20000 57019 
4140.9 20000 57035 
4155.87 20000 57051 
4170.45 20000 57066 
4185.77 20000 57082 
4200.86 20000 57098 
4216.24 20000 57114 
4231.18 20000 57129 
4246.26 20000 57145 
4261.19 20000 57161 
4276.93 20000 57176 
4291.97 20000 57192 
4307.08 20000 57208 
4322.3 20000 57224 
4337.78 20000 57239 
4353.13 20000 57255 
4369.24 20000 57271 
4385.75 20000 57286 
4402.51 20000 57302 
4417.84 20000 57318 
4432.32 20000 57334 
4446.38 20000 57349 
4461.54 20000 57365 
4476.91 20000 57381 
4492.49 20000 57396 
4508.97 20000 57412 
4525.87 20000 57428 
4541.57 20000 57444 
4557.28 20000 57459 
4573.02 20000 57475 
4589.25 20000 57491 
4605.66 20000 57506 
4621.88 20000 57522 
4638.56 20000 57538 
4655.32 20000 57554 
4672.11 20000 57569 
4687.99 20000 57585 
4704.09 20000 57601 
4720.74 20000 57616 
4737.91 20000 57632 
4754.48 20000 57648 
4770.96 20000 57664 
4786.98 20000 57679 
4803.59 20000 57695 
4819.71 20000 57711 
4836.28 20000 57726 
4852.84 20000 57742 
4869.72 20000 57758 
4885.81 20000 57774 
4902.38 20000 57789 
4918.95 20000 57805 
4936.16 20000 57821 
4952.56 20000 57836 
4968.8 20000 57852 
4984.28 20000 57868 
5001.46 20000 57884 
5018.72 20000 57899 
5037.2 20000 57915 
5055.7 20000 57931 
5074.84 20000 57946 
5092.94 20000 57962 
5111.22 20000 57978 
5129.18 20000 57994 
5147.5 20000 58009 
5164.95 20000 58025 
5182.81 20000 58041 
5200.65 20000 58057 
5219.59 20000 58072 
5238.1 20000 58088 
5256.34 20000 58104 
5273.71 20000 58119 
5292.04 20000 58135 
5310.14 20000 58151 
5328.58 20000 58167 
5346.43 20000 58182 
5365.01 20000 58198 
5383.29 20000 58214 
5401.12 20000 58229 
5419 20000 58245 
5437.53 20000 58261 
5456.32 20000 58277 
5475.06 20000 58292 
5493.28 20000 58308 
5511.44 20000 58324 
5529.25 20000 58340 
5547.11 20000 58355 
5564.73 20000 58371 
5582.25 20000 58387 
5600.78 20000 58402 
5618.84 20000 58418 
5637.1 20000 58434 
5655.36 20000 58450 
5673.77 20000 58465 
5692.69 20000 58481 
5712.41 20000 58497 
5732.44 20000 58512 
5752.84 20000 58528 
5771.86 20000 58544 
5791.21 20000 58560 
5810.91 20000 58575 
5830.72 20000 58591 
5849.29 20000 58607 
5868.69 20000 58623 
5887.63 20000 58638 
5907.07 20000 58654 
5925.79 20000 58670 
5944.66 20000 58685 
5963.35 20000 58701 
5982.77 20000 58717 
6001.68 20000 58733 
6020.98 20000 58748 
6040.2 20000 58764 
6059.64 20000 58780 
6078.45 20000 58795 
6098.53 20000 58811 
6118.37 20000 58827 
6138.74 20000 58843 
6157.94 20000 58858 
6177.88 20000 58874 
6197.4 20000 58890 
6217.1 20000 58906 
6236.48 20000 58921 
6256.16 20000 58937 
6275.28 20000 58953 
6295.76 20000 58968 
6315.95 20000 58984 
6335.3 20000 59000 
6354.57 20000 59016 
6375.09 20000 59031 
6395.38 20000 59047 
6415.92 20000 59063 
6436.43 20000 59078 
6457.81 20000 59094 
6478.92 20000 59110 
6500.23 20000 59126 
6521.04 20000 59141 
6542.26 20000 59157 
6563.28 20000 59173 
6584.13 20000 59189 
6605.04 20000 59204 
6626.26 20000 59220 
6647.65 20000 59236 
6668.82 20000 59251 
6690.34 20000 59267 
6712.72 20000 59283 
6734.57 20000 59299 
6755.87 20000 59314 
6777.97 20000 59330 
6800.77 20000 59346 
6823.57 20000 59361 
6845.2 20000 59377 
6867.12 20000 59393 
6889.09 20000 59409 
6911.39 20000 59424 
6932.57 20000 59440 
6954.06 20000 59456 
6975.73 20000 59472 
6998.15 20000 59487 
7020.12 20000 59503 
7042.11 20000 59519 
7063.53 20000 59534 
7086.3 20000 59550 
7108.35 20000 59566 
7130.54 20000 59582 
7152.29 20000 59597 
7174.76 20000 59613 
7196.74 20000 59629 
7218.57 20000 59644 
7240.11 20000 59660 
7262.73 20000 59676 
7284.49 20000 59692 
7306.55 20000 59707 
7327.88 20000 59723 
7350.34 20000 59739 
7371.83 20000 59755 
7393.54 20000 59770 
7415.36 20000 59786 
7438.72 20000 59802 
7461.11 20000 59817 
7483.63 20000 59833 
7505.64 20000 59849 
7528.85 20000 59865 
7551.89 20000 59880 
7575.37 20000 59896 
7599.03 20000 59912 
7623.08 20000 59927 
7645.93 20000 59943 
7668.32 20000 59959 
7690.55 20000 59975 
7713.83 20000 59990 
7736.97 20000 60006 
7759.63 20000 60022 
7782.27 20000 60038 
7804.99 20000 60053 
7826.48 20000 60069 
7847.93 20000 60085 
7869.29 20000 60100 
7891.62 20000 60116 
7913.42 20000 60132 
7935.08 20000 60148 
7956.86 20000 60163 
7979.02 20000 60179 
8001.43 20000 60195 
8023.55 20000 60211 
8045.63 20000 60226 
8067.8 20000 60242 
8090.84 20000 60258 
8113.67 20000 60273 
8136.89 20000 60289 
8159.71 20000 60305 
8182.81 20000 60321 
8205.41 20000 60336 
8228.05 20000 60352 
8250 20000 60368 
8272.03 20000 60383 
8293.26 20000 60399 
8315.41 20000 60415 
8337.71 20000 60431 
8360.77 20000 60446 
8382.66 20000 60462 
8405.35 20000 60478 
8427.65 20000 60494 
8450.68 20000 60509 
8472.91 20000 60525 
8495.92 20000 60541 
8518.83 20000 60556 
8542.05 20000 60572 
8564.48 20000 60588 
8587.75 20000 60604 
8609.53 20000 60619 
8629.95 20000 60635 
8649.63 20000 60651 
8672.5 20000 60667 
8695.35 20000 60682 
8718.41 20000 60698 
8739.62 20000 60714 
8762.11 20000 60729 
8784.39 20000 60745 
8807.89 20000 60761 
8831.2 20000 60777 
8855.74 20000 60792 
8879.71 20000 60808 
8904.06 20000 60824 
8927.2 20000 60840 
8950.99 20000 60855 
8974.94 20000 60871 
8998.98 20000 60887 
9022.54 20000 60902 
9046.62 20000 60918 
9071.62 20000 60934 
9097.02 20000 60950 
9121.65 20000 60965 
9145.75 20000 60981 
9170.64 20000 60997 
9196.33 20000 61013 
9221.32 20000 61028 
9245.03 20000 61044 
9268.85 20000 61060 
9292.01 20000 61075 
9313.86 20000 61091 
9334.35 20000 61107 
9355.13 20000 61123 
9377.8 20000 61138 
9400.87 20000 61154 
9414.62 20000 61170 
9428.4 20000 61185 
9456.68 20000 61201 
9483.21 20000 61217 
9506.71 20000 61233 
9531.69 20000 61248 
9557.41 20000 61264 
9583.21 20000 61280 
9607.08 20000 61296 
9632.9 20000 61311 
9659.51 20000 61327 
9686.75 20000 61343 
9712.61 20000 61358 
9739.34 20000 61374 
9766.6 20000 61390 
9794.79 20000 61406 
9820.12 20000 61421 
9844.82 20000 61437 
9870.66 20000 61453 
9897.42 20000 61469 
9922.3 20000 61484 
9946.74 20000 61500 
9971.82 20000 61516 
9998.83 20000 61531 
10022.22 20000 61547 
10043.93 20000 61563 
10069.73 20000 61579 
10097.2 20000 61594 
10122.65 20000 61610 
10147.4 20000 61626 
10173.18 20000 61642 
10200.2 20000 61657 
10226.45 20000 61673 
10252.36 20000 61689 
10278.64 20000 61704 
10306.81 20000 61720 
10334.14 20000 61736 
10361.83 20000 61752 
10389.83 20000 61767 
10418.65 20000 61783 
10447.29 20000 61799 
10475.08 20000 61815 
10502.45 20000 61830 
10530.64 20000 61846 
10557.94 20000 61862 
10585.33 20000 61877 
10613.36 20000 61893 
10642.12 20000 61909 
10670.2 20000 61925 
10697.92 20000 61940 
10726.3 20000 61956 
10754.87 20000 61972 
10783.71 20000 61988 
10812.6 20000 62003 
10842.38 20000 62019 
10871.71 20000 62035 
10900.89 20000 62050 
10928.89 20000 62066 
10957.52 20000 62082 
10985.9 20000 62098 
11014.5 20000 62113 
11042.62 20000 62129 
11071.8 20000 62145 
11100.66 20000 62161 
11129.65 20000 62176 
11158.01 20000 62192 
11188.52 20000 62208 
11218.45 20000 62223 
11248.6 20000 62239 
11278.68 20000 62255 
11310.06 20000 62271 
11340.95 20000 62286 
11371.77 20000 62302 
11401.18 20000 62318 
11430.99 20000 62334 
11460.24 20000 62349 
11490.86 20000 62365 
11520.69 20000 62381 
11551.33 20000 62396 
11581.45 20000 62412 
11612.61 20000 62428 
11642.66 20000 62444 
11673.37 20000 62459 
11703.53 20000 62475 
11734.54 20000 62491 
11764.88 20000 62506 
11795.96 20000 62522 
11826.33 20000 62538 
11857.67 20000 62554 
11888.4 20000 62569 
11918.44 20000 62585 
11949 20000 62601 
11981.88 20000 62617 
12012.92 20000 62632 
12042.59 20000 62648 
12071.57 20000 62664 
12101.15 20000 62679 
12130.19 20000 62695 
12159.45 20000 62711 
12189.83 20000 62727 
12220.83 20000 62742 
12251.92 20000 62758 
12283.12 20000 62774 
12314.6 20000 62790 
12346.79 20000 62805 
12379.19 20000 62821 
12410.24 20000 62837 
12441.53 20000 62852 
12472.29 20000 62868 
12502.78 20000 62884 
12532.18 20000 62900 
12562.28 20000 62915 
12593.21 20000 62931 
12625.53 20000 62947 
12656.87 20000 62962 
12688.49 20000 62978 
12719.51 20000 62994 
12751.92 20000 63010 
12784.08 20000 63025 
12817.39 20000 63041 
12850.44 20000 63057 
12884.26 20000 63073 
12916.92 20000 63088 
12949.57 20000 63104 
12980.69 20000 63120 
13012.2 20000 63135 
13042.47 20000 63151 
13074.25 20000 63167 
13105.34 20000 63183 
13136.03 20000 63198 
13165.02 20000 63214 
13195.32 20000 63230 
13224.79 20000 63246 
13253.47 20000 63261 
13281.28 20000 63277 
13311.35 20000 63293 
13341.79 20000 63308 
13372.77 20000 63324 
13402.85 20000 63340 
13434.45 20000 63356 
13466.13 20000 63371 
13498.57 20000 63387 
13529.43 20000 63403 
13560.96 20000 63419 
13592.21 20000 63434 
13623.28 20000 63450 
13653.35 20000 63466 
13684.41 20000 63481 
13715.5 20000 63497 
13746.66 20000 63513 
13777.97 20000 63529 
13810.8 20000 63544 
13843.26 20000 63560 
13875.69 20000 63576 
13906.68 20000 63591 
13936.14 20000 63607 
13965.13 20000 63623 
13993.54 20000 63639 
14021.61 20000 63654 
14051.9 20000 63670 
14083.13 20000 63686 
14113.59 20000 63702 
14144.19 20000 63717 
14176.04 20000 63733 
14208.15 20000 63749 
14239.98 20000 63764 
14271.61 20000 63780 
14302.02 20000 63796 
14333.3 20000 63812 
14364.95 20000 63827 
14396.44 20000 63843 
14427.28 20000 63859 
14459.62 20000 63875 
14492.26 20000 63890 
14525.01 20000 63906 
14555.38 20000 63922 
14586.64 20000 63937 
14619.51 20000 63953 
14652.98 20000 63969 
14684.99 20000 63985 
14718.01 20000 64000 
14751.46 20000 64016 
14785.33 20000 64032 
14816.32 20000 64048 
14846.49 20000 64063 
14878.52 20000 64079 
14912.06 20000 64095 
14941.15 20000 64110 
14974.79 20000 64126 
15010.48 20000 64142 
15047.05 20000 64158 
15080.88 20000 64173 
15115.59 20000 64189 
15150.5 20000 64205 
15186.3 20000 64220 
15219.42 20000 64236 
15252.64 20000 64252 
15286.9 20000 64268 
15322.39 20000 64283 
15355.3 20000 64299 
15387.62 20000 64315 
15420.41 20000 64331 
15453.97 20000 64346 
15484.92 20000 64362 
15515.12 20000 64378 
15546.61 20000 64394 
15581.11 20000 64409 
15614.3 20000 64425 
15647.13 20000 64441 
15681.08 20000 64456 
15717.09 20000 64472 
15751.98 20000 64488 
15785.93 20000 64504 
15821.03 20000 64519 
15857.31 20000 64535 
15892.45 20000 64551 
15926.57 20000 64567 
15961.8 20000 64582 
15998.68 20000 64598 
16034.54 20000 64614 
16068.99 20000 64629 
16105.09 20000 64645 
16142.74 20000 64661 
16181.36 20000 64677 
16219.19 20000 64692 
16257.46 20000 64708 
16296.69 20000 64724 
16336.58 20000 64740 
16374.65 20000 64755 
16412.4 20000 64771 
16449.48 20000 64787 
16487.87 20000 64802 
16526.13 20000 64818 
16565.41 20000 64834 
16603.83 20000 64850 
16643.3 20000 64865 
16682.61 20000 64881 
16723.36 20000 64897 
16762.62 20000 64913 
16803.72 20000 64928 
16845.32 20000 64944 
16887.86 20000 64960 
16928.3 20000 64975 
16968.94 20000 64991 
17007.71 20000 65007 
17047.53 20000 65023 
17087.46 20000 65038 
17128.3 20000 65054 
17167.88 20000 65070 
17209.2 20000 65086 
17250.56 20000 65101 
17293.15 20000 65117 
17334.29 20000 65133 
17375.3 20000 65148 
17415.89 20000 65164 
17456.78 20000 65180 
17497.23 20000 65196 
17540.61 20000 65211 
17583.99 20000 65227 
17627.07 20000 65243 
17670.92 20000 65259 
17715.9 20000 65274 
17757.62 20000 65290 
17797.14 20000 65306 
17836.03 20000 65321 
17876.39 20000 65337 
17918.34 20000 65353 
17960.66 20000 65369 
18002.09 20000 65384 
18043.74 20000 65400 
18086.19 20000 65416 
18128.11 20000 65432 
18170.71 20000 65447 
18212.56 20000 65463 
18255.67 20000 65479 
18298.84 20000 65494 
18342.19 20000 65510 
18384.87 20000 65526 
18428.44 20000 65542 
18471.28 20000 65557 
18514.6 20000 65573 
18556.08 20000 65589 
18598.73 20000 65604 
18640.79 20000 65620 
18684.72 20000 65636 
18728.31 20000 65652 
18773.12 20000 65667 
7 20000 65683 
18863.62 20000 65699 
18907.74 20000 65715 
18951.86 20000 65730 
18994.37 20000 65746 
19038.68 20000 65762 
19082.06 20000 65778 
19126.49 20000 65793 
19171.34 20000 65809 
19217.44 20000 65825 
19261.56 20000 65840 
19306.65 20000 65856 
19351.61 20000 65872 
19396.96 20000 65888 
19441 20000 65903 
19485.2 20000 65919 
19528.18 20000 65935 
19571.72 20000 65951 
19612.42 20000 65966 
19652.54 20000 65982 
19692.99 20000 65998 
19735.17 20000 66013 
19776.3 20000 66029 
19819.37 20000 66045 
19862.96 20000 66061 
19908.02 20000 66076 
19952.94 20000 66092 
19998.38 20000 66108 
20044.16 20000 66124 
20091.51 20000 66139 
20137.73 20000 66140 
20160.2 20000 66140 
20120.87 20000 66140 
20065.56 20000 66140 
20018.65 20000 66140 
19976.86 20000 66140 
19938.29 20000 66140 
19896.79 20000 66140 
19840.67 20000 66140 
19800.2 20000 66140 
19770.5 20000 66140 
19741.78 20000 66140 
19713.69 20000 66140 
19686.31 20000 66140 
19659.3 20000 66140 
19633.54 20000 66140 
19608.49 20000 66140 
19584 20000 66140 
19560 20000 66140 
19536.31 20000 66140 
19513.65 20000 66140 
19491.26 20000 66140 
19469.22 20000 66140 
19447.78 20000 66140 
19426.69 20000 66140 
19405.8 20000 66140 
19385.45 20000 66140 
19365.44 20000 66140 
19345.72 20000 66140 
19326.26 20000 66140 
19307.58 20000 66140 
19289.64 20000 66140 
19271.77 20000 66140 
19254.46 20000 66140 
19236.99 20000 66140 
19218.76 20000 66140 
19200.35 20000 66140 
19182.44 20000 66140 
19165.15 20000 66140 
19147.93 20000 66140 
19130.95 20000 66140 
19114.47 20000 66140 
19098.54 20000 66140 
19082.6 20000 66140 
19066.48 20000 66140 
19050.72 20000 66140 
19034.82 20000 66140 
19019 20000 66140 
19003.18 20000 66140 
18987.65 20000 66140 
18972.26 20000 66140 
18956.79 20000 66140 
18941.28 20000 66140 
18925.91 20000 66140 
18911.01 20000 66140 
18896.26 20000 66140 
18881.75 20000 66140 
18867.75 20000 66140 
18853.52 20000 66140 
18839.38 20000 66140 
18825.59 20000 66140 
18811.78 20000 66140 
18798.41 20000 66140 
18785.23 20000 66140 
18771.66 20000 66140 
18758.13 20000 66140 
18744.96 20000 66140 
18731.95 20000 66140 
18719.11 20000 66140 
18706.6 20000 66140 
18693.99 20000 66140 
18681.35 20000 66140 
18668.77 20000 66140 
18656.16 20000 66140 
18643.77 20000 66140 
18631.48 20000 66140 
18619.58 20000 66140 
18607.65 20000 66140 
18595.36 20000 66140 
18583.17 20000 66140 
18571.49 20000 66140 
18560.03 20000 66140 
