386.97 20000 49685 
386.63 20000 49685 
386.03 20000 49685 
385.65 20000 49685 
385.41 20000 49685 
385.3 20000 49685 
384.83 20000 49685 
384.67 20000 49685 
384.19 20000 49685 
383.7 20000 49685 
383.72 20000 49685 
383.82 20000 49685 
383.17 20000 49685 
383.07 20000 49685 
383.2 20000 49685 
382.87 20000 49685 
382.51 20000 49685 
382.22 20000 49685 
382.15 20000 49685 
381.78 20000 49685 
381.43 20000 49685 
381.47 20000 49685 
381.27 20000 49685 
380.95 20000 49685 
380.85 20000 49685 
381.31 20000 49685 
381.72 20000 49685 
381.82 20000 49685 
381.46 20000 49685 
381.26 20000 49685 
381.12 20000 49685 
381.47 20000 49685 
382.12 20000 49685 
381.74 20000 49685 
380.88 20000 49685 
380.77 20000 49685 
380.81 20000 49685 
380.52 20000 49685 
380.22 20000 49685 
379.81 20000 49685 
379.32 20000 49685 
379.44 20000 49685 
379.27 20000 49685 
378.97 20000 49685 
378.91 20000 49685 
378.66 20000 49685 
378.56 20000 49685 
378.17 20000 49685 
377.86 20000 49685 
377.54 20000 49685 
377.22 20000 49685 
377.35 20000 49685 
377.29 20000 49685 
376.99 20000 49685 
376.85 20000 49685 
376.62 20000 49685 
376.55 20000 49685 
376.38 20000 49685 
376.38 20000 49685 
376.35 20000 49685 
376.27 20000 49685 
376.25 20000 49685 
376.58 20000 49685 
376.55 20000 49685 
376.46 20000 49685 
376.63 20000 49685 
376.73 20000 49685 
376.13 20000 49685 
376.14 20000 49685 
376.23 20000 49685 
375.98 20000 49685 
376.11 20000 49685 
376.16 20000 49685 
376.42 20000 49685 
376.75 20000 49685 
376.61 20000 49685 
376.62 20000 49685 
376.52 20000 49685 
376.5 20000 49685 
376.77 20000 49685 
376.66 20000 49685 
376.39 20000 49685 
376.03 20000 49685 
375.63 20000 49685 
375.63 20000 49685 
375.48 20000 49685 
375.21 20000 49685 
374.95 20000 49685 
374.57 20000 49685 
374.33 20000 49685 
374.12 20000 49685 
374.14 20000 49685 
373.91 20000 49685 
373.48 20000 49685 
373.31 20000 49685 
373.14 20000 49685 
372.8 20000 49685 
372.81 20000 49685 
372.88 20000 49685 
372.45 20000 49685 
371.83 20000 49685 
373.19 20000 49843 
425.15 20000 50005 
628.01 20000 50025 
839.38 20000 50041 
906.82 20000 50056 
922.4 20000 50072 
939.1 20000 50088 
957.7 20000 50103 
977.61 20000 50119 
999.07 20000 50135 
1020.5 20000 50151 
1042.2 20000 50166 
1063.69 20000 50182 
1085.71 20000 50198 
1108.21 20000 50214 
1130.93 20000 50229 
1155.22 20000 50245 
1179.65 20000 50261 
1203.61 20000 50276 
1227.3 20000 50292 
1251.7 20000 50308 
1276.97 20000 50324 
1301.33 20000 50339 
1325.74 20000 50355 
1350.32 20000 50371 
1374.72 20000 50387 
1399.77 20000 50402 
1424.8 20000 50418 
1449.67 20000 50434 
1473.71 20000 50449 
1497.93 20000 50465 
1522.77 20000 50481 
1547.86 20000 50497 
1572.39 20000 50512 
1595.38 20000 50528 
1619.89 20000 50544 
1644.9 20000 50559 
1669.14 20000 50575 
1692.81 20000 50591 
1717.2 20000 50607 
1742.8 20000 50622 
1767.71 20000 50638 
1792.28 20000 50654 
1816.13 20000 50670 
1840.8 20000 50685 
1864.58 20000 50701 
1888.99 20000 50717 
1912.5 20000 50732 
1936.62 20000 50748 
1961.76 20000 50764 
1986.81 20000 50780 
2010.14 20000 50795 
2033.51 20000 50811 
2057.55 20000 50827 
2082.29 20000 50843 
2105.84 20000 50858 
2129.64 20000 50874 
2153.75 20000 50890 
2177.94 20000 50905 
2200.36 20000 50921 
2223.79 20000 50937 
2247.78 20000 50953 
2271.78 20000 50968 
2294.84 20000 50984 
2318.53 20000 51000 
2342.82 20000 51016 
2367.16 20000 51031 
2390.84 20000 51047 
2416.95 20000 51063 
2443.66 20000 51078 
2470.1 20000 51094 
2496.45 20000 51110 
2523.17 20000 51126 
2549.88 20000 51141 
2576.32 20000 51157 
2601.91 20000 51173 
2628.07 20000 51189 
2654.67 20000 51204 
2680.24 20000 51220 
2705.1 20000 51236 
2730.54 20000 51251 
2757.08 20000 51267 
2783.93 20000 51283 
2809.84 20000 51299 
2835.2 20000 51314 
2860.63 20000 51330 
2886.08 20000 51346 
2911.83 20000 51361 
2936.97 20000 51377 
2962.82 20000 51393 
2988.77 20000 51409 
3014.37 20000 51424 
3039.75 20000 51440 
3065.36 20000 51456 
3090.98 20000 51472 
3116.36 20000 51487 
3140.75 20000 51503 
3164.98 20000 51519 
3189.12 20000 51534 
3213.58 20000 51550 
3237.5 20000 51566 
3261.92 20000 51582 
3285.58 20000 51597 
3310.1 20000 51613 
3334.39 20000 51629 
3359.66 20000 51645 
3385.02 20000 51660 
3409.71 20000 51676 
3434.09 20000 51692 
3459.26 20000 51707 
3482.24 20000 51723 
3504.8 20000 51739 
3526.7 20000 51755 
3549.61 20000 51770 
3571.3 20000 51786 
3593.51 20000 51802 
3615.46 20000 51817 
3637.84 20000 51833 
3659.57 20000 51849 
3682.71 20000 51865 
3705.37 20000 51880 
3728.47 20000 51896 
3750.94 20000 51912 
3774.31 20000 51928 
3797.62 20000 51943 
3821.24 20000 51959 
3844.41 20000 51975 
3868.07 20000 51990 
3891.84 20000 52006 
3916.35 20000 52022 
3940.81 20000 52038 
3964.45 20000 52053 
3987.36 20000 52069 
4011.06 20000 52085 
4035.02 20000 52101 
4058.69 20000 52116 
4081.68 20000 52132 
4104.45 20000 52148 
4127.26 20000 52163 
4149.8 20000 52179 
4172.3 20000 52195 
4194.79 20000 52211 
4217.83 20000 52226 
4240.7 20000 52242 
4263.76 20000 52258 
4285.73 20000 52274 
4306.87 20000 52289 
4327.19 20000 52305 
4347.73 20000 52321 
4368.52 20000 52336 
4390.49 20000 52352 
4411.86 20000 52368 
4434.53 20000 52384 
4456.78 20000 52399 
4479.21 20000 52415 
4500.65 20000 52431 
4522.17 20000 52447 
4543.19 20000 52462 
4564.72 20000 52478 
4585.67 20000 52494 
4607.22 20000 52509 
4628.28 20000 52525 
4649.96 20000 52541 
4670.85 20000 52557 
4693.92 20000 52572 
4716.89 20000 52588 
4739.49 20000 52604 
4761.38 20000 52620 
4784.51 20000 52635 
4805.58 20000 52651 
4826.63 20000 52667 
4847.05 20000 52682 
4868.03 20000 52698 
4888.82 20000 52714 
4911.23 20000 52730 
4932.88 20000 52745 
4955.43 20000 52761 
4977.46 20000 52777 
4999.94 20000 52793 
5021.76 20000 52808 
5044.5 20000 52824 
5066.27 20000 52840 
5088.13 20000 52855 
5110.03 20000 52871 
5132.79 20000 52887 
5154.26 20000 52903 
5176.23 20000 52918 
5198.16 20000 52934 
5220.19 20000 52950 
5241.66 20000 52966 
5262.82 20000 52981 
5283.62 20000 52997 
5304.86 20000 53013 
5326.01 20000 53028 
5346.64 20000 53044 
5367.62 20000 53060 
5388.66 20000 53076 
5409.06 20000 53091 
5428.74 20000 53107 
5448.66 20000 53123 
5468.41 20000 53139 
5489.06 20000 53154 
5509.59 20000 53170 
5530.38 20000 53186 
5550.82 20000 53201 
5571.34 20000 53217 
5590.93 20000 53233 
5610.23 20000 53249 
5628.91 20000 53264 
5648.49 20000 53280 
5668.14 20000 53296 
5688.34 20000 53312 
5708.15 20000 53327 
5729.32 20000 53343 
5749.55 20000 53359 
5769.85 20000 53374 
5789.4 20000 53390 
5809.3 20000 53406 
5827.84 20000 53422 
5847.62 20000 53437 
5867.91 20000 53453 
5889.41 20000 53469 
5909.28 20000 53484 
5929.83 20000 53500 
5949.98 20000 53516 
5971.07 20000 53532 
5990.54 20000 53547 
6010.56 20000 53563 
6030.27 20000 53579 
6051.57 20000 53595 
6071.56 20000 53610 
6090.94 20000 53626 
6109.43 20000 53642 
6128.7 20000 53657 
6146.83 20000 53673 
6164.11 20000 53689 
6180.84 20000 53705 
6198.89 20000 53720 
6216.28 20000 53736 
6233.96 20000 53752 
6251.13 20000 53767 
6269.21 20000 53783 
6286.98 20000 53799 
6304.42 20000 53815 
6321.78 20000 53830 
6339.6 20000 53846 
6357.22 20000 53862 
6374.17 20000 53878 
6390.23 20000 53893 
6407.41 20000 53909 
6425.22 20000 53925 
6442.5 20000 53940 
6459.87 20000 53956 
6478.31 20000 53972 
6497.2 20000 53988 
6515.03 20000 54003 
6531.59 20000 54019 
6548.8 20000 54035 
6567.55 20000 54050 
6585.73 20000 54066 
6603.96 20000 54082 
6622.63 20000 54098 
6641.05 20000 54113 
6657.42 20000 54129 
6672.95 20000 54145 
6688.96 20000 54161 
6706.68 20000 54176 
6724.42 20000 54192 
6742.24 20000 54208 
6759.26 20000 54223 
6777.42 20000 54239 
6795.67 20000 54255 
6815.65 20000 54271 
6835.36 20000 54286 
6855.35 20000 54302 
6873.79 20000 54318 
6892.58 20000 54334 
6911.17 20000 54349 
6930.25 20000 54365 
6947.87 20000 54381 
6966.22 20000 54396 
6983.76 20000 54412 
7001.77 20000 54428 
7017.7 20000 54444 
7034.65 20000 54459 
7052.16 20000 54475 
7070.29 20000 54491 
7086.43 20000 54507 
7103.81 20000 54522 
7121.65 20000 54538 
7140.4 20000 54554 
7157.24 20000 54569 
7174.55 20000 54585 
7191.81 20000 54601 
7210.31 20000 54617 
7227.73 20000 54632 
7245.05 20000 54648 
7262.6 20000 54664 
7281.48 20000 54680 
7299 20000 54695 
7316.36 20000 54711 
7332.89 20000 54727 
7348.81 20000 54742 
7363.97 20000 54758 
7379.34 20000 54774 
7395.87 20000 54790 
7414.14 20000 54805 
7433.63 20000 54821 
7454.53 20000 54837 
7474.65 20000 54853 
7494.57 20000 54868 
7514.23 20000 54884 
7532.74 20000 54900 
7550.68 20000 54915 
7569.03 20000 54931 
7588.1 20000 54947 
7606.04 20000 54963 
7622.25 20000 54978 
7637.95 20000 54994 
7657.2 20000 55010 
7676.31 20000 55026 
7695.19 20000 55041 
7713.57 20000 55057 
7731.77 20000 55073 
7749.33 20000 55088 
7767.43 20000 55104 
7785.81 20000 55120 
7805.8 20000 55136 
7823.99 20000 55151 
7842.59 20000 55167 
7860.45 20000 55183 
7880.04 20000 55198 
7898.74 20000 55214 
7917.08 20000 55230 
7934.15 20000 55246 
7952.43 20000 55261 
7970.01 20000 55277 
7987.92 20000 55293 
8004.72 20000 55309 
8022.94 20000 55324 
8040.87 20000 55340 
8059.9 20000 55356 
8078.13 20000 55371 
8097.82 20000 55387 
8116.86 20000 55403 
8135.35 20000 55419 
8153.26 20000 55434 
8173.1 20000 55450 
8191.3 20000 55466 
8208.93 20000 55482 
8225.85 20000 55497 
8245.85 20000 55513 
8265.83 20000 55529 
8285.3 20000 55544 
8304.03 20000 55560 
8324.21 20000 55576 
8343.39 20000 55592 
8362.28 20000 55607 
8380.67 20000 55623 
8400.95 20000 55639 
8420.66 20000 55655 
8440.69 20000 55670 
8460.51 20000 55686 
8480.15 20000 55702 
8499.79 20000 55717 
8520.23 20000 55733 
8541.56 20000 55749 
8563.7 20000 55765 
8585.7 20000 55780 
8607.15 20000 55796 
8629.36 20000 55812 
8651.62 20000 55828 
8674.26 20000 55843 
8694.29 20000 55859 
8714.08 20000 55875 
8733.97 20000 55890 
8754.57 20000 55906 
8774.24 20000 55922 
8795.97 20000 55938 
8818.68 20000 55953 
8842.24 20000 55969 
8864.33 20000 55985 
8887.08 20000 56001 
8909.82 20000 56016 
8934.37 20000 56032 
8957.3 20000 56048 
8979.87 20000 56063 
9002.33 20000 56079 
9024.77 20000 56095 
9044.35 20000 56111 
9065.17 20000 56126 
9087.29 20000 56142 
9110.93 20000 56158 
9131.25 20000 56174 
9151.17 20000 56189 
9171.69 20000 56205 
9192.91 20000 56221 
9211.45 20000 56236 
9230.64 20000 56252 
9249.94 20000 56268 
9271.08 20000 56284 
9291.37 20000 56299 
9312.51 20000 56315 
9333.11 20000 56331 
9355.3 20000 56347 
9376.11 20000 56362 
9396.56 20000 56378 
9416.84 20000 56394 
9439.18 20000 56409 
9460.89 20000 56425 
9481.86 20000 56441 
9503 20000 56457 
9525.28 20000 56472 
9545.52 20000 56488 
9564.66 20000 56504 
9584.52 20000 56519 
9606.4 20000 56535 
9627.33 20000 56551 
9646.98 20000 56567 
9667.08 20000 56582 
9688.16 20000 56598 
9707.32 20000 56614 
9725.53 20000 56629 
9745.22 20000 56645 
9767.01 20000 56661 
9788.22 20000 56677 
9808.65 20000 56692 
9830.82 20000 56708 
9853.75 20000 56724 
9876.04 20000 56740 
9896.24 20000 56755 
9916.58 20000 56771 
9937.32 20000 56787 
9958.56 20000 56802 
9977.87 20000 56818 
9997.43 20000 56834 
10017.04 20000 56850 
10035.78 20000 56865 
10051.77 20000 56881 
10068.34 20000 56897 
10084.92 20000 56913 
10101.84 20000 56928 
10118.58 20000 56944 
10137.22 20000 56960 
10155.13 20000 56975 
10174.17 20000 56991 
10193.68 20000 57007 
10216.02 20000 57023 
10238.91 20000 57038 
10262.86 20000 57054 
10284.08 20000 57070 
10304.18 20000 57086 
10322.14 20000 57101 
10340.57 20000 57117 
10358.16 20000 57133 
10375.65 20000 57148 
10391.58 20000 57164 
10410.67 20000 57180 
10429.61 20000 57196 
10449.17 20000 57211 
10469.39 20000 57227 
10491.3 20000 57243 
10512.07 20000 57258 
10533.38 20000 57274 
10553.93 20000 57290 
10575.16 20000 57306 
10594.34 20000 57321 
10614.44 20000 57337 
10634.36 20000 57353 
10655.69 20000 57368 
10676.8 20000 57384 
10700.07 20000 57400 
10724 20000 57416 
10747.65 20000 57431 
10767.89 20000 57447 
10786.68 20000 57463 
10804.79 20000 57479 
10822.18 20000 57494 
10837.72 20000 57510 
10856.45 20000 57526 
10875.98 20000 57541 
10896.86 20000 57557 
10916.75 20000 57573 
10931.76 20000 57589 
10948.7 20000 57604 
10968.55 20000 57620 
10989.85 20000 57636 
11010.4 20000 57652 
11031.44 20000 57667 
11053.12 20000 57683 
11075.91 20000 57699 
11095.18 20000 57714 
11113.89 20000 57730 
11138.86 20000 57746 
11165.7 20000 57762 
11188.94 20000 57777 
11210.82 20000 57793 
11234.03 20000 57809 
11258.06 20000 57824 
11277.75 20000 57840 
11296.39 20000 57856 
11317.67 20000 57872 
11342.24 20000 57887 
11361.63 20000 57903 
11366.9 20000 57919 
11375.72 20000 57935 
11406.09 20000 57950 
11429.41 20000 57966 
11449.58 20000 57982 
11470.69 20000 57997 
11493.34 20000 58013 
11511.85 20000 58029 
11529.99 20000 58045 
11550.13 20000 58060 
11573.89 20000 58076 
11594.08 20000 58092 
11613.48 20000 58107 
11635.61 20000 58123 
11661.95 20000 58139 
11686.64 20000 58155 
11710.88 20000 58170 
11736.47 20000 58186 
11764.65 20000 58202 
11790.1 20000 58218 
11814.1 20000 58233 
11838.78 20000 58249 
11866.76 20000 58265 
11892.77 20000 58280 
11913.94 20000 58296 
11935.79 20000 58312 
11963.85 20000 58328 
11991 20000 58343 
12015.52 20000 58359 
12039.68 20000 58375 
12065.46 20000 58390 
12090.44 20000 58406 
12114.6 20000 58422 
12139.87 20000 58438 
12166.24 20000 58453 
12192.55 20000 58469 
12218.1 20000 58485 
12244.99 20000 58501 
12271.71 20000 58516 
12297.79 20000 58532 
12323.4 20000 58548 
12350.98 20000 58563 
12378.11 20000 58579 
12404.69 20000 58595 
12429.83 20000 58611 
12456.51 20000 58626 
12481.46 20000 58642 
12505.4 20000 58658 
12529.24 20000 58673 
12555.38 20000 58689 
12581.36 20000 58705 
12606.97 20000 58721 
12632.93 20000 58736 
12661.58 20000 58752 
12687.71 20000 58768 
12713.8 20000 58784 
12738.89 20000 58799 
12766.22 20000 58815 
12795.07 20000 58831 
12824.98 20000 58846 
12852.03 20000 58862 
12882.75 20000 58878 
12910.95 20000 58894 
12936.66 20000 58909 
12961.06 20000 58925 
12986.64 20000 58941 
13011.67 20000 58956 
13038.71 20000 58972 
13064.72 20000 58988 
13092.27 20000 59004 
13120.43 20000 59019 
13150.41 20000 59035 
13178.5 20000 59051 
13207.06 20000 59067 
13234.32 20000 59082 
13259.79 20000 59098 
13281.77 20000 59114 
13305.17 20000 59129 
13330.38 20000 59145 
13356.53 20000 59161 
13381.34 20000 59177 
13406.01 20000 59192 
13432.76 20000 59208 
13461.69 20000 59224 
13488.8 20000 59240 
13515.88 20000 59255 
13543.58 20000 59271 
13571.04 20000 59287 
13597.68 20000 59302 
13624.63 20000 59318 
13652.27 20000 59334 
13681.29 20000 59350 
13709.96 20000 59365 
13736.14 20000 59381 
13761.45 20000 59397 
13787.37 20000 59412 
13813.8 20000 59428 
13838.16 20000 59444 
13864.27 20000 59460 
13893.59 20000 59475 
13923.6 20000 59491 
13952.46 20000 59507 
3982.66 20000 59523 
14012.57 20000 59538 
14043.3 20000 59554 
14071.78 20000 59570 
14100.22 20000 59585 
14127.22 20000 59601 
14154.85 20000 59617 
14181.3 20000 59633 
14208.91 20000 59648 
14234.63 20000 59664 
14260.19 20000 59680 
14283.72 20000 59696 
14309.97 20000 59711 
14335.75 20000 59727 
14362.55 20000 59743 
14387.86 20000 59758 
14414.52 20000 59774 
14441.75 20000 59790 
14471.38 20000 59806 
14499.84 20000 59821 
14531.16 20000 59837 
14562.33 20000 59853 
14592.05 20000 59869 
14618.11 20000 59884 
14645.38 20000 59900 
14670.6 20000 59916 
14695.46 20000 59931 
14718.21 20000 59947 
14741.99 20000 59963 
14766.88 20000 59979 
14792.25 20000 59994 
14815.6 20000 60010 
14840.63 20000 60026 
14864.98 20000 60041 
14888.39 20000 60057 
14910.31 20000 60073 
14934.03 20000 60089 
14958.74 20000 60104 
14983.64 20000 60120 
15010.2 20000 60136 
15039.46 20000 60152 
15070.03 20000 60167 
15099.54 20000 60183 
15126.46 20000 60199 
15150.08 20000 60214 
15172.69 20000 60230 
15194.64 20000 60246 
15217.8 20000 60262 
15241.99 20000 60277 
15268.54 20000 60293 
15295.95 20000 60309 
15321.74 20000 60325 
15345.05 20000 60340 
15369.53 20000 60356 
15394.64 20000 60372 
15419.3 20000 60387 
15442.58 20000 60403 
15467.36 20000 60419 
15494.09 20000 60435 
15523.44 20000 60450 
15551.98 20000 60466 
15582.51 20000 60482 
15612.36 20000 60498 
15642.56 20000 60513 
15671.58 20000 60529 
15702.01 20000 60545 
15730.91 20000 60560 
15758.4 20000 60576 
15781.8 20000 60592 
15805.34 20000 60608 
15827.74 20000 60623 
15852.43 20000 60639 
15876.29 20000 60655 
15901.03 20000 60671 
15923.92 20000 60686 
15947.95 20000 60702 
15971.75 20000 60718 
15996.87 20000 60733 
16021.19 20000 60749 
16046.82 20000 60765 
16070.89 20000 60781 
16095.98 20000 60796 
16122.18 20000 60812 
16151.84 20000 60828 
16181.11 20000 60843 
16211.4 20000 60859 
16242.18 20000 60875 
16276.01 20000 60891 
16308.07 20000 60906 
16338.01 20000 60922 
16368.62 20000 60938 
16402.24 20000 60954 
16428.49 20000 60969 
16443.77 20000 60985 
16466.1 20000 61001 
16497.37 20000 61016 
16525.86 20000 61032 
16551.92 20000 61048 
16581.78 20000 61064 
16616.23 20000 61079 
16648.17 20000 61095 
16674.88 20000 61111 
16701.75 20000 61127 
16730.88 20000 61142 
16757.88 20000 61158 
16777.85 20000 61174 
16797.88 20000 61189 
16821.56 20000 61205 
16847.34 20000 61221 
16870.83 20000 61237 
16896.54 20000 61252 
16925.5 20000 61268 
16957.34 20000 61284 
16986.7 20000 61300 
17015.65 20000 61315 
17046.5 20000 61331 
17079.13 20000 61347 
17108.76 20000 61362 
17139.2 20000 61378 
17170.49 20000 61394 
17204.36 20000 61410 
17235.58 20000 61425 
17267.19 20000 61441 
17300.42 20000 61457 
17335.47 20000 61473 
17365.57 20000 61488 
17396.89 20000 61504 
17429.88 20000 61520 
17465.24 20000 61535 
17497.63 20000 61551 
17528.6 20000 61567 
17558.12 20000 61583 
17589.03 20000 61598 
17618.69 20000 61614 
17650.53 20000 61630 
17682.11 20000 61646 
17715.53 20000 61661 
17747.95 20000 61677 
17783.07 20000 61693 
17817.81 20000 61708 
17852.59 20000 61724 
17885.91 20000 61740 
17920.7 20000 61756 
17955.19 20000 61771 
17990.01 20000 61787 
18024.04 20000 61803 
18059.73 20000 61819 
18096.94 20000 61834 
18133.64 20000 61850 
18168.77 20000 61866 
18205.15 20000 61881 
18242.13 20000 61897 
18278.22 20000 61913 
18313.74 20000 61929 
18349.28 20000 61944 
18385.34 20000 61960 
18420.29 20000 61976 
18455.08 20000 61991 
18491.69 20000 62007 
18528.59 20000 62023 
18563.04 20000 62039 
18596.58 20000 62054 
18628.61 20000 62070 
18663.25 20000 62086 
18696.8 20000 62102 
18730.85 20000 62117 
18765.98 20000 62133 
18803.86 20000 62149 
18841.13 20000 62164 
18880 20000 62180 
18917.36 20000 62196 
18954.52 20000 62212 
18988.51 20000 62227 
19021.84 20000 62243 
19052.05 20000 62259 
19084.73 20000 62275 
19118.3 20000 62290 
19153.84 20000 62306 
19187.03 20000 62322 
19222.29 20000 62337 
19257.1 20000 62353 
19291.91 20000 62369 
19325.2 20000 62385 
19362.82 20000 62400 
19400.43 20000 62416 
19438.61 20000 62432 
19473.2 20000 62448 
19508.33 20000 62463 
19544.1 20000 62479 
19582.02 20000 62495 
19619.06 20000 62510 
19657.38 20000 62526 
19693.59 20000 62542 
19731.03 20000 62558 
19766.87 20000 62573 
19802.67 20000 62589 
19838.97 20000 62605 
19877.5 20000 62620 
19915.22 20000 62636 
19950.23 20000 62652 
19985.33 20000 62668 
20022.71 20000 62683 
20060.57 20000 62699 
20097.42 20000 62699 
20105.61 20000 62699 
20033.29 20000 62699 
19940.64 20000 62699 
19860.35 20000 62699 
19789.12 20000 62699 
19723.8 20000 62699 
19661.39 20000 62699 
19600.17 20000 62699 
19545.5 20000 62699 
19492.61 20000 62699 
19441.37 20000 62699 
19392.36 20000 62699 
19345.72 20000 62699 
19300.78 20000 62699 
19257.5 20000 62699 
19216.06 20000 62699 
19176.56 20000 62699 
19137.9 20000 62699 
19100.16 20000 62699 
19063.66 20000 62699 
19028.04 20000 62699 
18993.67 20000 62699 
18960.06 20000 62699 
18927.33 20000 62699 
18895.2 20000 62699 
18863.76 20000 62699 
18833.38 20000 62699 
18803.75 20000 62699 
18774.21 20000 62699 
18745.1 20000 62699 
18717.04 20000 62699 
