10.19 20000 37039 
10.18 20000 37039 
10.16 20000 37039 
10.25 20000 37039 
10.32 20000 37039 
10.56 20000 37039 
10.44 20000 37039 
10.25 20000 37039 
10.11 20000 37039 
10.46 20000 37039 
10.45 20000 37039 
10.25 20000 37039 
10.25 20000 37039 
10.32 20000 37039 
10.39 20000 37039 
10.45 20000 37039 
10.46 20000 37039 
10.43 20000 37039 
10.5 20000 37039 
10.44 20000 37197 
10.54 20000 37360 
16.45 20000 37380 
40.4 20000 37396 
51.58 20000 37411 
56.48 20000 37427 
63.67 20000 37443 
71.77 20000 37458 
79.97 20000 37474 
89.05 20000 37490 
98.87 20000 37506 
108.97 20000 37521 
119.06 20000 37537 
129.09 20000 37553 
139.79 20000 37569 
150.59 20000 37584 
161.69 20000 37600 
172.82 20000 37616 
184.04 20000 37631 
195.48 20000 37647 
207.26 20000 37663 
218.5 20000 37679 
230.13 20000 37694 
241.82 20000 37710 
253.96 20000 37726 
264.5 20000 37742 
276.75 20000 37757 
288.99 20000 37773 
301.06 20000 37789 
311.5 20000 37805 
320.58 20000 37820 
331.68 20000 37836 
343.02 20000 37852 
353.74 20000 37867 
364.67 20000 37883 
375.26 20000 37899 
385.71 20000 37915 
394.66 20000 37930 
403.48 20000 37946 
412.05 20000 37962 
416.18 20000 37978 
413.12 20000 37993 
416.71 20000 38009 
425.24 20000 38025 
437.28 20000 38040 
449.64 20000 38056 
461.15 20000 38072 
471.87 20000 38088 
481.95 20000 38103 
492.18 20000 38119 
502.92 20000 38135 
513.3 20000 38151 
523.89 20000 38166 
534.4 20000 38182 
545.23 20000 38198 
555.75 20000 38214 
565.96 20000 38229 
575.89 20000 38245 
586.27 20000 38261 
596.46 20000 38276 
606.3 20000 38292 
616.26 20000 38308 
626.33 20000 38324 
636.43 20000 38339 
646.07 20000 38355 
655.53 20000 38371 
665.05 20000 38387 
674.89 20000 38402 
684.34 20000 38418 
693.78 20000 38434 
703.16 20000 38449 
712.74 20000 38465 
721.77 20000 38481 
730.86 20000 38497 
739.84 20000 38512 
749.24 20000 38528 
758.56 20000 38544 
768.24 20000 38560 
778.07 20000 38575 
787.96 20000 38591 
797.06 20000 38607 
805.61 20000 38622 
814.12 20000 38638 
823.19 20000 38654 
831.74 20000 38670 
840.36 20000 38685 
848.28 20000 38701 
856.97 20000 38717 
865.27 20000 38733 
873.55 20000 38748 
882.34 20000 38764 
891.85 20000 38780 
901.66 20000 38796 
911.96 20000 38811 
921.89 20000 38827 
932.4 20000 38843 
942.48 20000 38858 
952.87 20000 38874 
963.19 20000 38890 
973.77 20000 38906 
983.64 20000 38921 
993.88 20000 38937 
1003.97 20000 38953 
1014.27 20000 38969 
1024.18 20000 38984 
1034.14 20000 39000 
1043.87 20000 39016 
1053.79 20000 39032 
1063.02 20000 39047 
1072.6 20000 39063 
1082.05 20000 39079 
1091.61 20000 39094 
1101.04 20000 39110 
1110.57 20000 39126 
1119.66 20000 39142 
1129.15 20000 39157 
1138.14 20000 39173 
1147.12 20000 39189 
1155.95 20000 39205 
1165.17 20000 39220 
1174.47 20000 39236 
1183.92 20000 39252 
1193.18 20000 39268 
1202.67 20000 39283 
1212.06 20000 39299 
1221.18 20000 39315 
1230.38 20000 39330 
1239.78 20000 39346 
1249.04 20000 39362 
1258.11 20000 39378 
1267.08 20000 39393 
1276.3 20000 39409 
1285.75 20000 39425 
1294.66 20000 39441 
1303.78 20000 39456 
1313.15 20000 39472 
1322.57 20000 39488 
1331.71 20000 39503 
1340.7 20000 39519 
1349.11 20000 39535 
1357.96 20000 39551 
1366.45 20000 39566 
1375.47 20000 39582 
1384.05 20000 39598 
1393.15 20000 39614 
1401.5 20000 39629 
1410 20000 39645 
1418.41 20000 39661 
1427.38 20000 39677 
1435.86 20000 39692 
1443.93 20000 39708 
1452.08 20000 39724 
1460.65 20000 39739 
1469.01 20000 39755 
1477.35 20000 39771 
1485.53 20000 39787 
1494.47 20000 39802 
1503 20000 39818 
1511.21 20000 39834 
1519.14 20000 39850 
1527.91 20000 39865 
1536.14 20000 39881 
1544.3 20000 39897 
1552.38 20000 39912 
1561.09 20000 39928 
1569.58 20000 39944 
1578.16 20000 39960 
1586.13 20000 39975 
1594.85 20000 39991 
1603.49 20000 40007 
1612.16 20000 40023 
1620.12 20000 40038 
1628.62 20000 40054 
1636.91 20000 40070 
1645.06 20000 40086 
1653.92 20000 40101 
1663.22 20000 40117 
1672.24 20000 40133 
1681.27 20000 40148 
1690.19 20000 40164 
1699.89 20000 40180 
1710.23 20000 40196 
1719.65 20000 40211 
1727.19 20000 40227 
1734.97 20000 40243 
1744.05 20000 40259 
1753.25 20000 40274 
1762.25 20000 40290 
1770.75 20000 40306 
1780.19 20000 40322 
1789.11 20000 40337 
1796.77 20000 40353 
1804.37 20000 40369 
1812.97 20000 40384 
1821.63 20000 40400 
1830.48 20000 40416 
1839.45 20000 40432 
1848.62 20000 40447 
1857.87 20000 40463 
1867.29 20000 40479 
1877.19 20000 40495 
1887.33 20000 40510 
1896.55 20000 40526 
1905.6 20000 40542 
1914.23 20000 40557 
1922.87 20000 40573 
1931.4 20000 40589 
1939.7 20000 40605 
1947.79 20000 40620 
1957.02 20000 40636 
1965.7 20000 40652 
1973.32 20000 40668 
1979.79 20000 40683 
1987.69 20000 40699 
1996.15 20000 40715 
2004.58 20000 40731 
2012.94 20000 40746 
2022.04 20000 40762 
2030.49 20000 40778 
2039.25 20000 40793 
2047.73 20000 40809 
2055.82 20000 40825 
2063.76 20000 40841 
2072.06 20000 40856 
2080.37 20000 40872 
2089.25 20000 40888 
2097.82 20000 40904 
2106.32 20000 40919 
2114.7 20000 40935 
2123.57 20000 40951 
2132.24 20000 40966 
2140.95 20000 40982 
2149.59 20000 40998 
2158.22 20000 41014 
2166.66 20000 41029 
2175.45 20000 41045 
2184.02 20000 41061 
2192.69 20000 41077 
2201.16 20000 41092 
2209.41 20000 41108 
2218.12 20000 41124 
2227.24 20000 41140 
2235.75 20000 41155 
2244.5 20000 41171 
2253.15 20000 41187 
2261.78 20000 41202 
2270.32 20000 41218 
2279.2 20000 41234 
2287.95 20000 41250 
2296.5 20000 41265 
2305.15 20000 41281 
2314.09 20000 41297 
2323.3 20000 41313 
2332.71 20000 41328 
2342.13 20000 41344 
2351.35 20000 41360 
2360.61 20000 41376 
2369.43 20000 41391 
2378.72 20000 41407 
2387.63 20000 41423 
2396.54 20000 41438 
2405.69 20000 41454 
2415.06 20000 41470 
2423.74 20000 41486 
2432.46 20000 41501 
2441.32 20000 41517 
2450.22 20000 41533 
2458.81 20000 41549 
2467.39 20000 41564 
2475.51 20000 41580 
2484.22 20000 41596 
2492.6 20000 41611 
2501.86 20000 41627 
2510.65 20000 41643 
2519.95 20000 41659 
2528.85 20000 41674 
2538.41 20000 41690 
2547.34 20000 41706 
2557.08 20000 41722 
2566.79 20000 41737 
2576.49 20000 41753 
2585.67 20000 41769 
2595.23 20000 41784 
2604.53 20000 41800 
2614.4 20000 41816 
2624.19 20000 41832 
2634.4 20000 41847 
2644.45 20000 41863 
2654.61 20000 41879 
2664.39 20000 41895 
2674.3 20000 41910 
2684.18 20000 41926 
2694.48 20000 41942 
2704.79 20000 41958 
2715.05 20000 41973 
2724.88 20000 41989 
2735.12 20000 42005 
2745.09 20000 42020 
2755.04 20000 42036 
2765.01 20000 42052 
2775.07 20000 42068 
2785.13 20000 42083 
2794.56 20000 42099 
2804.59 20000 42115 
2815.88 20000 42131 
2827.4 20000 42146 
2838.15 20000 42162 
2848.7 20000 42178 
2859.35 20000 42193 
2869.92 20000 42209 
2879.92 20000 42225 
2889.86 20000 42241 
2900.01 20000 42256 
2910.32 20000 42272 
2919.99 20000 42288 
2929.94 20000 42304 
2939.93 20000 42319 
2950.13 20000 42335 
2959.81 20000 42351 
2969.94 20000 42367 
2979.95 20000 42382 
2990.16 20000 42398 
2999.98 20000 42414 
3011.41 20000 42429 
3022.99 20000 42445 
3033.68 20000 42461 
3044.03 20000 42477 
3054.57 20000 42492 
3064.62 20000 42508 
3075.67 20000 42524 
3086.41 20000 42540 
3097.21 20000 42555 
3107.22 20000 42571 
3118.4 20000 42587 
3129.49 20000 42602 
3140.8 20000 42618 
3151.84 20000 42634 
3163.34 20000 42650 
3174.56 20000 42665 
3185.89 20000 42681 
3197.14 20000 42697 
3209.11 20000 42713 
3220.29 20000 42728 
3232.01 20000 42744 
3243.66 20000 42760 
3256.02 20000 42776 
3268.22 20000 42791 
3280.16 20000 42807 
3291.86 20000 42823 
3304.14 20000 42838 
3315.93 20000 42854 
3328.34 20000 42870 
3341.2 20000 42886 
3353.8 20000 42901 
3365.59 20000 42917 
3377.02 20000 42933 
3388.36 20000 42949 
3400.43 20000 42964 
3412.03 20000 42980 
3423.13 20000 42996 
3434.73 20000 43012 
3446.04 20000 43027 
3457.48 20000 43043 
3469.41 20000 43059 
3481.35 20000 43074 
3493.05 20000 43090 
3504.45 20000 43106 
3516.3 20000 43122 
3528.96 20000 43137 
3541.19 20000 43153 
3553.24 20000 43169 
3564.69 20000 43185 
3576.69 20000 43200 
3588.51 20000 43216 
3600.72 20000 43232 
3611.61 20000 43247 
3622.43 20000 43263 
3634.56 20000 43279 
3648.01 20000 43295 
3660.92 20000 43310 
3674.69 20000 43326 
3688.02 20000 43342 
3700.95 20000 43358 
3713.76 20000 43373 
3727.36 20000 43389 
3740.23 20000 43405 
3753 20000 43421 
3764.88 20000 43436 
3777.74 20000 43452 
3789.93 20000 43468 
3803.26 20000 43483 
3816.82 20000 43499 
3830.5 20000 43515 
3843.74 20000 43531 
3857.2 20000 43546 
3871.26 20000 43562 
3885.48 20000 43578 
3897.99 20000 43594 
3910.5 20000 43609 
3921.55 20000 43625 
3933.51 20000 43641 
3946.01 20000 43657 
3959.35 20000 43672 
3971.73 20000 43688 
3984.19 20000 43704 
3996.89 20000 43719 
4010.41 20000 43735 
4023.3 20000 43751 
4036.39 20000 43767 
4049.82 20000 43782 
4063.63 20000 43798 
4076.89 20000 43814 
4090.34 20000 43830 
4103.95 20000 43845 
4117.06 20000 43861 
4130.22 20000 43877 
4143.56 20000 43892 
4157.05 20000 43908 
4171.38 20000 43924 
4185.96 20000 43940 
4200.02 20000 43955 
4213.44 20000 43971 
4227.4 20000 43987 
4240.96 20000 44003 
4254.44 20000 44018 
4268.11 20000 44034 
4282.08 20000 44050 
4296.39 20000 44066 
4309.47 20000 44081 
4322.03 20000 44097 
4335.3 20000 44113 
4350.53 20000 44128 
4365.11 20000 44144 
4379.36 20000 44160 
4393.66 20000 44176 
4408.71 20000 44191 
4422.97 20000 44207 
4437.4 20000 44223 
4451.12 20000 44239 
4465.56 20000 44254 
4480.32 20000 44270 
4494.86 20000 44286 
4509.44 20000 44302 
4524.77 20000 44317 
4539.17 20000 44333 
4553.44 20000 44349 
4567.98 20000 44364 
4583.96 20000 44380 
4599.06 20000 44396 
4613.6 20000 44412 
4627.55 20000 44427 
4643.16 20000 44443 
4658.22 20000 44459 
4672.8 20000 44475 
4687.61 20000 44490 
4703.9 20000 44506 
4719.68 20000 44522 
4735.13 20000 44538 
4749.69 20000 44553 
4765.25 20000 44569 
4780.06 20000 44585 
4795 20000 44600 
4810.01 20000 44616 
4825.83 20000 44632 
4841.18 20000 44648 
4856.88 20000 44663 
4871.81 20000 44679 
4887.3 20000 44695 
4902.3 20000 44711 
4917.38 20000 44726 
4932.08 20000 44742 
4948.45 20000 44758 
4965.18 20000 44774 
4981.47 20000 44789 
4996.65 20000 44805 
5012.25 20000 44821 
5027.99 20000 44836 
5043.99 20000 44852 
5059.53 20000 44868 
5075.38 20000 44884 
5091.51 20000 44899 
5107.31 20000 44915 
5123.31 20000 44931 
5138.99 20000 44947 
5154.82 20000 44962 
5170.45 20000 44978 
5186.57 20000 44994 
5203.01 20000 45009 
5219.95 20000 45025 
5236.63 20000 45041 
5253.71 20000 45057 
5270.74 20000 45072 
5288.24 20000 45088 
5304.97 20000 45104 
5321.26 20000 45120 
5336.99 20000 45135 
5354.08 20000 45151 
5370.61 20000 45167 
5387.29 20000 45183 
5403.97 20000 45198 
5421.66 20000 45214 
5437.91 20000 45230 
5454.6 20000 45245 
5471.57 20000 45261 
5488.92 20000 45277 
5505.2 20000 45293 
5521.48 20000 45308 
5536.89 20000 45324 
5553.39 20000 45340 
5569.06 20000 45356 
5585.66 20000 45371 
5602.14 20000 45387 
5619.77 20000 45403 
5636.54 20000 45419 
5653.36 20000 45434 
5669.46 20000 45450 
5686.23 20000 45466 
5702.36 20000 45481 
5718.94 20000 45497 
5734.78 20000 45513 
5750.7 20000 45529 
5766.55 20000 45544 
5783.82 20000 45560 
5800.56 20000 45576 
5817.85 20000 45592 
5834.94 20000 45607 
5851.74 20000 45623 
5867.82 20000 45639 
5884.56 20000 45654 
5901.59 20000 45670 
5918.91 20000 45686 
5936.03 20000 45702 
5953.57 20000 45717 
5970.62 20000 45733 
5987.38 20000 45749 
6004.26 20000 45765 
6020.86 20000 45780 
6038.38 20000 45796 
6056.58 20000 45812 
6074.78 20000 45827 
6092.57 20000 45843 
6110.52 20000 45859 
6127.95 20000 45875 
6145.62 20000 45890 
6163.57 20000 45906 
6181.34 20000 45922 
6198.59 20000 45938 
6215.82 20000 45953 
6233.24 20000 45969 
6251.93 20000 45985 
6269.78 20000 46001 
6287.51 20000 46016 
6304 20000 46032 
6320.95 20000 46048 
6337.2 20000 46063 
6354.26 20000 46079 
6371.07 20000 46095 
6388.05 20000 46111 
6404.56 20000 46126 
6421.69 20000 46142 
6438.18 20000 46158 
6455.2 20000 46174 
6472.23 20000 46189 
6490.22 20000 46205 
6507.47 20000 46221 
6524.72 20000 46237 
6541.23 20000 46252 
6558.67 20000 46268 
6575.74 20000 46284 
6593.43 20000 46299 
6609.77 20000 46315 
6627.04 20000 46331 
6643.56 20000 46347 
6659.74 20000 46362 
6675.97 20000 46378 
6692.91 20000 46394 
6710.58 20000 46410 
6729.36 20000 46425 
6745.91 20000 46441 
6761.25 20000 46457 
6776.7 20000 46473 
6793.54 20000 46488 
6809.95 20000 46504 
6827.06 20000 46520 
6844.82 20000 46535 
6863.97 20000 46551 
6881.4 20000 46567 
6898.37 20000 46583 
6915.09 20000 46598 
6932.89 20000 46614 
6950.28 20000 46630 
6967.25 20000 46646 
6984.1 20000 46661 
7001.85 20000 46677 
7019.82 20000 46693 
7038.6 20000 46709 
7057.64 20000 46724 
7076.96 20000 46740 
7095.08 20000 46756 
7113.18 20000 46771 
7132.45 20000 46787 
7152.06 20000 46803 
7171.93 20000 46819 
7188.08 20000 46834 
7194.06 20000 46850 
7212.02 20000 46866 
7234.63 20000 46882 
7253.95 20000 46897 
7273.88 20000 46913 
7294.93 20000 46929 
7316.22 20000 46945 
7336.09 20000 46960 
7357.31 20000 46976 
7378.71 20000 46992 
7399.37 20000 47007 
7417.93 20000 47023 
7437.71 20000 47039 
7457.4 20000 47055 
7477.89 20000 47070 
7496.69 20000 47086 
7516.15 20000 47102 
7535.83 20000 47118 
7557.11 20000 47133 
7577.3 20000 47149 
7597.96 20000 47165 
7618.22 20000 47180 
7639.54 20000 47196 
7659.25 20000 47212 
7679.02 20000 47228 
7698.71 20000 47243 
7719.64 20000 47259 
7739.35 20000 47275 
7759.07 20000 47291 
7778.55 20000 47306 
7799.59 20000 47322 
7818.69 20000 47338 
7838.14 20000 47354 
7857.69 20000 47369 
7878.35 20000 47385 
7897.75 20000 47401 
7917 20000 47416 
7936.34 20000 47432 
7957.61 20000 47448 
7978.61 20000 47464 
7999.16 20000 47479 
8019.89 20000 47495 
8041.67 20000 47511 
8063.61 20000 47527 
8084.99 20000 47542 
8104.74 20000 47558 
8125.73 20000 47574 
8147.18 20000 47589 
8167.77 20000 47605 
8187.4 20000 47621 
8208.22 20000 47637 
8229.95 20000 47652 
8251.01 20000 47668 
8272.13 20000 47684 
8293.74 20000 47700 
8315.26 20000 47715 
8336.78 20000 47731 
8358.32 20000 47747 
8379.34 20000 47763 
8401.57 20000 47778 
8423.93 20000 47794 
8445.2 20000 47810 
8465.5 20000 47825 
8487.12 20000 47841 
8508.08 20000 47857 
8529.11 20000 47873 
8550.39 20000 47888 
8572.51 20000 47904 
8593.75 20000 47920 
8614.51 20000 47936 
8635.7 20000 47951 
8658.18 20000 47967 
8679.1 20000 47983 
8701.31 20000 47999 
8723.11 20000 48014 
8744.9 20000 48030 
8766.01 20000 48046 
8788.84 20000 48061 
8811.55 20000 48077 
8835.22 20000 48093 
8856.96 20000 48109 
8878.89 20000 48124 
8900.77 20000 48140 
8923.91 20000 48156 
8946.04 20000 48172 
8968.71 20000 48187 
8991.09 20000 48203 
9015.08 20000 48219 
9037.76 20000 48235 
9060.64 20000 48250 
9083.59 20000 48266 
9108.36 20000 48282 
9131.81 20000 48297 
9154.73 20000 48313 
9177.64 20000 48329 
9201.69 20000 48345 
9224.15 20000 48360 
9246.62 20000 48376 
9269.6 20000 48392 
9293.59 20000 48408 
9316.52 20000 48423 
9339.62 20000 48439 
9362.41 20000 48455 
9386.32 20000 48471 
9409.44 20000 48486 
9431.68 20000 48502 
9454.62 20000 48518 
9478.32 20000 48533 
9501.58 20000 48549 
9524.39 20000 48565 
9547.43 20000 48581 
9569.91 20000 48596 
9591.71 20000 48612 
9613.12 20000 48628 
9635.34 20000 48644 
9658.05 20000 48659 
9681.29 20000 48675 
9703.8 20000 48691 
9726.11 20000 48706 
9748.37 20000 48722 
9771.44 20000 48738 
9792.94 20000 48754 
9814.79 20000 48769 
9836.57 20000 48785 
9859.49 20000 48801 
9881.95 20000 48817 
9905.02 20000 48832 
9927.93 20000 48848 
9951.62 20000 48864 
9974.24 20000 48880 
9997.83 20000 48895 
10021.04 20000 48911 
10044.82 20000 48927 
10068.28 20000 48942 
10091.98 20000 48958 
10114.69 20000 48974 
10138.6 20000 48990 
10161.51 20000 49005 
10185.55 20000 49021 
10209.98 20000 49037 
10235.22 20000 49053 
10258.66 20000 49068 
10282.63 20000 49084 
10305.36 20000 49100 
10328.45 20000 49116 
10350.73 20000 49131 
10375.15 20000 49147 
10399.52 20000 49163 
10423.15 20000 49178 
10444.21 20000 49194 
10466.54 20000 49210 
10488.5 20000 49226 
10511.02 20000 49241 
10531.65 20000 49257 
10552.78 20000 49273 
10573.87 20000 49289 
10596.12 20000 49304 
10617.96 20000 49320 
10641.97 20000 49336 
10666.53 20000 49351 
10691.29 20000 49367 
10714.66 20000 49383 
10736.95 20000 49399 
10759.94 20000 49414 
10783.42 20000 49430 
10805.55 20000 49446 
10827.57 20000 49462 
10850.16 20000 49477 
10871.94 20000 49493 
10893.87 20000 49509 
10915.16 20000 49525 
10937.56 20000 49540 
10960.73 20000 49556 
10981.23 20000 49572 
10997.24 20000 49587 
11020.21 20000 49603 
11046.27 20000 49619 
11071.03 20000 49635 
11094.34 20000 49650 
11118.59 20000 49666 
11141.37 20000 49682 
11161.04 20000 49698 
11177.84 20000 49713 
11196.61 20000 49729 
11215.86 20000 49745 
11235.9 20000 49761 
11254.06 20000 49776 
11271.39 20000 49792 
11252.84 20000 49808 
11182.15 20000 49823 
11198.18 20000 49839 
11239.82 20000 49855 
11273.97 20000 49871 
11305.39 20000 49886 
11335.62 20000 49902 
11367.48 20000 49918 
11398.75 20000 49934 
11429.68 20000 49949 
11457.09 20000 49965 
11485.13 20000 49981 
11513.1 20000 49996 
11542.15 20000 50012 
11568.06 20000 50028 
11593.14 20000 50044 
11620.49 20000 50059 
11650 20000 50075 
11677.84 20000 50091 
11705.79 20000 50107 
11733.79 20000 50122 
11762.89 20000 50138 
11789.93 20000 50154 
11816.12 20000 50170 
11841.77 20000 50185 
11869.43 20000 50201 
11895.82 20000 50217 
11922.19 20000 50232 
11949.45 20000 50248 
11978.23 20000 50264 
12005.32 20000 50280 
12030.79 20000 50295 
12057.48 20000 50311 
12085 20000 50327 
12110.54 20000 50343 
12135.05 20000 50358 
12160.75 20000 50374 
12188.35 20000 50390 
12216.58 20000 50405 
12242.87 20000 50421 
12269.57 20000 50437 
12297.88 20000 50453 
12327.72 20000 50468 
12355.97 20000 50484 
12384.7 20000 50500 
12413.62 20000 50516 
12442.61 20000 50531 
12469.41 20000 50547 
12496.63 20000 50563 
12525.67 20000 50579 
12555.8 20000 50594 
12582.73 20000 50610 
12610.08 20000 50626 
12638.37 20000 50641 
12668.31 20000 50657 
12695.12 20000 50673 
12722.31 20000 50689 
12750.38 20000 50704 
12779.7 20000 50720 
12806.33 20000 50736 
12832.62 20000 50752 
12858.91 20000 50767 
12887.24 20000 50783 
12914.62 20000 50799 
12943.26 20000 50814 
12971.72 20000 50830 
13001.8 20000 50846 
13030.15 20000 50862 
13057.8 20000 50877 
13085.01 20000 50893 
13114.31 20000 50909 
13142.87 20000 50925 
13172.23 20000 50940 
13201.95 20000 50956 
13232.69 20000 50972 
13261.09 20000 50988 
13290.11 20000 51003 
13318.53 20000 51019 
13348.42 20000 51035 
13378.41 20000 51050 
13409.25 20000 51066 
13439.78 20000 51082 
13471.1 20000 51098 
13501.45 20000 51113 
13532.07 20000 51129 
13563 20000 51145 
13594.39 20000 51161 
13623.91 20000 51176 
13651.56 20000 51192 
13677.24 20000 51208 
13695.84 20000 51224 
13708.59 20000 51239 
13729.56 20000 51255 
13760.44 20000 51271 
13792.76 20000 51286 
13824.79 20000 51302 
13855.31 20000 51318 
13886.79 20000 51334 
13919.46 20000 51349 
13952.25 20000 51365 
13983.32 20000 51381 
14014.08 20000 51397 
14044.26 20000 51412 
14076.21 20000 51428 
14108.12 20000 51444 
14140.35 20000 51459 
14171.71 20000 51475 
14204.38 20000 51491 
14235.44 20000 51507 
14267.7 20000 51522 
14299.78 20000 51538 
14333.66 20000 51554 
14366.04 20000 51570 
14400.4 20000 51585 
14434.27 20000 51601 
14469.03 20000 51617 
14502.28 20000 51633 
14536.16 20000 51648 
14568.73 20000 51664 
14603.16 20000 51680 
14635.61 20000 51695 
14668.46 20000 51711 
14698.82 20000 51727 
14729.59 20000 51743 
14759.56 20000 51758 
14790.7 20000 51774 
14821.37 20000 51790 
14852.87 20000 51806 
14884.47 20000 51821 
14917.96 20000 51837 
14949.9 20000 51853 
14982.65 20000 51869 
15014.08 20000 51884 
15045.9 20000 51900 
15076.8 20000 51916 
15107.72 20000 51931 
15136.76 20000 51947 
15167.88 20000 51963 
15198.79 20000 51979 
15229.23 20000 51994 
15259.3 20000 52010 
15290.67 20000 52026 
15322.82 20000 52042 
15354.53 20000 52057 
15385.39 20000 52073 
15416.3 20000 52089 
15447.83 20000 52105 
15480.41 20000 52120 
15513 20000 52136 
15546 20000 52152 
15578.01 20000 52167 
15608.84 20000 52183 
15638.45 20000 52199 
15669.3 20000 52215 
15701.13 20000 52230 
15731.17 20000 52246 
15761.33 20000 52262 
15790.43 20000 52278 
15820.52 20000 52293 
15849.22 20000 52309 
15876.43 20000 52325 
15904.94 20000 52341 
15937.56 20000 52356 
15968.87 20000 52372 
15999.86 20000 52388 
16030.41 20000 52403 
16062.52 20000 52419 
16092.83 20000 52435 
16123.3 20000 52451 
16152.36 20000 52466 
16182 20000 52482 
16210.19 20000 52498 
16238.92 20000 52514 
16266.75 20000 52529 
16296.27 20000 52545 
16325.38 20000 52561 
16355.63 20000 52577 
16384.35 20000 52592 
16415.63 20000 52608 
16445.37 20000 52624 
16476.27 20000 52639 
16505.61 20000 52655 
16535.1 20000 52671 
16564.15 20000 52687 
16594.63 20000 52702 
16619.32 20000 52718 
16644.8 20000 52734 
16677.86 20000 52750 
16713.12 20000 52765 
16745.18 20000 52781 
16778.07 20000 52797 
16812.19 20000 52812 
16847.31 20000 52828 
16879.78 20000 52844 
16911.74 20000 52860 
16944.83 20000 52875 
16979.7 20000 52891 
17013.17 20000 52907 
17046.06 20000 52923 
17079.42 20000 52938 
17112.08 20000 52954 
17142.08 20000 52970 
17171.97 20000 52986 
17203.17 20000 53001 
17235.74 20000 53017 
17267.27 20000 53033 
17297.82 20000 53048 
17329.84 20000 53064 
17362.34 20000 53080 
17394.37 20000 53096 
17424.74 20000 53111 
17457.61 20000 53127 
17493.42 20000 53143 
17531.02 20000 53159 
17566.88 20000 53174 
17603.41 20000 53190 
17641.3 20000 53206 
17678.86 20000 53222 
17713.01 20000 53237 
17748.93 20000 53253 
17785.66 20000 53269 
17823.26 20000 53284 
17857.74 20000 53300 
17892.55 20000 53316 
17928.17 20000 53332 
17965.48 20000 53347 
17999.58 20000 53363 
18034.37 20000 53379 
18069.75 20000 53395 
18108.46 20000 53410 
18143.89 20000 53426 
18179.53 20000 53442 
18215.68 20000 53457 
18254.85 20000 53473 
18291.39 20000 53489 
18328.01 20000 53505 
18364.88 20000 53520 
18404.78 20000 53536 
18441.5 20000 53552 
18478.06 20000 53568 
18514.71 20000 53583 
18555.68 20000 53599 
18595.48 20000 53615 
18633.71 20000 53630 
18670.87 20000 53646 
18710.84 20000 53662 
18750.22 20000 53678 
18789.58 20000 53693 
18829.02 20000 53709 
18871.03 20000 53725 
18910.96 20000 53741 
18949.38 20000 53756 
18986.93 20000 53772 
19027.14 20000 53788 
19066.85 20000 53804 
19105.25 20000 53819 
19142.91 20000 53835 
19180.4 20000 53851 
19219.66 20000 53866 
19259.73 20000 53882 
19298.67 20000 53898 
19336.82 20000 53914 
19376.5 20000 53929 
19417.61 20000 53945 
19459.57 20000 53961 
19497.51 20000 53977 
19536.48 20000 53992 
19577.6 20000 54008 
19621.45 20000 54024 
19659.07 20000 54040 
19695.36 20000 54055 
19688.26 20000 54071 
19552.46 20000 54087 
19442.41 20000 54102 
19475.45 20000 54118 
19500.19 20000 54134 
19419.65 20000 54150 
19385.35 20000 54165 
19450.98 20000 54181 
19487.58 20000 54197 
19411.7 20000 54213 
19377.56 20000 54228 
19447.96 20000 54244 
19491.81 20000 54260 
19427.52 20000 54276 
19394.5 20000 54291 
19468.54 20000 54307 
19517.51 20000 54323 
19455.56 20000 54338 
19415.77 20000 54354 
19489.58 20000 54370 
19543.21 20000 54386 
19487.61 20000 54401 
19445.83 20000 54417 
19518.69 20000 54433 
19576.37 20000 54449 
19526.36 20000 54464 
19480.42 20000 54480 
19548.67 20000 54496 
19552.81 20000 54511 
19457.94 20000 54527 
19421.4 20000 54543 
19425.35 20000 54559 
19380.38 20000 54574 
19291.52 20000 54590 
19276.59 20000 54606 
19296.81 20000 54622 
19256.52 20000 54637 
19171.34 20000 54653 
19165.52 20000 54669 
19193.27 20000 54685 
19155.23 20000 54700 
19068.14 20000 54716 
19062.84 20000 54732 
19098.08 20000 54747 
19065.85 20000 54763 
18980.31 20000 54779 
18974.5 20000 54795 
19011.89 20000 54810 
18981.6 20000 54826 
18891.94 20000 54842 
18883.71 20000 54858 
18901.32 20000 54873 
18829.64 20000 54889 
18761.58 20000 54905 
18799.47 20000 54920 
18809.31 20000 54936 
18729.53 20000 54952 
18682.97 20000 54968 
18733.98 20000 54983 
18741.05 20000 54999 
18664.35 20000 55015 
18621.48 20000 55031 
18672.88 20000 55046 
18680.98 20000 55062 
18602.34 20000 55078 
18558.55 20000 55094 
18611.59 20000 55109 
18622.5 20000 55125 
18544.69 20000 55141 
18498.24 20000 55156 
18551.12 20000 55172 
18564.7 20000 55188 
18488.11 20000 55204 
18438.48 20000 55219 
18493.43 20000 55235 
18510.36 20000 55251 
18429.79 20000 55267 
18378.17 20000 55282 
18434.79 20000 55298 
18451.5 20000 55314 
18370.29 20000 55329 
18321.1 20000 55345 
18376.63 20000 55361 
18378.27 20000 55377 
18284.53 20000 55392 
18264.22 20000 55408 
18317.07 20000 55424 
18255.48 20000 55440 
18175.05 20000 55455 
18237.43 20000 55471 
18222.26 20000 55487 
18112.5 20000 55503 
18141.14 20000 55518 
18167.76 20000 55534 
18086.21 20000 55550 
18072.2 20000 55565 
18131.97 20000 55581 
18141.58 20000 55597 
18051.9 20000 55613 
18033.12 20000 55628 
18090.72 20000 55644 
18098.39 20000 55660 
18008.97 20000 55676 
17995 20000 55691 
18048.33 20000 55707 
18057.19 20000 55723 
17967.8 20000 55738 
17951.81 20000 55754 
17977.66 20000 55770 
17948.02 20000 55786 
17909.24 20000 55801 
17958.15 20000 55817 
17965.1 20000 55833 
17891.01 20000 55849 
17854.06 20000 55864 
17915.7 20000 55880 
17920.03 20000 55896 
17847.85 20000 55912 
17816.11 20000 55927 
17878.63 20000 55943 
17883.41 20000 55959 
17811.43 20000 55974 
17777.12 20000 55990 
17837.97 20000 56006 
17847.52 20000 56022 
17779.97 20000 56037 
17743.28 20000 56053 
17804.52 20000 56069 
17816.4 20000 56085 
17750.93 20000 56100 
17709.3 20000 56116 
17770.09 20000 56132 
17787.84 20000 56148 
17726.38 20000 56163 
17682.11 20000 56179 
17742.12 20000 56195 
17765.06 20000 56210 
