9.97 20000 47225 
9.78 20000 47225 
9.88 20000 47225 
10.09 20000 47225 
9.87 20000 47225 
9.94 20000 47225 
9.82 20000 47225 
9.63 20000 47225 
9.89 20000 47225 
9.81 20000 47225 
9.93 20000 47225 
10.1 20000 47225 
10.17 20000 47225 
10.04 20000 47225 
10.03 20000 47225 
10.22 20000 47225 
9.86 20000 47225 
9.84 20000 47225 
9.86 20000 47383 
10.18 20000 47546 
13.76 20000 47566 
27.95 20000 47582 
32.01 20000 47597 
32.47 20000 47613 
35 20000 47629 
37.92 20000 47644 
41.34 20000 47660 
45.17 20000 47676 
49.06 20000 47692 
53.88 20000 47707 
59.47 20000 47723 
65.94 20000 47739 
72.38 20000 47755 
78.79 20000 47770 
85.23 20000 47786 
92.53 20000 47802 
100.13 20000 47817 
107.8 20000 47833 
116.13 20000 47849 
124.94 20000 47865 
133.96 20000 47880 
142.9 20000 47896 
151.31 20000 47912 
160.05 20000 47928 
168.53 20000 47943 
176.86 20000 47959 
184.69 20000 47975 
193.28 20000 47990 
201.9 20000 48006 
210.21 20000 48022 
218.69 20000 48038 
227.42 20000 48053 
236.03 20000 48069 
244.73 20000 48085 
252.74 20000 48101 
261.19 20000 48116 
269.89 20000 48132 
278.54 20000 48148 
286.57 20000 48163 
295.24 20000 48179 
303.98 20000 48195 
312.71 20000 48211 
321.33 20000 48226 
329.96 20000 48242 
338.42 20000 48258 
347.19 20000 48274 
355.83 20000 48289 
364.61 20000 48305 
373.13 20000 48321 
381.7 20000 48336 
388.85 20000 48352 
392.91 20000 48368 
394.77 20000 48384 
397.28 20000 48399 
402.03 20000 48415 
410.9 20000 48431 
421.27 20000 48447 
431.16 20000 48462 
441.14 20000 48478 
450.96 20000 48494 
459.38 20000 48509 
466.26 20000 48525 
474.29 20000 48541 
483.37 20000 48557 
493.39 20000 48572 
503.23 20000 48588 
513.33 20000 48604 
522.88 20000 48620 
532.51 20000 48635 
540.36 20000 48651 
547.98 20000 48667 
556.53 20000 48682 
564.87 20000 48698 
572.86 20000 48714 
581.51 20000 48730 
590.83 20000 48745 
601.16 20000 48761 
610.94 20000 48777 
620.28 20000 48793 
629.91 20000 48808 
640.17 20000 48824 
649.87 20000 48840 
659.42 20000 48855 
669.02 20000 48871 
679.19 20000 48887 
688.5 20000 48903 
697.84 20000 48918 
707.22 20000 48934 
716.88 20000 48950 
725.81 20000 48966 
734.38 20000 48981 
743.21 20000 48997 
753.13 20000 49013 
763.16 20000 49028 
772.83 20000 49044 
782.47 20000 49060 
792.56 20000 49076 
802.36 20000 49091 
812.14 20000 49107 
821.46 20000 49123 
831.4 20000 49139 
841.17 20000 49154 
850.51 20000 49170 
860.08 20000 49186 
870.22 20000 49201 
880.01 20000 49217 
889.86 20000 49233 
899.69 20000 49249 
909.79 20000 49264 
919.77 20000 49280 
929.39 20000 49296 
939.17 20000 49311 
949.2 20000 49327 
959.35 20000 49343 
969.47 20000 49359 
979 20000 49374 
988.71 20000 49390 
998.9 20000 49406 
1008.96 20000 49422 
1019.05 20000 49437 
1029.15 20000 49453 
1039.75 20000 49469 
1049.88 20000 49484 
1059.98 20000 49500 
1070.29 20000 49516 
1081.38 20000 49532 
1091.9 20000 49547 
1101.38 20000 49563 
1110.55 20000 49579 
1119.81 20000 49595 
1128.92 20000 49610 
1139.02 20000 49626 
1149.42 20000 49642 
1159.94 20000 49657 
1169.85 20000 49673 
1180.06 20000 49689 
1189.83 20000 49705 
1199.64 20000 49720 
1209.46 20000 49736 
1219.68 20000 49752 
1229.69 20000 49767 
1240.23 20000 49783 
1250.11 20000 49799 
1259.67 20000 49815 
1269.29 20000 49830 
1279.41 20000 49846 
1289.27 20000 49862 
1299.45 20000 49877 
1309.43 20000 49893 
1319.86 20000 49909 
1329.97 20000 49925 
1340.04 20000 49940 
1349.93 20000 49956 
1360.21 20000 49972 
1370.27 20000 49988 
1380.21 20000 50003 
1389.9 20000 50019 
1400.35 20000 50035 
1410.95 20000 50050 
1421.25 20000 50066 
1431.2 20000 50082 
1441.33 20000 50098 
1451.51 20000 50113 
1461.94 20000 50129 
1471.88 20000 50145 
1481.81 20000 50161 
1492.15 20000 50176 
1502.29 20000 50192 
1512.68 20000 50208 
1523.3 20000 50223 
1534 20000 50239 
1544.73 20000 50255 
1555.22 20000 50271 
1565.76 20000 50286 
1576.35 20000 50302 
1587.03 20000 50318 
1597.89 20000 50333 
1608.37 20000 50349 
1619.28 20000 50365 
1629.89 20000 50381 
1640.28 20000 50396 
1650.6 20000 50412 
1661.26 20000 50428 
1671.83 20000 50444 
1682.42 20000 50459 
1692.53 20000 50475 
1703.44 20000 50491 
1713.98 20000 50506 
1724.04 20000 50522 
1734.38 20000 50538 
1745.39 20000 50554 
1756.01 20000 50569 
1766.47 20000 50585 
1776.63 20000 50601 
1787.06 20000 50617 
1797.23 20000 50632 
1807.63 20000 50648 
1817.63 20000 50664 
1828.27 20000 50679 
1838.62 20000 50695 
1848.92 20000 50711 
1859.23 20000 50727 
1870.5 20000 50742 
1881.87 20000 50758 
1893.66 20000 50774 
1904.98 20000 50789 
1916.7 20000 50805 
1928.06 20000 50821 
1939.33 20000 50837 
1949.89 20000 50852 
1960.84 20000 50868 
1971.8 20000 50884 
1982.88 20000 50900 
1993.31 20000 50915 
2003.93 20000 50931 
2014.5 20000 50947 
2025.38 20000 50962 
2035.45 20000 50978 
2046.12 20000 50994 
2057.3 20000 51010 
2068.24 20000 51025 
2078.71 20000 51041 
2089.65 20000 51057 
2100.68 20000 51073 
2111.88 20000 51088 
2122.52 20000 51104 
2133.46 20000 51120 
2144.75 20000 51135 
2156.02 20000 51151 
2166.51 20000 51167 
2177.07 20000 51183 
2188.61 20000 51198 
2199.74 20000 51214 
2210.51 20000 51230 
2221.13 20000 51245 
2232.05 20000 51261 
2243.19 20000 51277 
2253.98 20000 51293 
2264.39 20000 51308 
2275.45 20000 51324 
2286.33 20000 51340 
2297.03 20000 51356 
2307.15 20000 51371 
2318.04 20000 51387 
2329.26 20000 51403 
2340.05 20000 51418 
2349.88 20000 51434 
2360.81 20000 51450 
2371.6 20000 51466 
2382.24 20000 51481 
2392.53 20000 51497 
2403.58 20000 51513 
2414.47 20000 51529 
2425.18 20000 51544 
2435.31 20000 51560 
2445.98 20000 51576 
2456.73 20000 51591 
2467.3 20000 51607 
2477.19 20000 51623 
2488.06 20000 51639 
2499.13 20000 51654 
2511.53 20000 51670 
2523.65 20000 51686 
2536.43 20000 51702 
2549.06 20000 51717 
2561.21 20000 51733 
2572.51 20000 51749 
2583.86 20000 51764 
2594.85 20000 51780 
2605.68 20000 51796 
2616 20000 51812 
2625.68 20000 51827 
2635.87 20000 51843 
2647.33 20000 51859 
2658.7 20000 51875 
2669.96 20000 51890 
2680.99 20000 51906 
2692.48 20000 51922 
2703.93 20000 51937 
2715.2 20000 51953 
2726.68 20000 51969 
2738.13 20000 51985 
2749.55 20000 52000 
2761.42 20000 52016 
2773.64 20000 52032 
2785.7 20000 52048 
2797.38 20000 52063 
2809.01 20000 52079 
2821.37 20000 52095 
2833.73 20000 52110 
2845.51 20000 52126 
2856.69 20000 52142 
2867.89 20000 52158 
2879.6 20000 52173 
2891.72 20000 52189 
2903.6 20000 52205 
2915.64 20000 52221 
2927.66 20000 52236 
2939.96 20000 52252 
2951.87 20000 52268 
2964.83 20000 52283 
2976.64 20000 52299 
2988.13 20000 52315 
2999.58 20000 52331 
3011.44 20000 52346 
3022.69 20000 52362 
3034.46 20000 52378 
3047.09 20000 52394 
3059.91 20000 52409 
3071.91 20000 52425 
3084.22 20000 52441 
3096.64 20000 52456 
3108.87 20000 52472 
3119.4 20000 52488 
3130.4 20000 52504 
3141.07 20000 52519 
3152.96 20000 52535 
3164.28 20000 52551 
3176.13 20000 52566 
3188.6 20000 52582 
3201.83 20000 52598 
3214 20000 52614 
3226.87 20000 52629 
3238.96 20000 52645 
3251.14 20000 52661 
3263.01 20000 52677 
3275.47 20000 52692 
3287.63 20000 52708 
3299.89 20000 52724 
3312.7 20000 52739 
3326.02 20000 52755 
3338.34 20000 52771 
3350.44 20000 52787 
3362.61 20000 52802 
3375.27 20000 52818 
3387.19 20000 52834 
3399.61 20000 52850 
3412.23 20000 52865 
3425.23 20000 52881 
3437.74 20000 52897 
3450.3 20000 52912 
3463.32 20000 52928 
3476.29 20000 52944 
3488.74 20000 52960 
3500.68 20000 52975 
3512.43 20000 52991 
3524.31 20000 53007 
3536.18 20000 53023 
3547.43 20000 53038 
3559.07 20000 53054 
3570.53 20000 53070 
3582.53 20000 53085 
3594.65 20000 53101 
3606.98 20000 53117 
3619.3 20000 53133 
3632.08 20000 53148 
3643.78 20000 53164 
3655.68 20000 53180 
3667.61 20000 53196 
3681.14 20000 53211 
3694.54 20000 53227 
3708.11 20000 53243 
3721.31 20000 53258 
3735.86 20000 53274 
3750.47 20000 53290 
3764.9 20000 53306 
3777.68 20000 53321 
3789.98 20000 53337 
3800.94 20000 53353 
3812.3 20000 53368 
3823.95 20000 53384 
3835.64 20000 53400 
3847.03 20000 53416 
3859.66 20000 53431 
3871.94 20000 53447 
3884.67 20000 53463 
3897.22 20000 53479 
3910.46 20000 53494 
3922.75 20000 53510 
3935.62 20000 53526 
3947.97 20000 53541 
3960.33 20000 53557 
3972.44 20000 53573 
3984.94 20000 53589 
3996.7 20000 53604 
4009.03 20000 53620 
4020.75 20000 53636 
4033.32 20000 53651 
4045.18 20000 53667 
4056.91 20000 53683 
4068.39 20000 53699 
4080.38 20000 53714 
4091.6 20000 53730 
4102.71 20000 53746 
4113.37 20000 53761 
4125.7 20000 53777 
4137.85 20000 53793 
4149.64 20000 53809 
4161.69 20000 53824 
4173.47 20000 53840 
4184.58 20000 53856 
4196.08 20000 53872 
4207.77 20000 53887 
4218.49 20000 53903 
4229.24 20000 53919 
4240 20000 53934 
4251.39 20000 53950 
4262.45 20000 53966 
4274.18 20000 53982 
4285.48 20000 53997 
4296.55 20000 54013 
4307.66 20000 54029 
4319.35 20000 54045 
4330.51 20000 54060 
4341.93 20000 54076 
4353.17 20000 54092 
4365.04 20000 54107 
4375.48 20000 54123 
4386.22 20000 54139 
4396.72 20000 54155 
4407.79 20000 54170 
4418.3 20000 54186 
4429.13 20000 54202 
4439.35 20000 54217 
4450 20000 54233 
4460.49 20000 54249 
4471.64 20000 54265 
4482.05 20000 54280 
4493.02 20000 54296 
4502.69 20000 54312 
4513.38 20000 54328 
4524.01 20000 54343 
4535.56 20000 54359 
4546.39 20000 54375 
4557.29 20000 54390 
4567.61 20000 54406 
4578.66 20000 54422 
4587.84 20000 54438 
4597.17 20000 54453 
4606.65 20000 54469 
4617.48 20000 54485 
4627.53 20000 54500 
4637.87 20000 54516 
4648.16 20000 54532 
4659.02 20000 54548 
4668.78 20000 54563 
4678.54 20000 54579 
4688.38 20000 54595 
4699.06 20000 54611 
4708.37 20000 54626 
4717.67 20000 54642 
4727.55 20000 54658 
4738.24 20000 54673 
4747.57 20000 54689 
4756.12 20000 54705 
4765.19 20000 54721 
4774.91 20000 54736 
4783.76 20000 54752 
4792 20000 54768 
4800.25 20000 54783 
4808.73 20000 54799 
4816.56 20000 54815 
4825.16 20000 54831 
4835.17 20000 54846 
4845.53 20000 54862 
4856.27 20000 54878 
4866.36 20000 54894 
4877 20000 54909 
4887.71 20000 54925 
4897.93 20000 54941 
4906.07 20000 54956 
4913.1 20000 54972 
4919.87 20000 54988 
4928.14 20000 55004 
4935.77 20000 55019 
4943.55 20000 55035 
4951.37 20000 55051 
4960.55 20000 55066 
4968.93 20000 55082 
4978.03 20000 55098 
4986.8 20000 55114 
4996.42 20000 55129 
5004.64 20000 55145 
5013.81 20000 55161 
5022.47 20000 55177 
5032.41 20000 55192 
5040.42 20000 55208 
5046.82 20000 55224 
5052.9 20000 55239 
5062.19 20000 55255 
5070.38 20000 55271 
5077.26 20000 55287 
5083.1 20000 55302 
5090.45 20000 55318 
5097.11 20000 55334 
5104.28 20000 55350 
5111.05 20000 55365 
5117.55 20000 55381 
5123.5 20000 55397 
5130.55 20000 55412 
5137.19 20000 55428 
5144.42 20000 55444 
5151.11 20000 55460 
5157.76 20000 55475 
5163.8 20000 55491 
5170.54 20000 55507 
5176.05 20000 55523 
5181.96 20000 55538 
5188.08 20000 55554 
5194.48 20000 55570 
5200.2 20000 55585 
5206.17 20000 55601 
5212.38 20000 55617 
5218.61 20000 55633 
5223.99 20000 55648 
5229.14 20000 55664 
5233.96 20000 55680 
5239.51 20000 55696 
5246.22 20000 55711 
5252.39 20000 55727 
5258.44 20000 55743 
5265.13 20000 55758 
5273.32 20000 55774 
5282.7 20000 55790 
5290.67 20000 55806 
5295.53 20000 55821 
5300.49 20000 55837 
5305.82 20000 55853 
5311.95 20000 55869 
5318.43 20000 55884 
5325.77 20000 55900 
5331.77 20000 55916 
5337.89 20000 55931 
5343.5 20000 55947 
5349.96 20000 55963 
5355.85 20000 55979 
5362.44 20000 55994 
5368.77 20000 56010 
5375.77 20000 56026 
5381.75 20000 56042 
5388.37 20000 56057 
5394.54 20000 56073 
5401.13 20000 56089 
5406.56 20000 56104 
5412.83 20000 56120 
5418.67 20000 56136 
5425.71 20000 56152 
5431.44 20000 56167 
5437.1 20000 56183 
5442.78 20000 56199 
5449.81 20000 56215 
5455.58 20000 56230 
5461.44 20000 56246 
5467.43 20000 56262 
5474.06 20000 56278 
5479.76 20000 56293 
5485.41 20000 56309 
5490.66 20000 56325 
5497.4 20000 56340 
5502.72 20000 56356 
5507.78 20000 56372 
5513.33 20000 56388 
5519.8 20000 56403 
5525.08 20000 56419 
5530.63 20000 56435 
5535.74 20000 56451 
5541.54 20000 56466 
5547.2 20000 56482 
5552.5 20000 56498 
5557.91 20000 56513 
5563.56 20000 56529 
5568.69 20000 56545 
5573.43 20000 56561 
5578.86 20000 56576 
5585.49 20000 56592 
5592.26 20000 56608 
5598.17 20000 56624 
5604.02 20000 56639 
5610.1 20000 56655 
5615.68 20000 56671 
5620.66 20000 56686 
5626.08 20000 56702 
5631.77 20000 56718 
5637.73 20000 56734 
5643.1 20000 56749 
5648.72 20000 56765 
5653.85 20000 56781 
5659.45 20000 56797 
5663.94 20000 56812 
5668.92 20000 56828 
5673.32 20000 56844 
5678.56 20000 56859 
5683.83 20000 56875 
5689.51 20000 56891 
5694.2 20000 56907 
5699.68 20000 56922 
5704.94 20000 56938 
5710.3 20000 56954 
5715.21 20000 56970 
5721.06 20000 56985 
5725.79 20000 57001 
5731.04 20000 57017 
5735.94 20000 57032 
5741.61 20000 57048 
5745.91 20000 57064 
5750.36 20000 57080 
5754.64 20000 57095 
5759.67 20000 57111 
5763.8 20000 57127 
5769.28 20000 57143 
5774.7 20000 57158 
5780.08 20000 57174 
5785.38 20000 57190 
5791.47 20000 57205 
5797.56 20000 57221 
5804.8 20000 57237 
5810.67 20000 57253 
5816.63 20000 57268 
5822.68 20000 57284 
5829.23 20000 57300 
5834.69 20000 57316 
5840.26 20000 57331 
5845.91 20000 57347 
5852.33 20000 57363 
5858.45 20000 57378 
5864.33 20000 57394 
5870.44 20000 57410 
5877.25 20000 57426 
5883.57 20000 57441 
5890.3 20000 57457 
5897.43 20000 57473 
5904.74 20000 57489 
5911.48 20000 57504 
5918.43 20000 57520 
5925.5 20000 57536 
5932.88 20000 57551 
5941.33 20000 57567 
5949.3 20000 57583 
5957.14 20000 57599 
5965.15 20000 57614 
5973.58 20000 57630 
5981.89 20000 57646 
5990.61 20000 57662 
5999.96 20000 57677 
6009.25 20000 57693 
6017.89 20000 57709 
6027.02 20000 57724 
6036.64 20000 57740 
6046.12 20000 57756 
6054.18 20000 57772 
6063.79 20000 57787 
6073.9 20000 57803 
6084.94 20000 57819 
6094.84 20000 57835 
6105.24 20000 57850 
6115.7 20000 57866 
6126.88 20000 57882 
6135.91 20000 57897 
6145.6 20000 57913 
6155.63 20000 57929 
6166.91 20000 57945 
6176.53 20000 57960 
6186.09 20000 57976 
6195.64 20000 57992 
6206.45 20000 58008 
6215.7 20000 58023 
6225.84 20000 58039 
6236.13 20000 58055 
6248.14 20000 58070 
6258.83 20000 58086 
6269.08 20000 58102 
6279.37 20000 58118 
6291.85 20000 58133 
6303.11 20000 58149 
6314.28 20000 58165 
6325.36 20000 58181 
6338.16 20000 58196 
6350.38 20000 58212 
6361.75 20000 58228 
6372.2 20000 58243 
6384.99 20000 58259 
6397.76 20000 58275 
6410.46 20000 58291 
6422.63 20000 58306 
6436.18 20000 58322 
6450.76 20000 58338 
6464.52 20000 58354 
6477.44 20000 58369 
6490.94 20000 58385 
6504.71 20000 58401 
6516.85 20000 58416 
6527.94 20000 58432 
6540.1 20000 58448 
6553.09 20000 58464 
6564.45 20000 58479 
6574.96 20000 58495 
6586.03 20000 58511 
6598.09 20000 58527 
6609.42 20000 58542 
6620.52 20000 58558 
6631.81 20000 58574 
6644.15 20000 58589 
6656.5 20000 58605 
6667.41 20000 58621 
6678.12 20000 58637 
6689.95 20000 58652 
6700.95 20000 58668 
6710.73 20000 58684 
6721.57 20000 58700 
6735.15 20000 58715 
6748.08 20000 58731 
6756.98 20000 58747 
6761.3 20000 58762 
6773.74 20000 58778 
6786.29 20000 58794 
6799.51 20000 58810 
6812.21 20000 58825 
6825.78 20000 58841 
6838.25 20000 58857 
6850.96 20000 58873 
6862.59 20000 58888 
6875.21 20000 58904 
6887.08 20000 58920 
6899.67 20000 58935 
6912.27 20000 58951 
6925.96 20000 58967 
6938.44 20000 58983 
6951.46 20000 58998 
6964.18 20000 59014 
6977.81 20000 59030 
6990.48 20000 59046 
7003.45 20000 59061 
7016.69 20000 59077 
7031.67 20000 59093 
7044.87 20000 59108 
7057.78 20000 59124 
7071.53 20000 59140 
7086.1 20000 59156 
7099.54 20000 59171 
7112.89 20000 59187 
7126.53 20000 59203 
7140.67 20000 59219 
7153.9 20000 59234 
7167.73 20000 59250 
7181.96 20000 59266 
7196.61 20000 59281 
7209.71 20000 59297 
7222.12 20000 59313 
7234.69 20000 59329 
7248.14 20000 59344 
7261.47 20000 59360 
7273.68 20000 59376 
7286.44 20000 59392 
7300.42 20000 59407 
7314.57 20000 59423 
7328.05 20000 59439 
7341.7 20000 59454 
7356.04 20000 59470 
7370.56 20000 59486 
7383.96 20000 59502 
7397.3 20000 59517 
7411.27 20000 59533 
7425.78 20000 59549 
7438.43 20000 59565 
7451.34 20000 59580 
7464.26 20000 59596 
7478.36 20000 59612 
7491.45 20000 59628 
7504.75 20000 59643 
7518.67 20000 59659 
7533.96 20000 59675 
7546.63 20000 59690 
7559.75 20000 59706 
7573.52 20000 59722 
7588.15 20000 59738 
7600.77 20000 59753 
7614.44 20000 59769 
7629.6 20000 59785 
7646.45 20000 59801 
7660.84 20000 59816 
7675.79 20000 59832 
7691.6 20000 59848 
7708.49 20000 59863 
7722.82 20000 59879 
7738.04 20000 59895 
7753.52 20000 59911 
7770.11 20000 59926 
7785.04 20000 59942 
7799.52 20000 59958 
7812.86 20000 59974 
7827.09 20000 59989 
7840.29 20000 60005 
7854.47 20000 60021 
7868.8 20000 60036 
7883.81 20000 60052 
7897.5 20000 60068 
7910.82 20000 60084 
7923.98 20000 60099 
7938.25 20000 60115 
7951.58 20000 60131 
7965.42 20000 60147 
7979.9 20000 60162 
7996.12 20000 60178 
8011.33 20000 60194 
8025.6 20000 60210 
8039.81 20000 60225 
8054.96 20000 60241 
8069.13 20000 60257 
8082.93 20000 60272 
8097.04 20000 60288 
8111.72 20000 60304 
8126.56 20000 60320 
8140.76 20000 60335 
8154.7 20000 60351 
8169.41 20000 60367 
8184.54 20000 60383 
8198.89 20000 60398 
8214.08 20000 60414 
8230.35 20000 60430 
8247.7 20000 60445 
8263.8 20000 60461 
8280.65 20000 60477 
8298.18 20000 60493 
8316 20000 60508 
8332.04 20000 60524 
8348.75 20000 60540 
8365.17 20000 60556 
8381.72 20000 60571 
8396.84 20000 60587 
8412.36 20000 60603 
8427.16 20000 60618 
8442.17 20000 60634 
8455.75 20000 60650 
8471.62 20000 60666 
8487.94 20000 60681 
8505.6 20000 60697 
8521.16 20000 60713 
8536.79 20000 60729 
8551.67 20000 60744 
8567.5 20000 60760 
8583.17 20000 60776 
8601.35 20000 60792 
8620.79 20000 60807 
8641.6 20000 60823 
8660.17 20000 60839 
8678.3 20000 60854 
8697.12 20000 60870 
8717.22 20000 60886 
8735.59 20000 60902 
8754.86 20000 60917 
8775 20000 60933 
8795.25 20000 60949 
8811.88 20000 60965 
8828.24 20000 60980 
8845.79 20000 60996 
8865.59 20000 61012 
8884.15 20000 61027 
8901.7 20000 61043 
8920.58 20000 61059 
8941.8 20000 61075 
8957.41 20000 61090 
8963.44 20000 61106 
8979.25 20000 61122 
9001.39 20000 61138 
9021.12 20000 61153 
9037.78 20000 61169 
9055.51 20000 61185 
9075.61 20000 61200 
9095.14 20000 61216 
9112.54 20000 61232 
9130.95 20000 61248 
9151.59 20000 61263 
9172.12 20000 61279 
9190.18 20000 61295 
9209.84 20000 61311 
9232.57 20000 61326 
9256.93 20000 61342 
9278.71 20000 61358 
9302.16 20000 61373 
9327.43 20000 61389 
9353.44 20000 61405 
9376.24 20000 61421 
9400.26 20000 61436 
9426.18 20000 61452 
9452.59 20000 61468 
9476.44 20000 61484 
9500.29 20000 61499 
9525.48 20000 61515 
9552.25 20000 61531 
9575.26 20000 61547 
9597.69 20000 61562 
9620.5 20000 61578 
9645.76 20000 61594 
9668.23 20000 61609 
9689.05 20000 61625 
9710.55 20000 61641 
9735.56 20000 61657 
9760 20000 61672 
9782.79 20000 61688 
9805.16 20000 61704 
9830.63 20000 61719 
9855.43 20000 61735 
9880.34 20000 61751 
9903.54 20000 61767 
9928.51 20000 61782 
9953.19 20000 61798 
9977.82 20000 61814 
10001.44 20000 61830 
10026.23 20000 61845 
10049.86 20000 61861 
10074.63 20000 61877 
10099.46 20000 61892 
10125.7 20000 61908 
10151.69 20000 61924 
10177.57 20000 61940 
10203 20000 61955 
10230.26 20000 61971 
10257.76 20000 61987 
10285.37 20000 62003 
10313.84 20000 62018 
10342.6 20000 62034 
10370.41 20000 62050 
10398.05 20000 62065 
10426.8 20000 62081 
10457.14 20000 62097 
10486.97 20000 62113 
10516.02 20000 62128 
10544.76 20000 62144 
10573.54 20000 62160 
10602.87 20000 62176 
10632.08 20000 62191 
10663.43 20000 62207 
10695.13 20000 62223 
10725.83 20000 62239 
10754.71 20000 62254 
10784.83 20000 62270 
10815.47 20000 62286 
10846.77 20000 62301 
10877.01 20000 62317 
10909.49 20000 62333 
10942.02 20000 62349 
10974.17 20000 62364 
11002.15 20000 62380 
11031.67 20000 62396 
11064.05 20000 62412 
11097.89 20000 62427 
11128.56 20000 62443 
11160.82 20000 62459 
11194.39 20000 62474 
11229.12 20000 62490 
11262.58 20000 62506 
11297.69 20000 62522 
11332.81 20000 62537 
11369.13 20000 62553 
11403.27 20000 62569 
11438.71 20000 62585 
11474.8 20000 62600 
11513.44 20000 62616 
11550.16 20000 62632 
11586.98 20000 62647 
11624.49 20000 62663 
11662.8 20000 62679 
11698.95 20000 62695 
11736.91 20000 62710 
11774.08 20000 62726 
11812.03 20000 62742 
11849.04 20000 62758 
11885.27 20000 62773 
11919.9 20000 62789 
11955.7 20000 62805 
11989.43 20000 62821 
12022.17 20000 62836 
12056.08 20000 62852 
12092.68 20000 62868 
12129.46 20000 62883 
12166.9 20000 62899 
12205.78 20000 62915 
12245.63 20000 62931 
12283.74 20000 62946 
12321.22 20000 62962 
12359.95 20000 62978 
12400.68 20000 62994 
12440.79 20000 63009 
12479.56 20000 63025 
12518.33 20000 63041 
12557.46 20000 63056 
12595.41 20000 63072 
12632.75 20000 63088 
12671.32 20000 63104 
12709.58 20000 63119 
12747.37 20000 63135 
12783 20000 63151 
12818.91 20000 63167 
12853.94 20000 63182 
12887.63 20000 63198 
12920.13 20000 63214 
12955.97 20000 63229 
12994.11 20000 63245 
13033.11 20000 63261 
13071.39 20000 63277 
13111.88 20000 63292 
13150.75 20000 63308 
13189.23 20000 63324 
13226.54 20000 63340 
13264.4 20000 63355 
13301.92 20000 63371 
13341 20000 63387 
13378.08 20000 63402 
13416.38 20000 63418 
13454.62 20000 63434 
13493.38 20000 63450 
13529.88 20000 63465 
13567.03 20000 63481 
13603.26 20000 63497 
13639.56 20000 63513 
13673.17 20000 63528 
13707.69 20000 63544 
13742.94 20000 63560 
13781.24 20000 63575 
13819.7 20000 63591 
13859.96 20000 63607 
13901.37 20000 63623 
13944.78 20000 63638 
13986.25 20000 63654 
14029.32 20000 63670 
14071.9 20000 63686 
14114.58 20000 63701 
14154.5 20000 63717 
14193.26 20000 63733 
14232.3 20000 63749 
14273.77 20000 63764 
14313.99 20000 63780 
14354.79 20000 63796 
14395.3 20000 63811 
14435.89 20000 63827 
14474.24 20000 63843 
14511.26 20000 63859 
14549.41 20000 63874 
14589.3 20000 63890 
14627.73 20000 63906 
14665.76 20000 63922 
14705.94 20000 63937 
14747.24 20000 63953 
14787.61 20000 63969 
14826.91 20000 63984 
14868.92 20000 64000 
14912.81 20000 64016 
14956.64 20000 64032 
14998.11 20000 64047 
15040.99 20000 64063 
15086.19 20000 64079 
15127.75 20000 64095 
15163.29 20000 64110 
15205.62 20000 64126 
15249.18 20000 64142 
15292.58 20000 64157 
15333.93 20000 64173 
15377.89 20000 64189 
15424.08 20000 64205 
15470.54 20000 64220 
15512.47 20000 64236 
15555.31 20000 64252 
15598.71 20000 64268 
15642.23 20000 64283 
15681.19 20000 64299 
15721.24 20000 64315 
15763.36 20000 64330 
15807.58 20000 64346 
15848.13 20000 64362 
15890.34 20000 64378 
15934.78 20000 64393 
15980.49 20000 64409 
16021.76 20000 64425 
16063.17 20000 64441 
16107.16 20000 64456 
16153.8 20000 64472 
16196.48 20000 64488 
16239.48 20000 64503 
16285.33 20000 64519 
16334.08 20000 64535 
16378.82 20000 64551 
16422.4 20000 64566 
16468.74 20000 64582 
16518.52 20000 64598 
16563.98 20000 64614 
16608.5 20000 64629 
16656.4 20000 64645 
16706.98 20000 64661 
16755.45 20000 64676 
16801.93 20000 64692 
16848.89 20000 64708 
16898.86 20000 64724 
16947.56 20000 64739 
16994.88 20000 64755 
17043.82 20000 64771 
17095.4 20000 64787 
17146.15 20000 64802 
17194.55 20000 64818 
17242.71 20000 64834 
17292.57 20000 64849 
17344.04 20000 64865 
17394.71 20000 64881 
17446.5 20000 64897 
17499.63 20000 64912 
17553.33 20000 64928 
17605.57 20000 64944 
17658.63 20000 64960 
17710.56 20000 64975 
17762.54 20000 64991 
17813.4 20000 65007 
17866.12 20000 65022 
17919.47 20000 65038 
17972.85 20000 65054 
18024.18 20000 65070 
18077.87 20000 65085 
18131.78 20000 65101 
18185.42 20000 65117 
18237.47 20000 65133 
18291.79 20000 65148 
18347.05 20000 65164 
18402.25 20000 65180 
18453.57 20000 65195 
18507.42 20000 65211 
18562.53 20000 65227 
18618.5 20000 65243 
18671.86 20000 65258 
18724.29 20000 65274 
18776.51 20000 65290 
18830.28 20000 65306 
18883 20000 65321 
18937.13 20000 65337 
18991.39 20000 65353 
19046.7 20000 65369 
19100 20000 65384 
19153.58 20000 65400 
19206.34 20000 65416 
19260.93 20000 65431 
19314.11 20000 65447 
19367.4 20000 65463 
19420.94 20000 65479 
19476.37 20000 65494 
19531.67 20000 65510 
19586.12 20000 65526 
19640.6 20000 65542 
19695.66 20000 65557 
19750.51 20000 65573 
19805.29 20000 65589 
19860.07 20000 65604 
19915.74 20000 65620 
19971.02 20000 65636 
20025.88 20000 65652 
20081.51 20000 65667 
20137.18 20000 65668 
20165.24 20000 65668 
20107.84 20000 65668 
20025.16 20000 65668 
19953.68 20000 65668 
19890.18 20000 65668 
19832.43 20000 65668 
19777.04 20000 65668 
19717.9 20000 65668 
19667.45 20000 65668 
19623.45 20000 65668 
19581.69 20000 65668 
19542.14 20000 65668 
19504.59 20000 65668 
19468.5 20000 65668 
19433.71 20000 65668 
19400.14 20000 65668 
19367.65 20000 65668 
19335.89 20000 65668 
19305.5 20000 65668 
19275.83 20000 65668 
19246.97 20000 65668 
19218.62 20000 65668 
19191.52 20000 65668 
19165.38 20000 65668 
19139.57 20000 65668 
19114.37 20000 65668 
19089.68 20000 65668 
19065.73 20000 65668 
19042.38 20000 65668 
19019.36 20000 65668 
18996.85 20000 65668 
18974.91 20000 65668 
18953.69 20000 65668 
18933 20000 65668 
18912.25 20000 65668 
18892.03 20000 65668 
18872.05 20000 65668 
18852.39 20000 65668 
18833.18 20000 65668 
18814.62 20000 65668 
18796.6 20000 65668 
18778.84 20000 65668 
18761.31 20000 65668 
18744.08 20000 65668 
18727.33 20000 65668 
18711.06 20000 65668 
18694.43 20000 65668 
18677.91 20000 65668 
18661.5 20000 65668 
18645.4 20000 65668 
18629.62 20000 65668 
18614.21 20000 65668 
18598.66 20000 65668 
18583.24 20000 65668 
18567.75 20000 65668 
18552.7 20000 65668 
18537.85 20000 65668 
18522.99 20000 65668 
18508.8 20000 65668 
18494.91 20000 65668 
18481.03 20000 65668 
18466.99 20000 65668 
18453.03 20000 65668 
18439.65 20000 65668 
18426.47 20000 65668 
18413.01 20000 65668 
18399.61 20000 65668 
18386.49 20000 65668 
18373.81 20000 65668 
18361.41 20000 65668 
18349.82 20000 65668 
18338.62 20000 65668 
18326.98 20000 65668 
18315.05 20000 65668 
18303.65 20000 65668 
18292.79 20000 65668 
18281.64 20000 65668 
18270.5 20000 65668 
18259.67 20000 65668 
18249.25 20000 65668 
18238.59 20000 65668 
18227.99 20000 65668 
18218.38 20000 65668 
18208.74 20000 65668 
18198.71 20000 65668 
18188.37 20000 65668 
18178.01 20000 65668 
18167.66 20000 65668 
18157.53 20000 65668 
18148.02 20000 65668 
18139 20000 65668 
18129.9 20000 65668 
18120.19 20000 65668 
18110.36 20000 65668 
18100.94 20000 65668 
18091.88 20000 65668 
18082.51 20000 65668 
18073.29 20000 65668 
18064.05 20000 65668 
18054.36 20000 65668 
18045.09 20000 65668 
18036.31 20000 65668 
18027.59 20000 65668 
18018.76 20000 65668 
18010.24 20000 65668 
18001.42 20000 65668 
17991.94 20000 65668 
17982.15 20000 65668 
17972.49 20000 65668 
17962.89 20000 65668 
17953.36 20000 65668 
17943.6 20000 65668 
17934.61 20000 65668 
17925.61 20000 65668 
17917.01 20000 65668 
17908.61 20000 65668 
17900.14 20000 65668 
17891.63 20000 65668 
17882.8 20000 65668 
17874.06 20000 65668 
17865.37 20000 65668 
17856.97 20000 65668 
17848.2 20000 65668 
17839.4 20000 65668 
17831.19 20000 65668 
17822.7 20000 65668 
17814.51 20000 65668 
17806.58 20000 65668 
17798.41 20000 65668 
17790.46 20000 65668 
