31.7 20000 48401 
31.8 20000 48401 
31.73 20000 48401 
31.39 20000 48401 
31.56 20000 48401 
31.96 20000 48401 
32.07 20000 48401 
31.94 20000 48401 
31.75 20000 48401 
31.54 20000 48401 
31.59 20000 48401 
31.65 20000 48401 
31.53 20000 48401 
31.72 20000 48401 
31.77 20000 48401 
31.95 20000 48401 
31.72 20000 48401 
31.3 20000 48401 
31.45 20000 48401 
32.65 20000 48559 
61.18 20000 48721 
148.93 20000 48741 
213.08 20000 48757 
195.59 20000 48772 
178.27 20000 48788 
174.81 20000 48804 
176.05 20000 48819 
179.12 20000 48835 
182.99 20000 48851 
187.15 20000 48867 
192.08 20000 48882 
197.41 20000 48898 
202.77 20000 48914 
208.37 20000 48929 
214.59 20000 48945 
220.81 20000 48961 
226.69 20000 48977 
232.77 20000 48992 
239.23 20000 49008 
245.47 20000 49024 
251.55 20000 49039 
257.94 20000 49055 
264.48 20000 49071 
271.32 20000 49087 
278 20000 49102 
284.83 20000 49118 
291.36 20000 49134 
298.18 20000 49149 
305.08 20000 49165 
312.36 20000 49181 
318.96 20000 49197 
325.95 20000 49212 
332.66 20000 49228 
339.26 20000 49244 
345.87 20000 49259 
352.85 20000 49275 
359.66 20000 49291 
366.54 20000 49307 
373.23 20000 49322 
380.61 20000 49338 
387.61 20000 49354 
394.41 20000 49370 
401.19 20000 49385 
408.5 20000 49401 
414.99 20000 49417 
421.33 20000 49432 
425.91 20000 49448 
428.4 20000 49464 
430.35 20000 49480 
434.34 20000 49495 
437.92 20000 49511 
441.73 20000 49527 
448.42 20000 49542 
458.28 20000 49558 
467.11 20000 49574 
473.91 20000 49590 
480.13 20000 49605 
488.57 20000 49621 
496.78 20000 49637 
504.62 20000 49652 
511.69 20000 49668 
518.92 20000 49684 
526.08 20000 49700 
533.32 20000 49715 
539.83 20000 49731 
545.75 20000 49747 
551.8 20000 49762 
558.29 20000 49778 
565.17 20000 49794 
571.99 20000 49810 
577.81 20000 49825 
582.28 20000 49841 
586.74 20000 49857 
592.75 20000 49872 
601.72 20000 49888 
611.22 20000 49904 
620.54 20000 49920 
629.11 20000 49935 
637.56 20000 49951 
645.5 20000 49967 
653.51 20000 49982 
661.44 20000 49998 
668.87 20000 50014 
676.71 20000 50030 
684.88 20000 50045 
692.4 20000 50061 
700.3 20000 50077 
707.94 20000 50092 
715.9 20000 50108 
723.42 20000 50124 
731.38 20000 50140 
738.91 20000 50155 
746.72 20000 50171 
754.34 20000 50187 
762.5 20000 50202 
770.66 20000 50218 
779.03 20000 50234 
787.05 20000 50250 
795.28 20000 50265 
802.87 20000 50281 
811.07 20000 50297 
819.5 20000 50313 
828.05 20000 50328 
835.79 20000 50344 
843.67 20000 50360 
851.38 20000 50375 
859.39 20000 50391 
866.92 20000 50407 
874.67 20000 50423 
882.62 20000 50438 
890.36 20000 50454 
897.43 20000 50470 
905.48 20000 50485 
913.48 20000 50501 
921.14 20000 50517 
928.63 20000 50533 
936.63 20000 50548 
944.42 20000 50564 
951.78 20000 50580 
959.26 20000 50595 
966.96 20000 50611 
974.86 20000 50627 
982.61 20000 50643 
990.13 20000 50658 
997.87 20000 50674 
1006.01 20000 50690 
1013.64 20000 50705 
1021.08 20000 50721 
1028.52 20000 50737 
1036.5 20000 50753 
1044.67 20000 50768 
1052.47 20000 50784 
1059.73 20000 50800 
1067.9 20000 50815 
1076.16 20000 50831 
1083.85 20000 50847 
1091.29 20000 50863 
1099.63 20000 50878 
1107.72 20000 50894 
1115.15 20000 50910 
1122.25 20000 50925 
1130.11 20000 50941 
1137.76 20000 50957 
1145.61 20000 50973 
1152.61 20000 50988 
1160.55 20000 51004 
1168.31 20000 51020 
1176 20000 51035 
1183.02 20000 51051 
1191.21 20000 51067 
1199.05 20000 51083 
1207.16 20000 51098 
1214.44 20000 51114 
1222.47 20000 51130 
1230.62 20000 51145 
1238.75 20000 51161 
1246.13 20000 51177 
1253.99 20000 51193 
1261.94 20000 51208 
1269.92 20000 51224 
1277.51 20000 51240 
1285.44 20000 51255 
1293.57 20000 51271 
1301.92 20000 51287 
1309.23 20000 51303 
1316.72 20000 51318 
1324.79 20000 51334 
1333.35 20000 51350 
1340.88 20000 51365 
1348.55 20000 51381 
1356.94 20000 51397 
1365.19 20000 51413 
1373.48 20000 51428 
1381.4 20000 51444 
1389.75 20000 51460 
1397.95 20000 51475 
1405.72 20000 51491 
1413.66 20000 51507 
1422 20000 51523 
1430.34 20000 51538 
1438.2 20000 51554 
1446.32 20000 51570 
1454.82 20000 51585 
1463.26 20000 51601 
1471.2 20000 51617 
1479.28 20000 51633 
1488.54 20000 51648 
1498.2 20000 51664 
1507.63 20000 51680 
1516.44 20000 51695 
1525.2 20000 51711 
1532.65 20000 51727 
1539.94 20000 51743 
1546.88 20000 51758 
1554.78 20000 51774 
1562.65 20000 51790 
1570.88 20000 51805 
1578.46 20000 51821 
1586.33 20000 51837 
1594.08 20000 51853 
1602.26 20000 51868 
1609.56 20000 51884 
1617.13 20000 51900 
1625.28 20000 51915 
1633.89 20000 51931 
1642.34 20000 51947 
1651.12 20000 51963 
1659.88 20000 51978 
1668.94 20000 51994 
1677.75 20000 52010 
1687.1 20000 52025 
1695.95 20000 52041 
1705 20000 52057 
1713.43 20000 52073 
1722.47 20000 52088 
1731.21 20000 52104 
1740.03 20000 52120 
1748.54 20000 52136 
1757.3 20000 52151 
1765.6 20000 52167 
1774.31 20000 52183 
1782.71 20000 52198 
1791.86 20000 52214 
1800.53 20000 52230 
1808.75 20000 52246 
1816.97 20000 52261 
1825.28 20000 52277 
1833.06 20000 52293 
1840.56 20000 52308 
1848.5 20000 52324 
1857.27 20000 52340 
1866.06 20000 52356 
1874.29 20000 52371 
1882.32 20000 52387 
1890.96 20000 52403 
1899.62 20000 52418 
1907.96 20000 52434 
1916.46 20000 52450 
1924.95 20000 52466 
1933.17 20000 52481 
1941.22 20000 52497 
1949.35 20000 52513 
1957.49 20000 52528 
1966.36 20000 52544 
1975.03 20000 52560 
1984.27 20000 52576 
1993.31 20000 52591 
2002.56 20000 52607 
2011 20000 52623 
2019.79 20000 52638 
2027.86 20000 52654 
2036.17 20000 52670 
2045.36 20000 52686 
2055.17 20000 52701 
2063.79 20000 52717 
2073.61 20000 52733 
2083.03 20000 52748 
2092.13 20000 52764 
2100.67 20000 52780 
2110.28 20000 52796 
2119.74 20000 52811 
2129.65 20000 52827 
2138.67 20000 52843 
2148.08 20000 52858 
2157.68 20000 52874 
2167.56 20000 52890 
2176.26 20000 52906 
2185.78 20000 52921 
2195.4 20000 52937 
2205.33 20000 52953 
2214.3 20000 52968 
2223.78 20000 52984 
2233.36 20000 53000 
2243.06 20000 53016 
2252.35 20000 53031 
2262.24 20000 53047 
2272.18 20000 53063 
2282.68 20000 53078 
2292.22 20000 53094 
2301.6 20000 53110 
2311.08 20000 53126 
2321.1 20000 53141 
2330.49 20000 53157 
2339.74 20000 53173 
2349.27 20000 53189 
2359.11 20000 53204 
2368.6 20000 53220 
2378.25 20000 53236 
2388.46 20000 53251 
2398.31 20000 53267 
2407.93 20000 53283 
2417.31 20000 53299 
2427.04 20000 53314 
2436.75 20000 53330 
2446.23 20000 53346 
2455.15 20000 53361 
2465.12 20000 53377 
2475.47 20000 53393 
2485.72 20000 53409 
2495.13 20000 53424 
2504.99 20000 53440 
2514.94 20000 53456 
2524.98 20000 53471 
2534.37 20000 53487 
2544.81 20000 53503 
2554.48 20000 53519 
2564.19 20000 53534 
2573.67 20000 53550 
2583.77 20000 53566 
2593.32 20000 53581 
2602.94 20000 53597 
2612.31 20000 53613 
2622.59 20000 53629 
2632.6 20000 53644 
2642.91 20000 53660 
2651.88 20000 53676 
2661.92 20000 53691 
2671.71 20000 53707 
2681.1 20000 53723 
2689.69 20000 53739 
2699.19 20000 53754 
2708.46 20000 53770 
2717.98 20000 53786 
2726.2 20000 53801 
2735.32 20000 53817 
2744.4 20000 53833 
2753.62 20000 53849 
2762.13 20000 53864 
2771.72 20000 53880 
2781.56 20000 53896 
2791.08 20000 53911 
2799.25 20000 53927 
2806.66 20000 53943 
2815.07 20000 53959 
2823.6 20000 53974 
2833.53 20000 53990 
2843.92 20000 54006 
2854.24 20000 54022 
2863.94 20000 54037 
2872.47 20000 54053 
2882.01 20000 54069 
2891.67 20000 54084 
2901.2 20000 54100 
2910.56 20000 54116 
2920.51 20000 54132 
2930.96 20000 54147 
2941.67 20000 54163 
2951.67 20000 54179 
2961.61 20000 54194 
2972.26 20000 54210 
2982.79 20000 54226 
2992.89 20000 54242 
3003.07 20000 54257 
3014.02 20000 54273 
3024.46 20000 54289 
3035.07 20000 54304 
3045.24 20000 54320 
3056.2 20000 54336 
3067.27 20000 54352 
3077.91 20000 54367 
3087.92 20000 54383 
3098.89 20000 54399 
3110.02 20000 54414 
3121.11 20000 54430 
3131.36 20000 54446 
3142.46 20000 54462 
3153.02 20000 54477 
3164.19 20000 54493 
3174.44 20000 54509 
3184.85 20000 54524 
3195.16 20000 54540 
3206.57 20000 54556 
3216.82 20000 54572 
3227.82 20000 54587 
3238.69 20000 54603 
3250.24 20000 54619 
3260.64 20000 54634 
3271.71 20000 54650 
3282.82 20000 54666 
3294.51 20000 54682 
3305.37 20000 54697 
3316.55 20000 54713 
3327.6 20000 54729 
3339.21 20000 54744 
3350.86 20000 54760 
3363.22 20000 54776 
3374.69 20000 54792 
3387.7 20000 54807 
3400.54 20000 54823 
3412.58 20000 54839 
3423.15 20000 54854 
3434.17 20000 54870 
3445.15 20000 54886 
3455.79 20000 54902 
3466.62 20000 54917 
3478.13 20000 54933 
3489.03 20000 54949 
3499.15 20000 54964 
3508.83 20000 54980 
3519.61 20000 54996 
3530.55 20000 55012 
3541.31 20000 55027 
3552.35 20000 55043 
3563.34 20000 55059 
3574.43 20000 55074 
3585.69 20000 55090 
3596.85 20000 55106 
3607.62 20000 55122 
3619.22 20000 55137 
3630.38 20000 55153 
3641.8 20000 55169 
3653.78 20000 55185 
3666.53 20000 55200 
3678.07 20000 55216 
3689.28 20000 55232 
3700.82 20000 55247 
3712.58 20000 55263 
3723.76 20000 55279 
3735.91 20000 55295 
3748.03 20000 55310 
3760.75 20000 55326 
3772.34 20000 55342 
3784.35 20000 55357 
3796.24 20000 55373 
3808.9 20000 55389 
3819.89 20000 55405 
3831.41 20000 55420 
3842.75 20000 55436 
3854.94 20000 55452 
3866.28 20000 55467 
3878.67 20000 55483 
3890.47 20000 55499 
3902.84 20000 55515 
3915 20000 55530 
3928 20000 55546 
3940.03 20000 55562 
3952.39 20000 55577 
3964.3 20000 55593 
3976.92 20000 55609 
3989.51 20000 55625 
4002.94 20000 55640 
4015.09 20000 55656 
4027.05 20000 55672 
4038.82 20000 55687 
4051.24 20000 55703 
4063.33 20000 55719 
4075.7 20000 55735 
4087.77 20000 55750 
4101.57 20000 55766 
4116.1 20000 55782 
4129.06 20000 55797 
4140.21 20000 55813 
4152.28 20000 55829 
4164.44 20000 55845 
4176.6 20000 55860 
4188.99 20000 55876 
4202.28 20000 55892 
4215.92 20000 55907 
4229.47 20000 55923 
4243.17 20000 55939 
4257.18 20000 55955 
4271.72 20000 55970 
4285.81 20000 55986 
4300.05 20000 56002 
4314.35 20000 56018 
4328.3 20000 56033 
4341.86 20000 56049 
4355.77 20000 56065 
4369.55 20000 56080 
4383.78 20000 56096 
4396.87 20000 56112 
4410.04 20000 56128 
4423.55 20000 56143 
4438.61 20000 56159 
4452.68 20000 56175 
4466.97 20000 56190 
4480.5 20000 56206 
4494.83 20000 56222 
4508.18 20000 56238 
4521.96 20000 56253 
4535.62 20000 56269 
4550.54 20000 56285 
4564.59 20000 56300 
4578.46 20000 56316 
4591.32 20000 56332 
4605.49 20000 56348 
4619.26 20000 56363 
4633.47 20000 56379 
4646.82 20000 56395 
4661.56 20000 56410 
4675.69 20000 56426 
4689.93 20000 56442 
4703.1 20000 56458 
4717.41 20000 56473 
4731.06 20000 56489 
4744.8 20000 56505 
4758.33 20000 56520 
4772.86 20000 56536 
4787.23 20000 56552 
4801.76 20000 56568 
4816.24 20000 56583 
4831.77 20000 56599 
4846.42 20000 56615 
4861.26 20000 56631 
4875.68 20000 56646 
4891.08 20000 56662 
4905.85 20000 56678 
4921.03 20000 56693 
4936.17 20000 56709 
4951.92 20000 56725 
4966.85 20000 56741 
4981.07 20000 56756 
4995.32 20000 56772 
5010.62 20000 56788 
5026.38 20000 56803 
5041.74 20000 56819 
5056.82 20000 56835 
5072.27 20000 56851 
5087.53 20000 56866 
5101.64 20000 56882 
5115.94 20000 56898 
5130.71 20000 56913 
5146.01 20000 56929 
5160.85 20000 56945 
5176.14 20000 56961 
5190.89 20000 56976 
5205.74 20000 56992 
5219.62 20000 57008 
5234.32 20000 57023 
5249.23 20000 57039 
5265.18 20000 57055 
5279.85 20000 57071 
5294.52 20000 57086 
5308.82 20000 57102 
5324.92 20000 57118 
5339.79 20000 57133 
5354.05 20000 57149 
5368.02 20000 57165 
5383.38 20000 57181 
5397.86 20000 57196 
5412.35 20000 57212 
5426.36 20000 57228 
5440.56 20000 57243 
5454.44 20000 57259 
5470.62 20000 57275 
5487.1 20000 57291 
5502.39 20000 57306 
5515.7 20000 57322 
5530.73 20000 57338 
5546.17 20000 57354 
5562.52 20000 57369 
5577.46 20000 57385 
5593.33 20000 57401 
5609.35 20000 57416 
5626.53 20000 57432 
5642.18 20000 57448 
5657.98 20000 57464 
5674.3 20000 57479 
5691.24 20000 57495 
5706.94 20000 57511 
5723.62 20000 57526 
5740.74 20000 57542 
5758.12 20000 57558 
5774.72 20000 57574 
5790.8 20000 57589 
5807.48 20000 57605 
5825.27 20000 57621 
5842.63 20000 57636 
5858.81 20000 57652 
5875.49 20000 57668 
5892.35 20000 57684 
5909.46 20000 57699 
5926.28 20000 57715 
5943.23 20000 57731 
5961.03 20000 57746 
5979.29 20000 57762 
5996.68 20000 57778 
6014.47 20000 57794 
6032.66 20000 57809 
6050.69 20000 57825 
6067.21 20000 57841 
6083.58 20000 57856 
6099.14 20000 57872 
6115.88 20000 57888 
6131.17 20000 57904 
6146.93 20000 57919 
6164.64 20000 57935 
6184.95 20000 57951 
6203.53 20000 57966 
6222.64 20000 57982 
6241.94 20000 57998 
6262.45 20000 58014 
6280.61 20000 58029 
6299.04 20000 58045 
6317.72 20000 58061 
6338.25 20000 58077 
6356.83 20000 58092 
6374.06 20000 58108 
6391.88 20000 58124 
6411.82 20000 58139 
6430.13 20000 58155 
6448.44 20000 58171 
6467.63 20000 58187 
6489 20000 58202 
6508.92 20000 58218 
6528.35 20000 58234 
6547.66 20000 58249 
6569.4 20000 58265 
6590.19 20000 58281 
6609.79 20000 58297 
6628.61 20000 58312 
6649.1 20000 58328 
6669.16 20000 58344 
6687.86 20000 58359 
6705.64 20000 58375 
6725.94 20000 58391 
6746.51 20000 58407 
6765.28 20000 58422 
6784.05 20000 58438 
6805.55 20000 58454 
6827.64 20000 58469 
6848.36 20000 58485 
6868.14 20000 58501 
6889.66 20000 58517 
6911.36 20000 58532 
6931.08 20000 58548 
6950.2 20000 58564 
6970.82 20000 58579 
6992.28 20000 58595 
7012.92 20000 58611 
7033.4 20000 58627 
7055.1 20000 58642 
7077.45 20000 58658 
7098.65 20000 58674 
7118.98 20000 58689 
7140.1 20000 58705 
7162.67 20000 58721 
7184.19 20000 58737 
7205.42 20000 58752 
7227.21 20000 58768 
7249.77 20000 58784 
7271.14 20000 58799 
7293.29 20000 58815 
7315.19 20000 58831 
7338.74 20000 58847 
7360.9 20000 58862 
7380.63 20000 58878 
7392.71 20000 58894 
7415.61 20000 58909 
7441.91 20000 58925 
7467.27 20000 58941 
7491.37 20000 58957 
7516.11 20000 58972 
7539.74 20000 58988 
7563.74 20000 59004 
7586.96 20000 59019 
7613.2 20000 59035 
7638.77 20000 59051 
7663.99 20000 59067 
7690.01 20000 59082 
7716.83 20000 59098 
7741.2 20000 59114 
7766.48 20000 59129 
7791.23 20000 59145 
7816.14 20000 59161 
7839.4 20000 59177 
7863.44 20000 59192 
7887.29 20000 59208 
7912.87 20000 59224 
7937.65 20000 59239 
7961.51 20000 59255 
7986.71 20000 59271 
8013.8 20000 59287 
8039.29 20000 59302 
8064.01 20000 59318 
8089.14 20000 59334 
8116.12 20000 59349 
8142.26 20000 59365 
8165.76 20000 59381 
8189.84 20000 59397 
8215.98 20000 59412 
8241.47 20000 59428 
8264.91 20000 59444 
8288.96 20000 59459 
8314.13 20000 59475 
8339.23 20000 59491 
8363.28 20000 59507 
8387.61 20000 59522 
8412.81 20000 59538 
8438.75 20000 59554 
8463.16 20000 59569 
8488.31 20000 59585 
8514.62 20000 59601 
8542.79 20000 59617 
8568.7 20000 59632 
8593.95 20000 59648 
8619.04 20000 59664 
8644.78 20000 59679 
8667.74 20000 59695 
8691.98 20000 59711 
8717.63 20000 59727 
8744.51 20000 59742 
8768.2 20000 59758 
8791.87 20000 59774 
8815.86 20000 59790 
8841.23 20000 59805 
8864.59 20000 59821 
8889.01 20000 59837 
8915.36 20000 59852 
8943.89 20000 59868 
8970.55 20000 59884 
8999.31 20000 59900 
9027.56 20000 59915 
9056.77 20000 59931 
9083.2 20000 59947 
9108.7 20000 59962 
9133.19 20000 59978 
9158.36 20000 59994 
9181.34 20000 60010 
9205.01 20000 60025 
9229.68 20000 60041 
9256.13 20000 60057 
9280.59 20000 60072 
9304.62 20000 60088 
9327.86 20000 60104 
9351.76 20000 60120 
9374.99 20000 60135 
9398.83 20000 60151 
9423.22 20000 60167 
9448.6 20000 60182 
9473.35 20000 60198 
9499.02 20000 60214 
9525.88 20000 60230 
9554.19 20000 60245 
9582.44 20000 60261 
9609.58 20000 60277 
9636.65 20000 60292 
9664.16 20000 60308 
9690.22 20000 60324 
9714.53 20000 60340 
9738.82 20000 60355 
9762.76 20000 60371 
9787.05 20000 60387 
9809.92 20000 60403 
9833.71 20000 60418 
9858.67 20000 60434 
9884.38 20000 60450 
9907.58 20000 60465 
9930.68 20000 60481 
9954.15 20000 60497 
9978.67 20000 60513 
10003.03 20000 60528 
10030.94 20000 60544 
10061.22 20000 60560 
10092.53 20000 60575 
10120.56 20000 60591 
10149 20000 60607 
10176.41 20000 60623 
10202.89 20000 60638 
10226.17 20000 60654 
10250.42 20000 60670 
10273.5 20000 60685 
10297.86 20000 60701 
10319.83 20000 60717 
10342.03 20000 60733 
10365.81 20000 60748 
10393.28 20000 60764 
10420.08 20000 60780 
10448.54 20000 60795 
10474.91 20000 60811 
10502.21 20000 60827 
10528.03 20000 60843 
10552.99 20000 60858 
10577.98 20000 60874 
10605.59 20000 60890 
10631.51 20000 60906 
10657.04 20000 60921 
10682.42 20000 60937 
10710.7 20000 60953 
10737.26 20000 60968 
10759.05 20000 60984 
10784.96 20000 61000 
10816.93 20000 61016 
10845.59 20000 61031 
10871.64 20000 61047 
10896.79 20000 61063 
10923.12 20000 61078 
10947 20000 61094 
10968.4 20000 61110 
10990.9 20000 61126 
11016.26 20000 61141 
11042.3 20000 61157 
11064.86 20000 61173 
11088.7 20000 61188 
11116.37 20000 61204 
11143.96 20000 61220 
11168.56 20000 61236 
11194.47 20000 61251 
11223.31 20000 61267 
11252.78 20000 61283 
11278.29 20000 61298 
11304.5 20000 61314 
11332.77 20000 61330 
11362.4 20000 61346 
11389.63 20000 61361 
11418.39 20000 61377 
11449.62 20000 61393 
11481.69 20000 61408 
11508.96 20000 61424 
11537.34 20000 61440 
11566.94 20000 61456 
11598.57 20000 61471 
11627.02 20000 61487 
11655.38 20000 61503 
11684.43 20000 61518 
11715.95 20000 61534 
11745.38 20000 61550 
11774.88 20000 61566 
11804.47 20000 61581 
11835.75 20000 61597 
11864.81 20000 61613 
11894.3 20000 61628 
11923.32 20000 61644 
11954.35 20000 61660 
11982.97 20000 61676 
12013.08 20000 61691 
12043.93 20000 61707 
12076.5 20000 61723 
12107.59 20000 61739 
12140.18 20000 61754 
12172 20000 61770 
12204.16 20000 61786 
12234.55 20000 61801 
12265.51 20000 61817 
12297.2 20000 61833 
12330.41 20000 61848 
12361.7 20000 61864 
12393.04 20000 61880 
12424.29 20000 61896 
12455.94 20000 61911 
12486.33 20000 61927 
12517.07 20000 61943 
12549.18 20000 61959 
12582.13 20000 61974 
12614.38 20000 61990 
12647.2 20000 62006 
12680.77 20000 62021 
12713.32 20000 62037 
12745.16 20000 62053 
12777.15 20000 62069 
12811.36 20000 62084 
12845 20000 62100 
12875.02 20000 62116 
12902.06 20000 62131 
12931.11 20000 62147 
12960.32 20000 62163 
12989.88 20000 62179 
13019.49 20000 62194 
13051.83 20000 62210 
13083.7 20000 62226 
13116.69 20000 62241 
13148.5 20000 62257 
13181.69 20000 62273 
13214.69 20000 62289 
13247.24 20000 62304 
13276.79 20000 62320 
13308.45 20000 62336 
13340.32 20000 62351 
13372.89 20000 62367 
13402.68 20000 62383 
13434.6 20000 62399 
13468.36 20000 62414 
13503.91 20000 62430 
13536.09 20000 62446 
13570.22 20000 62461 
13604.17 20000 62477 
13637.64 20000 62493 
13670.07 20000 62509 
13704.39 20000 62524 
13737.22 20000 62540 
13772.09 20000 62556 
13804.73 20000 62571 
13835.9 20000 62587 
13867.21 20000 62603 
13900.16 20000 62619 
13931.09 20000 62634 
13961.73 20000 62650 
13991.26 20000 62666 
14022.57 20000 62681 
14053.74 20000 62697 
14084.91 20000 62713 
14117.55 20000 62729 
14151.8 20000 62744 
14183.76 20000 62760 
14215.93 20000 62776 
14248.62 20000 62791 
14281.61 20000 62807 
14314.37 20000 62823 
14346.8 20000 62839 
14380.04 20000 62854 
14413.71 20000 62870 
14446.66 20000 62886 
14478.64 20000 62901 
14511.33 20000 62917 
14544.83 20000 62933 
14577.79 20000 62949 
14608.29 20000 62964 
14638.21 20000 62980 
14669.54 20000 62996 
14703.51 20000 63011 
14736.95 20000 63027 
14773.25 20000 63043 
14810.3 20000 63059 
14846.05 20000 63074 
14879.07 20000 63090 
14913.2 20000 63106 
14945.32 20000 63122 
14975.54 20000 63137 
15002.4 20000 63153 
15030.5 20000 63169 
15058.62 20000 63184 
15086.73 20000 63200 
15112.22 20000 63216 
15139.97 20000 63232 
15168.02 20000 63247 
15198.59 20000 63263 
15228.3 20000 63279 
15259.25 20000 63294 
15287.68 20000 63310 
15317.63 20000 63326 
15347.72 20000 63342 
15380.73 20000 63357 
15414.09 20000 63373 
15448.4 20000 63389 
15480.16 20000 63404 
15513.7 20000 63420 
15547.02 20000 63436 
15579.45 20000 63452 
15608.33 20000 63467 
15637.58 20000 63483 
15666.54 20000 63499 
15697.3 20000 63514 
15728.16 20000 63530 
15762.21 20000 63546 
15796.99 20000 63562 
15829.98 20000 63577 
15859.36 20000 63593 
15888.12 20000 63609 
15915.48 20000 63624 
15941.35 20000 63640 
15965.93 20000 63656 
15992.88 20000 63672 
16022.6 20000 63687 
16054.67 20000 63703 
16086.13 20000 63719 
16119.1 20000 63735 
16152.56 20000 63750 
16184.82 20000 63766 
16216.27 20000 63782 
16247.98 20000 63797 
16281.44 20000 63813 
16315.1 20000 63829 
16347.82 20000 63845 
16378.71 20000 63860 
16411.23 20000 63876 
16444.3 20000 63892 
16477.45 20000 63907 
16509.35 20000 63923 
16543.42 20000 63939 
16577.69 20000 63955 
16611.16 20000 63970 
16642.5 20000 63986 
16674.81 20000 64002 
16707.89 20000 64017 
16740.24 20000 64033 
16764.99 20000 64049 
16792.81 20000 64065 
16826.76 20000 64080 
16864.02 20000 64096 
16898.94 20000 64112 
16935.56 20000 64127 
16973.28 20000 64143 
17012.57 20000 64159 
17047.14 20000 64175 
17081.38 20000 64190 
17116.44 20000 64206 
17153.81 20000 64222 
17186.96 20000 64238 
17218.78 20000 64253 
17251.16 20000 64269 
17286.55 20000 64285 
17317.3 20000 64300 
17346.32 20000 64316 
17377.22 20000 64332 
17412.06 20000 64348 
17443.38 20000 64363 
17471.91 20000 64379 
17501.8 20000 64395 
17536.31 20000 64410 
17569.21 20000 64426 
17599.99 20000 64442 
17631.41 20000 64458 
17667.12 20000 64473 
17701.15 20000 64489 
17732.49 20000 64505 
17764.74 20000 64521 
17799.25 20000 64536 
17833 20000 64552 
17864.41 20000 64568 
17897.93 20000 64583 
17935.44 20000 64599 
17972.65 20000 64615 
18007.8 20000 64631 
18043.74 20000 64646 
18081.95 20000 64662 
18122.24 20000 64678 
18161.2 20000 64693 
18199.3 20000 64709 
18237.39 20000 64725 
18276.5 20000 64741 
18312.98 20000 64756 
18350.69 20000 64772 
18388.5 20000 64788 
18427.07 20000 64803 
18464.3 20000 64819 
18502.86 20000 64835 
18540.33 20000 64851 
18579.25 20000 64866 
18617.27 20000 64882 
18657.27 20000 64898 
18696.42 20000 64913 
18737 20000 64929 
18776.87 20000 64945 
18819.16 20000 64961 
18861.28 20000 64976 
18903.48 20000 64992 
18942.26 20000 65008 
18982.33 20000 65024 
19020.14 20000 65039 
19058.69 20000 65055 
19095.34 20000 65071 
19133.23 20000 65086 
19170.46 20000 65102 
19209.27 20000 65118 
19247.15 20000 65134 
19287.4 20000 65149 
19327.53 20000 65165 
19367.07 20000 65181 
19405.41 20000 65196 
19447.32 20000 65212 
19490.73 20000 65228 
19534.82 20000 65244 
19576.89 20000 65259 
19620.02 20000 65275 
19662.25 20000 65291 
19703.48 20000 65306 
19743.43 20000 65322 
19783.85 20000 65338 
19823.81 20000 65354 
19862.84 20000 65369 
19902.48 20000 65385 
19944.32 20000 65401 
19986.47 20000 65416 
20027.15 20000 65432 
20067.64 20000 65448 
20108.2 20000 65448 
20121.69 20000 65448 
20054.94 20000 65448 
19968.21 20000 65448 
19894.31 20000 65448 
19829.28 20000 65448 
19769.8 20000 65448 
19712.13 20000 65448 
19650.57 20000 65448 
19598.98 20000 65448 
19553.38 20000 65448 
19509.99 20000 65448 
19468.18 20000 65448 
19428.4 20000 65448 
19390.72 20000 65448 
19354.56 20000 65448 
19319.6 20000 65448 
19285.93 20000 65448 
19253.01 20000 65448 
19221.2 20000 65448 
19190.22 20000 65448 
19160.47 20000 65448 
19131.87 20000 65448 
19103.55 20000 65448 
19076.07 20000 65448 
19049.74 20000 65448 
19023.93 20000 65448 
18998.2 20000 65448 
18973.13 20000 65448 
18948.53 20000 65448 
18924.23 20000 65448 
18900.47 20000 65448 
18877.39 20000 65448 
18854.83 20000 65448 
18832.5 20000 65448 
18810.62 20000 65448 
18788.78 20000 65448 
18767.44 20000 65448 
18746.68 20000 65448 
18726.11 20000 65448 
18706.13 20000 65448 
18686.41 20000 65448 
18666.9 20000 65448 
18647.54 20000 65448 
18628.43 20000 65448 
18609.52 20000 65448 
18590.94 20000 65448 
18572.52 20000 65448 
18555.14 20000 65448 
18537.68 20000 65448 
18520.19 20000 65448 
18503.24 20000 65448 
18486.33 20000 65448 
18469.61 20000 65448 
18453.19 20000 65448 
18437.18 20000 65448 
18421.27 20000 65448 
18405.58 20000 65448 
18390 20000 65448 
18374.54 20000 65448 
18359.76 20000 65448 
18345.1 20000 65448 
18330.7 20000 65448 
18316.69 20000 65448 
18302.81 20000 65448 
18289.12 20000 65448 
18275.19 20000 65448 
18260.68 20000 65448 
18246.6 20000 65448 
18233.08 20000 65448 
18219.43 20000 65448 
18205.87 20000 65448 
18192.73 20000 65448 
18179.39 20000 65448 
18165.97 20000 65448 
18152.99 20000 65448 
18140.04 20000 65448 
18127.08 20000 65448 
18113.9 20000 65448 
18100.8 20000 65448 
18087.73 20000 65448 
18075.5 20000 65448 
18063.57 20000 65448 
18051.23 20000 65448 
18038.5 20000 65448 
18026.15 20000 65448 
18014.5 20000 65448 
18002.78 20000 65448 
17990.81 20000 65448 
17979.08 20000 65448 
