6.23 20000 31323 
6.18 20000 31323 
6.17 20000 31323 
6.41 20000 31323 
6.59 20000 31323 
6.64 20000 31323 
6.68 20000 31323 
6.74 20000 31323 
6.38 20000 31323 
6.15 20000 31323 
6.24 20000 31323 
6.2 20000 31323 
6.59 20000 31323 
6.9 20000 31323 
6.59 20000 31323 
6.65 20000 31323 
6.64 20000 31323 
6.69 20000 31323 
6.58 20000 31323 
6.54 20000 31323 
6.45 20000 31323 
6.43 20000 31323 
6.62 20000 31323 
6.79 20000 31323 
6.89 20000 31323 
6.73 20000 31323 
6.59 20000 31323 
6.46 20000 31323 
6.58 20000 31323 
6.39 20000 31323 
6.37 20000 31323 
6.16 20000 31323 
5.91 20000 31323 
6 20000 31323 
6.07 20000 31323 
6.15 20000 31323 
6.42 20000 31323 
6.55 20000 31323 
6.42 20000 31323 
6.57 20000 31323 
6.49 20000 31323 
6.28 20000 31323 
6.11 20000 31323 
6.2 20000 31323 
6.69 20000 31323 
6.13 20000 31323 
5.53 20000 31323 
5.57 20000 31323 
5.56 20000 31323 
5.53 20000 31323 
5.48 20000 31323 
5.68 20000 31323 
6.34 20000 31323 
6.29 20000 31323 
6.2 20000 31323 
6.48 20000 31323 
6.52 20000 31323 
6.42 20000 31323 
6.26 20000 31323 
6.37 20000 31323 
6.55 20000 31323 
6.69 20000 31323 
6.7 20000 31323 
6.96 20000 31323 
6.94 20000 31323 
6.94 20000 31323 
6.79 20000 31323 
6.78 20000 31323 
6.88 20000 31323 
6.96 20000 31323 
6.66 20000 31323 
6.61 20000 31482 
6.61 20000 31645 
6.72 20000 31665 
6.95 20000 31681 
7.03 20000 31696 
7.02 20000 31712 
6.67 20000 31728 
6.41 20000 31744 
6.12 20000 31759 
6.25 20000 31775 
6.36 20000 31791 
6.44 20000 31807 
6.49 20000 31822 
6.5 20000 31838 
6.45 20000 31854 
6.34 20000 31870 
6.34 20000 31885 
6.45 20000 31901 
6.12 20000 31917 
6.25 20000 31933 
6.56 20000 31948 
6.42 20000 31964 
6.52 20000 31980 
6.36 20000 31996 
6.3 20000 32012 
6.36 20000 32027 
6.8 20000 32043 
7.06 20000 32059 
7.39 20000 32075 
8.48 20000 32090 
9.07 20000 32106 
9.79 20000 32122 
11.29 20000 32138 
13.15 20000 32153 
15.41 20000 32169 
18.31 20000 32185 
22.18 20000 32201 
26.74 20000 32216 
31.74 20000 32232 
37.54 20000 32248 
43.87 20000 32264 
50.63 20000 32280 
57.69 20000 32295 
64.81 20000 32311 
73.21 20000 32327 
81.98 20000 32343 
91.3 20000 32358 
100.48 20000 32374 
109.98 20000 32390 
119.86 20000 32406 
129.31 20000 32421 
138.54 20000 32437 
148.46 20000 32453 
158.79 20000 32469 
168.95 20000 32484 
179.23 20000 32500 
189.69 20000 32516 
200.07 20000 32532 
210.63 20000 32548 
220.75 20000 32563 
231.44 20000 32579 
242.26 20000 32595 
252.84 20000 32611 
263.28 20000 32626 
274.37 20000 32642 
285.49 20000 32658 
296.28 20000 32674 
306.48 20000 32689 
317.08 20000 32705 
328.28 20000 32721 
338.46 20000 32737 
346.93 20000 32752 
355.85 20000 32768 
365.56 20000 32784 
374.79 20000 32800 
382.67 20000 32816 
390.5 20000 32831 
400.7 20000 32847 
409.52 20000 32863 
414.12 20000 32879 
419.75 20000 32894 
427.6 20000 32910 
438.28 20000 32926 
450.49 20000 32942 
462.28 20000 32957 
474.27 20000 32973 
485.97 20000 32989 
497.3 20000 33005 
508.38 20000 33020 
519.57 20000 33036 
530.6 20000 33052 
541.35 20000 33068 
552.04 20000 33084 
563.48 20000 33099 
574.96 20000 33115 
586.07 20000 33131 
596.85 20000 33147 
607.56 20000 33162 
617.94 20000 33178 
628.28 20000 33194 
638.64 20000 33210 
649.39 20000 33225 
659.92 20000 33241 
670.61 20000 33257 
680.95 20000 33273 
691.72 20000 33288 
702.35 20000 33304 
712.92 20000 33320 
722.91 20000 33336 
733.65 20000 33351 
744.17 20000 33367 
754.52 20000 33383 
764.5 20000 33399 
775.16 20000 33415 
785.51 20000 33430 
795.71 20000 33446 
806.03 20000 33462 
817.02 20000 33478 
827.25 20000 33493 
837.42 20000 33509 
847.91 20000 33525 
858.8 20000 33541 
869.12 20000 33556 
879.3 20000 33572 
889.13 20000 33588 
899.48 20000 33604 
909.56 20000 33619 
919.63 20000 33635 
929.46 20000 33651 
940.22 20000 33667 
951.28 20000 33683 
961.61 20000 33698 
971.49 20000 33714 
981.93 20000 33730 
992.07 20000 33746 
1001.88 20000 33761 
1011.42 20000 33777 
1022.04 20000 33793 
1032.51 20000 33809 
1042.54 20000 33824 
1052.38 20000 33840 
1062.35 20000 33856 
1072.39 20000 33872 
1082.44 20000 33887 
1092.19 20000 33903 
1101.8 20000 33919 
1111.67 20000 33935 
1121.49 20000 33951 
1131 20000 33966 
1140.44 20000 33982 
1150.42 20000 33998 
1159.8 20000 34014 
1169.09 20000 34029 
1178.76 20000 34045 
1188.31 20000 34061 
1197.74 20000 34077 
1206.56 20000 34092 
1215.42 20000 34108 
1224.98 20000 34124 
1234.61 20000 34140 
1243.95 20000 34155 
1253.2 20000 34171 
1263.25 20000 34187 
1272.92 20000 34203 
1282.03 20000 34218 
1290.64 20000 34234 
1299.61 20000 34250 
1308.57 20000 34266 
1317.61 20000 34281 
1326.32 20000 34297 
1336 20000 34313 
1345.21 20000 34329 
1354.38 20000 34344 
1362.95 20000 34360 
1372.29 20000 34376 
1381.44 20000 34392 
1390.59 20000 34408 
1399.01 20000 34423 
1408.17 20000 34439 
1417.5 20000 34455 
1426.63 20000 34471 
1435.83 20000 34486 
1445.53 20000 34502 
1455.1 20000 34518 
1464.33 20000 34534 
1473.29 20000 34549 
1482.9 20000 34565 
1491.89 20000 34581 
1500.95 20000 34597 
1509.39 20000 34612 
1517.91 20000 34628 
1526.08 20000 34644 
1534.3 20000 34660 
1542.05 20000 34676 
1550.92 20000 34691 
1559.97 20000 34707 
1569.38 20000 34723 
1578.04 20000 34739 
1586.77 20000 34754 
1595.8 20000 34770 
1605.76 20000 34786 
1615.03 20000 34802 
1624.51 20000 34817 
1633.44 20000 34833 
1642.68 20000 34849 
1652.19 20000 34865 
1661.21 20000 34880 
1669.91 20000 34896 
1678.75 20000 34912 
1687.49 20000 34928 
1695.53 20000 34943 
1703.54 20000 34959 
1711.31 20000 34975 
1718.9 20000 34991 
1727.19 20000 35007 
1736.02 20000 35022 
1744.58 20000 35038 
1753.11 20000 35054 
1761.99 20000 35070 
1770.26 20000 35085 
1778.16 20000 35101 
1786.13 20000 35117 
1793.96 20000 35133 
1803.02 20000 35148 
1812.84 20000 35164 
1822 20000 35180 
1831.17 20000 35196 
1840.24 20000 35211 
1848.96 20000 35227 
1858.21 20000 35243 
1867.78 20000 35259 
1876.88 20000 35275 
1885.35 20000 35290 
1894.48 20000 35306 
1902.79 20000 35322 
1910.79 20000 35338 
1918.94 20000 35353 
1927.77 20000 35369 
1936.13 20000 35385 
1944.88 20000 35401 
1953.51 20000 35416 
1961.32 20000 35432 
1968.68 20000 35448 
1977.21 20000 35464 
1986.39 20000 35479 
1996.02 20000 35495 
2004.72 20000 35511 
2013.63 20000 35527 
2022 20000 35542 
2031.37 20000 35558 
2040.17 20000 35574 
2049.26 20000 35590 
2057.66 20000 35606 
2066.27 20000 35621 
2074.66 20000 35637 
2082.76 20000 35653 
2091.16 20000 35669 
2099.53 20000 35684 
2107.95 20000 35700 
2117.13 20000 35716 
2126.31 20000 35732 
2135.59 20000 35747 
2144.65 20000 35763 
2154.07 20000 35779 
2163.37 20000 35795 
2172.85 20000 35810 
2181.35 20000 35826 
2190.39 20000 35842 
2199.68 20000 35858 
2209 20000 35874 
2217.82 20000 35889 
2226.36 20000 35905 
2235.24 20000 35921 
2244.23 20000 35937 
2253.13 20000 35952 
2262.25 20000 35968 
2271.7 20000 35984 
2281.39 20000 36000 
2290.53 20000 36015 
2299.24 20000 36031 
2308.46 20000 36047 
2317.41 20000 36063 
2325.69 20000 36078 
2334.16 20000 36094 
2343.6 20000 36110 
2353.72 20000 36126 
2363.1 20000 36141 
2371.86 20000 36157 
2381.74 20000 36173 
2391.85 20000 36189 
2401.55 20000 36205 
2411.05 20000 36220 
2421.1 20000 36236 
2431.48 20000 36252 
2441.62 20000 36268 
2451.27 20000 36283 
2460.83 20000 36299 
2470.45 20000 36315 
2480.23 20000 36331 
2489.46 20000 36346 
2499.81 20000 36362 
2509.24 20000 36378 
2518.74 20000 36394 
2527.75 20000 36409 
2537.54 20000 36425 
2547.65 20000 36441 
2557.68 20000 36457 
2567.27 20000 36472 
2577.14 20000 36488 
2586.76 20000 36504 
2596.89 20000 36520 
2606.6 20000 36536 
2616.84 20000 36551 
2626.8 20000 36567 
2636.93 20000 36583 
2646.63 20000 36599 
2657 20000 36614 
2666.98 20000 36630 
2676.62 20000 36646 
2686.52 20000 36662 
2697.13 20000 36677 
2706.95 20000 36693 
2716.58 20000 36709 
2726.75 20000 36725 
2737.44 20000 36740 
2747.51 20000 36756 
2757.03 20000 36772 
2766.89 20000 36788 
2777.74 20000 36804 
2787.44 20000 36819 
2797.12 20000 36835 
2807 20000 36851 
2817.99 20000 36867 
2828.37 20000 36882 
2838.38 20000 36898 
2848.83 20000 36914 
2860.21 20000 36930 
2871.44 20000 36945 
2882.74 20000 36961 
2893.68 20000 36977 
2905.26 20000 36993 
2916.74 20000 37008 
2928.04 20000 37024 
2939.27 20000 37040 
2950.58 20000 37056 
2961.9 20000 37071 
2973.31 20000 37087 
2984.46 20000 37103 
2995.56 20000 37119 
3006.49 20000 37135 
3017.06 20000 37150 
3028.1 20000 37166 
3039.35 20000 37182 
3051.24 20000 37198 
3062.32 20000 37213 
3074.05 20000 37229 
3084.88 20000 37245 
3096.24 20000 37261 
3108.06 20000 37276 
3119.36 20000 37292 
3130.34 20000 37308 
3141.92 20000 37324 
3153.15 20000 37339 
3164.44 20000 37355 
3175.52 20000 37371 
3187.4 20000 37387 
3199 20000 37402 
3210.75 20000 37418 
3222.55 20000 37434 
3234.84 20000 37450 
3247.09 20000 37466 
3259.11 20000 37481 
3270.32 20000 37497 
3282.82 20000 37513 
3295.9 20000 37529 
3309.51 20000 37544 
3322.79 20000 37560 
3336.9 20000 37576 
3351.28 20000 37592 
3365.49 20000 37607 
3377.49 20000 37623 
3389.77 20000 37639 
3400.54 20000 37655 
3410.96 20000 37670 
3421.45 20000 37686 
3433.72 20000 37702 
3445.67 20000 37718 
3457.86 20000 37734 
3469.46 20000 37749 
3481.44 20000 37765 
3492.59 20000 37781 
3504.12 20000 37797 
3516.37 20000 37812 
3530.28 20000 37828 
3543.47 20000 37844 
3556.76 20000 37860 
3569.35 20000 37875 
3582.05 20000 37891 
3594.32 20000 37907 
3607.41 20000 37923 
3620.08 20000 37938 
3632.69 20000 37954 
3645.81 20000 37970 
3659.54 20000 37986 
3672.16 20000 38002 
3684.63 20000 38017 
3697.25 20000 38033 
3710.64 20000 38049 
3723.57 20000 38065 
3735.79 20000 38080 
3747.83 20000 38096 
3759.98 20000 38112 
3771.89 20000 38128 
3784.41 20000 38143 
3797.93 20000 38159 
3811.29 20000 38175 
3824.46 20000 38191 
3837.78 20000 38206 
3851.35 20000 38222 
3864.49 20000 38238 
3877.4 20000 38254 
3890.77 20000 38270 
3904.69 20000 38285 
3918.28 20000 38301 
3931.82 20000 38317 
3945.29 20000 38333 
3959.01 20000 38348 
3972.63 20000 38364 
3987.05 20000 38380 
4000.73 20000 38396 
4014.61 20000 38411 
4028.59 20000 38427 
4043.97 20000 38443 
4058.42 20000 38459 
4072.61 20000 38474 
4086.27 20000 38490 
4101.1 20000 38506 
4115.96 20000 38522 
4130.68 20000 38537 
4144.69 20000 38553 
4159.68 20000 38569 
4174.32 20000 38585 
4189.08 20000 38600 
4203.39 20000 38616 
4218.82 20000 38632 
4233.51 20000 38648 
4247.99 20000 38664 
4261.91 20000 38679 
4276.94 20000 38695 
4291.3 20000 38711 
4306.34 20000 38727 
4320.32 20000 38742 
4336.05 20000 38758 
4351.13 20000 38774 
4366.07 20000 38790 
4380.18 20000 38805 
4395.84 20000 38821 
4411.02 20000 38837 
4426.52 20000 38853 
4441.92 20000 38868 
4459.35 20000 38884 
4476.61 20000 38900 
4492.92 20000 38916 
4508.09 20000 38931 
4523.83 20000 38947 
4539.03 20000 38963 
4554.59 20000 38979 
4569.57 20000 38995 
4585.64 20000 39010 
4602.17 20000 39026 
4618.6 20000 39042 
4634.56 20000 39058 
4651.69 20000 39073 
4668.6 20000 39089 
4685.37 20000 39105 
4702.06 20000 39121 
4719.22 20000 39136 
4736.5 20000 39152 
4753.74 20000 39168 
4770.84 20000 39184 
4788.1 20000 39199 
4805.42 20000 39215 
4822.44 20000 39231 
4839 20000 39247 
4855.55 20000 39262 
4872.44 20000 39278 
4889.55 20000 39294 
4906.34 20000 39310 
4922.82 20000 39326 
4939.98 20000 39341 
4956.89 20000 39357 
4974.26 20000 39373 
4991.75 20000 39389 
5009.48 20000 39404 
5026.83 20000 39420 
5044.72 20000 39436 
5062.22 20000 39452 
5079.95 20000 39467 
5097.45 20000 39483 
5115.78 20000 39499 
5133.53 20000 39515 
5152.1 20000 39530 
5170.29 20000 39546 
5188.36 20000 39562 
5206.09 20000 39578 
5224.79 20000 39594 
5242.35 20000 39609 
5260.31 20000 39625 
5277.7 20000 39641 
5296.1 20000 39657 
5313.7 20000 39672 
5331.77 20000 39688 
5348.97 20000 39704 
5367.26 20000 39720 
5384.94 20000 39735 
5402.91 20000 39751 
5420.02 20000 39767 
5437.74 20000 39783 
5455.84 20000 39798 
5474.45 20000 39814 
5491.76 20000 39830 
5510.07 20000 39846 
5528.31 20000 39861 
5546.97 20000 39877 
5564.67 20000 39893 
5582.55 20000 39909 
5600.07 20000 39924 
5618.3 20000 39940 
5635.99 20000 39956 
5654.35 20000 39972 
5672.12 20000 39987 
5691.03 20000 40003 
5709.32 20000 40019 
5727.17 20000 40035 
5745.14 20000 40051 
5763.69 20000 40066 
5781.31 20000 40082 
5798.98 20000 40098 
5816.61 20000 40114 
5835.58 20000 40129 
5854.33 20000 40145 
5872.68 20000 40161 
5890.98 20000 40177 
5910.39 20000 40192 
5930.76 20000 40208 
5951.48 20000 40224 
5971.69 20000 40240 
5991.78 20000 40255 
6011.09 20000 40271 
6029.7 20000 40287 
6048.93 20000 40303 
6068.25 20000 40318 
6087.95 20000 40334 
6107.38 20000 40350 
6127.02 20000 40366 
6146.59 20000 40381 
6166.83 20000 40397 
6186.3 20000 40413 
6205.31 20000 40429 
6223.45 20000 40444 
6242.54 20000 40460 
6261.05 20000 40476 
6279.07 20000 40492 
6296.85 20000 40508 
6315.91 20000 40523 
6333.65 20000 40539 
6351.35 20000 40555 
6368.75 20000 40571 
6387.94 20000 40586 
6406.66 20000 40602 
6425.05 20000 40618 
6442.42 20000 40634 
6461.59 20000 40649 
6480.48 20000 40665 
6499.1 20000 40681 
6515.93 20000 40697 
6533.6 20000 40712 
6551.01 20000 40728 
6569.85 20000 40744 
6587.85 20000 40760 
6606.76 20000 40775 
6626.07 20000 40791 
6646.35 20000 40807 
6665.44 20000 40823 
6686.49 20000 40839 
6707.74 20000 40854 
6729.35 20000 40870 
6748.84 20000 40886 
6769.25 20000 40902 
6789.57 20000 40917 
6810.08 20000 40933 
6828.93 20000 40949 
6847.18 20000 40965 
6865.12 20000 40980 
6885.85 20000 40996 
6905.71 20000 41012 
6918.11 20000 41028 
6917.67 20000 41043 
6933.82 20000 41059 
6954.1 20000 41075 
6974.22 20000 41091 
6995.33 20000 41107 
7017.98 20000 41122 
7038.87 20000 41138 
7058.46 20000 41154 
7079.15 20000 41170 
7101.28 20000 41185 
7123.06 20000 41201 
7144.75 20000 41217 
7166.4 20000 41233 
7188.82 20000 41248 
7210.72 20000 41264 
7232.25 20000 41280 
7254.04 20000 41296 
7276.47 20000 41311 
7298.68 20000 41327 
7319.73 20000 41343 
7341.49 20000 41359 
7363.89 20000 41374 
7386.63 20000 41390 
7408.35 20000 41406 
7430.63 20000 41422 
7453.78 20000 41437 
7477.34 20000 41453 
7498.5 20000 41469 
7519.53 20000 41485 
7541.27 20000 41501 
7564.25 20000 41516 
7586.12 20000 41532 
7607.64 20000 41548 
7629.25 20000 41564 
7652.13 20000 41579 
7673.27 20000 41595 
7693.46 20000 41611 
7714.93 20000 41627 
7738.06 20000 41642 
7759.37 20000 41658 
7780.91 20000 41674 
7802.25 20000 41690 
7825.86 20000 41705 
7848.6 20000 41721 
7870.97 20000 41737 
7892.82 20000 41753 
7917.8 20000 41768 
7943.57 20000 41784 
7965.02 20000 41800 
7983.45 20000 41816 
8005.83 20000 41831 
8027.96 20000 41847 
8050 20000 41863 
8072.17 20000 41879 
8096.97 20000 41894 
8120.54 20000 41910 
8143.37 20000 41926 
8165.64 20000 41942 
8189.79 20000 41958 
8214.12 20000 41973 
8238.39 20000 41989 
8262.37 20000 42005 
8288.23 20000 42021 
8313.03 20000 42036 
8337.07 20000 42052 
8360.51 20000 42068 
8385.61 20000 42084 
8409.71 20000 42099 
8432.94 20000 42115 
8455.49 20000 42131 
8479.45 20000 42147 
8502.5 20000 42162 
8524.67 20000 42178 
8546.49 20000 42194 
8569.84 20000 42210 
8593.68 20000 42225 
8617 20000 42241 
8639.84 20000 42257 
8663.47 20000 42273 
8686.92 20000 42288 
8710.23 20000 42304 
8734.68 20000 42320 
8760.02 20000 42336 
8784.51 20000 42352 
8807.64 20000 42367 
8831.87 20000 42383 
8857.16 20000 42399 
8882.15 20000 42415 
8905.77 20000 42430 
8930 20000 42446 
8955.4 20000 42462 
8981.71 20000 42478 
9005.82 20000 42493 
9030.48 20000 42509 
9055.75 20000 42525 
9081.16 20000 42541 
9104.5 20000 42556 
9128.8 20000 42572 
9153.92 20000 42588 
9179.87 20000 42604 
9203.79 20000 42620 
9228.2 20000 42635 
9252.01 20000 42651 
9277.45 20000 42667 
9302.52 20000 42683 
9327.56 20000 42698 
9352.22 20000 42714 
9379.24 20000 42730 
9405.28 20000 42746 
9431.59 20000 42761 
9456.75 20000 42777 
9483.94 20000 42793 
9509.81 20000 42809 
9535.46 20000 42824 
9560.22 20000 42840 
9586.22 20000 42856 
9611.31 20000 42872 
9636.33 20000 42887 
9660.43 20000 42903 
9686.45 20000 42919 
9711.29 20000 42935 
9735.69 20000 42951 
9759.53 20000 42966 
9784.88 20000 42982 
9809.48 20000 42998 
9834.19 20000 43014 
9857.89 20000 43029 
9882.15 20000 43045 
9906.6 20000 43061 
9932.5 20000 43077 
9958.87 20000 43092 
9985.61 20000 43108 
10011.52 20000 43124 
10038.19 20000 43140 
10064.58 20000 43155 
10091.22 20000 43171 
10117.31 20000 43187 
10143.75 20000 43203 
10169.84 20000 43219 
10195.49 20000 43234 
10220.05 20000 43250 
10245.79 20000 43266 
10271.71 20000 43282 
10298.45 20000 43297 
10325.81 20000 43313 
10353.51 20000 43329 
10381.59 20000 43345 
10409.6 20000 43360 
10437.44 20000 43376 
10465.87 20000 43392 
10495.24 20000 43408 
10524.23 20000 43423 
10552.26 20000 43439 
10579.31 20000 43455 
10606.12 20000 43471 
10631.08 20000 43486 
10655.7 20000 43502 
10679.57 20000 43518 
10704.73 20000 43534 
10729.3 20000 43550 
10753.98 20000 43565 
10778.03 20000 43581 
10802.96 20000 43597 
10826.87 20000 43613 
10851.65 20000 43628 
10875.02 20000 43644 
10899.38 20000 43660 
10923.12 20000 43676 
10946.71 20000 43691 
10969.09 20000 43707 
10992.96 20000 43723 
11017.7 20000 43739 
11044.53 20000 43754 
11068.33 20000 43770 
11087.97 20000 43786 
11114.49 20000 43802 
11145.33 20000 43818 
11171.53 20000 43833 
11198.18 20000 43849 
11224.69 20000 43865 
11251.21 20000 43881 
11275 20000 43896 
11299.8 20000 43912 
11324.84 20000 43928 
11350.21 20000 43944 
11372.42 20000 43959 
11395.68 20000 43975 
11423.63 20000 43991 
11454.18 20000 44007 
11480.93 20000 44022 
11507.81 20000 44038 
11535.66 20000 44054 
11564.75 20000 44070 
11591.92 20000 44085 
11619.92 20000 44101 
11649.08 20000 44117 
11679.77 20000 44133 
11706.74 20000 44149 
11732.38 20000 44164 
11758.28 20000 44180 
11785.44 20000 44196 
11810.85 20000 44212 
11832.95 20000 44227 
11856.06 20000 44243 
11883.37 20000 44259 
11910.66 20000 44275 
11937.62 20000 44290 
11965.35 20000 44306 
11994.58 20000 44322 
12023.44 20000 44338 
12051.46 20000 44353 
12080.22 20000 44369 
12110.11 20000 44385 
12139.87 20000 44401 
12167.7 20000 44416 
12195.86 20000 44432 
12225.04 20000 44448 
12254.73 20000 44464 
12284.39 20000 44480 
12316.64 20000 44495 
12349.6 20000 44511 
12381.39 20000 44527 
12410.83 20000 44543 
12440.1 20000 44558 
12469.49 20000 44574 
12498.98 20000 44590 
12526.3 20000 44606 
12555.24 20000 44621 
12584.61 20000 44637 
12615.54 20000 44653 
12644.91 20000 44669 
12676.18 20000 44684 
12708.65 20000 44700 
12742.01 20000 44716 
12771.57 20000 44732 
12800.85 20000 44747 
12830.38 20000 44763 
12861.7 20000 44779 
12889.45 20000 44795 
12917.62 20000 44811 
12947.39 20000 44826 
12979.43 20000 44842 
13009.25 20000 44858 
13039.28 20000 44874 
13068.5 20000 44889 
13099.66 20000 44905 
13130.03 20000 44921 
13161.12 20000 44937 
13191.96 20000 44952 
13225.07 20000 44968 
13257.6 20000 44984 
13290.78 20000 45000 
13323.2 20000 45015 
13354.94 20000 45031 
13385.56 20000 45047 
13419.48 20000 45063 
13454.18 20000 45079 
13488.07 20000 45094 
13519.9 20000 45110 
13553.57 20000 45126 
13587.66 20000 45142 
13621.49 20000 45157 
13653.36 20000 45173 
13686.45 20000 45189 
13721.91 20000 45205 
13756.56 20000 45220 
13788.74 20000 45236 
13820.71 20000 45252 
13853 20000 45268 
13885.55 20000 45283 
13916.78 20000 45299 
13949.26 20000 45315 
13982.29 20000 45331 
14015.53 20000 45346 
14048.83 20000 45362 
14083.19 20000 45378 
14119.01 20000 45394 
14153.36 20000 45410 
14187.12 20000 45425 
14220.29 20000 45441 
14255.32 20000 45457 
14290 20000 45473 
14324.66 20000 45488 
14358.8 20000 45504 
14394.08 20000 45520 
14428.24 20000 45536 
14462.31 20000 45551 
14496.01 20000 45567 
14531.12 20000 45583 
14565.33 20000 45599 
14599.32 20000 45614 
14631.2 20000 45630 
14663.67 20000 45646 
14696.08 20000 45662 
14730.96 20000 45677 
14765.76 20000 45693 
14802.43 20000 45709 
14839.28 20000 45725 
14878.35 20000 45741 
14915.67 20000 45756 
14954.62 20000 45772 
14991.52 20000 45788 
15028.07 20000 45804 
15063.03 20000 45819 
15098.59 20000 45835 
15133.69 20000 45851 
15168.76 20000 45867 
15202.51 20000 45882 
15239.13 20000 45898 
15274.78 20000 45914 
15310.67 20000 45930 
15346.16 20000 45945 
15382.03 20000 45961 
15417.39 20000 45977 
15454.71 20000 45993 
15490.8 20000 46008 
15526.73 20000 46024 
15561.43 20000 46040 
15596.45 20000 46056 
15628.59 20000 46071 
15658.7 20000 46087 
15688.19 20000 46103 
15719.41 20000 46119 
15751.12 20000 46134 
15784.06 20000 46150 
15817.47 20000 46166 
15851.19 20000 46182 
15886.27 20000 46197 
15924.2 20000 46213 
15961.86 20000 46229 
15998.63 20000 46245 
16034.02 20000 46261 
16068.2 20000 46276 
16100.99 20000 46292 
16133.08 20000 46308 
16166.37 20000 46324 
16201.33 20000 46339 
16239.5 20000 46355 
16277.62 20000 46371 
16314.07 20000 46387 
16350.25 20000 46402 
16386.08 20000 46418 
16422.02 20000 46434 
16458.43 20000 46450 
16496.34 20000 46465 
16536.56 20000 46481 
16576.12 20000 46497 
16615.22 20000 46513 
16654.11 20000 46529 
16693.23 20000 46544 
16729.4 20000 46560 
16764 20000 46576 
16798.54 20000 46592 
16834.17 20000 46607 
16867.31 20000 46623 
16899.56 20000 46639 
16932.14 20000 46655 
16967.49 20000 46670 
17000.05 20000 46686 
17030.92 20000 46702 
17060.88 20000 46718 
17093.99 20000 46733 
17125.66 20000 46749 
17156.92 20000 46765 
17188.27 20000 46781 
17223.36 20000 46797 
17258.31 20000 46812 
17294.93 20000 46828 
17328.8 20000 46844 
17360.31 20000 46860 
17395.28 20000 46875 
17432.17 20000 46891 
17465.31 20000 46907 
17499.92 20000 46923 
17534.03 20000 46938 
17569.58 20000 46954 
17604.37 20000 46970 
17641.13 20000 46986 
17676.94 20000 47001 
17714.22 20000 47017 
17749.68 20000 47033 
17782.98 20000 47049 
17813.75 20000 47064 
17847.48 20000 47080 
17881.57 20000 47096 
17916.82 20000 47112 
17952.67 20000 47128 
17990.71 20000 47143 
18027.37 20000 47159 
18063.57 20000 47175 
18099.37 20000 47191 
18135.9 20000 47206 
18171.83 20000 47222 
18207.24 20000 47238 
18242.64 20000 47254 
18279.09 20000 47269 
18315.64 20000 47285 
18351.75 20000 47301 
18388.96 20000 47317 
18427.36 20000 47332 
18464.77 20000 47348 
18500.5 20000 47364 
18537.87 20000 47380 
18578.23 20000 47396 
18619.06 20000 47411 
18656.92 20000 47427 
18696.62 20000 47443 
18738.54 20000 47459 
18781.59 20000 47474 
18823.07 20000 47490 
18865.93 20000 47506 
18910.88 20000 47522 
18955.23 20000 47537 
18996.33 20000 47553 
19037.99 20000 47569 
19080.38 20000 47585 
19124.41 20000 47600 
19166.13 20000 47616 
19208.79 20000 47632 
19252.52 20000 47648 
19298.3 20000 47664 
19340.55 20000 47679 
19382.82 20000 47695 
19425.23 20000 47711 
19470.24 20000 47727 
19512.27 20000 47742 
19554.36 20000 47758 
19596.29 20000 47774 
19640.05 20000 47790 
19681.04 20000 47805 
19722.95 20000 47821 
19764.65 20000 47837 
19808.46 20000 47853 
19851.21 20000 47868 
19894.28 20000 47884 
19935.37 20000 47900 
19978.46 20000 47916 
20019.81 20000 47931 
20060.89 20000 47947 
20100.56 20000 47948 
20116.25 20000 47948 
20057.94 20000 47948 
19979.5 20000 47948 
19912.97 20000 47948 
19854 20000 47948 
19800.21 20000 47948 
19748.93 20000 47948 
19694.81 20000 47948 
19644.84 20000 47948 
19602.68 20000 47948 
19563.69 20000 47948 
19526.26 20000 47948 
19490 20000 47948 
19455.17 20000 47948 
19421.45 20000 47948 
19388.85 20000 47948 
19356.94 20000 47948 
19325.92 20000 47948 
19296.25 20000 47948 
19267.63 20000 47948 
19239.4 20000 47948 
19211.83 20000 47948 
19185.41 20000 47948 
19159.61 20000 47948 
19134.44 20000 47948 
19109.93 20000 47948 
19085.88 20000 47948 
19062.72 20000 47948 
19040.15 20000 47948 
19017.83 20000 47948 
18996.05 20000 47948 
18975.04 20000 47948 
18954.57 20000 47948 
18934.63 20000 47948 
18915.51 20000 47948 
18896.81 20000 47948 
18879.04 20000 47948 
18861.35 20000 47948 
18842.45 20000 47948 
18823.4 20000 47948 
18805.02 20000 47948 
18787 20000 47948 
18768.81 20000 47948 
18750.45 20000 47948 
18732.65 20000 47948 
18715.37 20000 47948 
18697.96 20000 47948 
18680.77 20000 47948 
18664.18 20000 47948 
18647.68 20000 47948 
18631.13 20000 47948 
18614.95 20000 47948 
18599.46 20000 47948 
18584.3 20000 47948 
18569.1 20000 47948 
18554.47 20000 47948 
18539.99 20000 47948 
18525.59 20000 47948 
18511.49 20000 47948 
18497.39 20000 47948 
18483.25 20000 47948 
18469.1 20000 47948 
18455.23 20000 47948 
18441.42 20000 47948 
18427.79 20000 47948 
18414.46 20000 47948 
18400.88 20000 47948 
18387.71 20000 47948 
18374.63 20000 47948 
18361.87 20000 47948 
18349.04 20000 47948 
18336.48 20000 47948 
18323.78 20000 47948 
18311.12 20000 47948 
18298.4 20000 47948 
18286.01 20000 47948 
18273.91 20000 47948 
18262.1 20000 47948 
18250.15 20000 47948 
18237.69 20000 47948 
18225.76 20000 47948 
18214.22 20000 47948 
18202.41 20000 47948 
