10.65 20000 42244 
10.56 20000 42244 
10.48 20000 42244 
10.33 20000 42244 
10.23 20000 42244 
10.26 20000 42244 
10.22 20000 42244 
10.34 20000 42244 
10.66 20000 42244 
10.52 20000 42244 
10.57 20000 42244 
10.68 20000 42244 
10.72 20000 42244 
10.47 20000 42402 
10.49 20000 42565 
10.65 20000 42585 
10.75 20000 42601 
10.82 20000 42616 
10.93 20000 42632 
11.18 20000 42648 
11.08 20000 42664 
10.97 20000 42679 
10.89 20000 42695 
11.03 20000 42711 
11.29 20000 42727 
11.28 20000 42742 
10.72 20000 42758 
10.76 20000 42774 
10.94 20000 42790 
10.94 20000 42805 
10.64 20000 42821 
10.64 20000 42837 
10.74 20000 42853 
10.97 20000 42868 
11.13 20000 42884 
10.96 20000 42900 
11.12 20000 42916 
11.25 20000 42931 
11.29 20000 42947 
11.1 20000 42963 
11.15 20000 42978 
11.5 20000 42994 
11.38 20000 43010 
11.2 20000 43026 
11.34 20000 43041 
11.24 20000 43057 
11.24 20000 43073 
11.07 20000 43089 
11.16 20000 43104 
11.25 20000 43120 
10.95 20000 43136 
10.85 20000 43152 
11.12 20000 43167 
11.44 20000 43183 
11.35 20000 43199 
11.36 20000 43215 
11.52 20000 43230 
11.5 20000 43246 
11.45 20000 43262 
11.4 20000 43278 
11.46 20000 43293 
11.45 20000 43309 
11.39 20000 43325 
11.35 20000 43341 
11.39 20000 43356 
11.52 20000 43372 
11.33 20000 43388 
11.22 20000 43404 
11.32 20000 43419 
11.46 20000 43435 
11.18 20000 43451 
11.04 20000 43467 
11.22 20000 43482 
11.34 20000 43498 
11.34 20000 43514 
11.4 20000 43530 
11.35 20000 43545 
11.41 20000 43561 
11.48 20000 43577 
11.53 20000 43593 
11.3 20000 43608 
11.26 20000 43624 
11.33 20000 43640 
11.48 20000 43656 
11.97 20000 43671 
12.44 20000 43687 
12.53 20000 43703 
12.33 20000 43719 
11.98 20000 43734 
11.92 20000 43750 
11.87 20000 43766 
11.65 20000 43782 
11.47 20000 43797 
11.59 20000 43813 
11.94 20000 43829 
11.65 20000 43845 
11.63 20000 43860 
11.82 20000 43876 
11.79 20000 43892 
11.65 20000 43908 
11.59 20000 43923 
11.86 20000 43939 
12.15 20000 43955 
11.98 20000 43971 
11.83 20000 43986 
11.81 20000 44002 
12.2 20000 44018 
12.48 20000 44034 
12.64 20000 44049 
12.53 20000 44065 
12.6 20000 44081 
12.52 20000 44097 
11.88 20000 44112 
11.61 20000 44128 
11.16 20000 44144 
10.89 20000 44160 
10.8 20000 44175 
10.77 20000 44191 
11.09 20000 44207 
11.32 20000 44223 
11.54 20000 44238 
12.14 20000 44254 
12.28 20000 44270 
12.75 20000 44286 
13.14 20000 44301 
13.85 20000 44317 
14.24 20000 44333 
15.15 20000 44349 
16.48 20000 44364 
17.44 20000 44380 
18.96 20000 44396 
20.94 20000 44412 
23.08 20000 44427 
25.15 20000 44443 
27.26 20000 44459 
29.32 20000 44475 
31.95 20000 44490 
34.72 20000 44506 
37.58 20000 44522 
40.61 20000 44538 
43.13 20000 44553 
45.41 20000 44569 
48.16 20000 44585 
51.33 20000 44601 
54.5 20000 44616 
58.36 20000 44632 
62.78 20000 44648 
68.64 20000 44664 
74.91 20000 44679 
80.7 20000 44695 
86.95 20000 44711 
93.46 20000 44727 
100.21 20000 44742 
107.48 20000 44758 
114.97 20000 44774 
122.54 20000 44790 
129.57 20000 44805 
136.75 20000 44821 
144.31 20000 44837 
151.92 20000 44853 
159 20000 44868 
166.12 20000 44884 
173.29 20000 44900 
181.07 20000 44916 
188.3 20000 44931 
195.29 20000 44947 
202.32 20000 44963 
210.07 20000 44979 
217.66 20000 44994 
224.54 20000 45010 
232.07 20000 45026 
239.7 20000 45042 
246.9 20000 45057 
254.02 20000 45073 
260.64 20000 45089 
267.7 20000 45105 
274.76 20000 45120 
281.85 20000 45136 
289.38 20000 45152 
297.41 20000 45168 
304.73 20000 45183 
311.98 20000 45199 
319.67 20000 45215 
327.59 20000 45231 
335.16 20000 45246 
341.74 20000 45262 
349.19 20000 45278 
357.45 20000 45294 
365.21 20000 45309 
372.42 20000 45325 
379.83 20000 45341 
387.28 20000 45357 
394.52 20000 45372 
402.15 20000 45388 
409.86 20000 45404 
417.42 20000 45420 
425.06 20000 45435 
432.04 20000 45451 
439.57 20000 45467 
447.53 20000 45483 
455.17 20000 45498 
462.2 20000 45514 
469.42 20000 45530 
476.72 20000 45546 
484.22 20000 45561 
491.32 20000 45577 
498.59 20000 45593 
505.46 20000 45609 
512.34 20000 45624 
518.8 20000 45640 
526.05 20000 45656 
533.88 20000 45672 
541.79 20000 45687 
548.96 20000 45703 
555.92 20000 45719 
563.03 20000 45735 
571.04 20000 45750 
579.03 20000 45766 
586.73 20000 45782 
594.09 20000 45798 
601.91 20000 45813 
609.38 20000 45829 
616.76 20000 45845 
624.11 20000 45861 
632.25 20000 45876 
639.96 20000 45892 
647.46 20000 45908 
654.69 20000 45924 
661.71 20000 45939 
669.3 20000 45955 
676.83 20000 45971 
684.13 20000 45987 
691.69 20000 46002 
699.28 20000 46018 
707.01 20000 46034 
714.52 20000 46050 
722.32 20000 46065 
729.76 20000 46081 
736.88 20000 46097 
743.82 20000 46113 
751.36 20000 46128 
758.9 20000 46144 
765.92 20000 46160 
772.7 20000 46176 
780.26 20000 46191 
787.71 20000 46207 
794.68 20000 46223 
801.74 20000 46239 
809.3 20000 46254 
816.79 20000 46270 
823.96 20000 46286 
831.24 20000 46302 
838.93 20000 46317 
846.67 20000 46333 
853.47 20000 46349 
860.34 20000 46365 
868.84 20000 46380 
876.06 20000 46396 
883.26 20000 46412 
890.6 20000 46428 
897.84 20000 46443 
904.99 20000 46459 
911.67 20000 46475 
917.59 20000 46491 
923.71 20000 46506 
931.41 20000 46522 
939.31 20000 46538 
946.9 20000 46554 
954.47 20000 46569 
962.27 20000 46585 
970.43 20000 46601 
977.21 20000 46617 
983.58 20000 46632 
992.06 20000 46648 
999.6 20000 46664 
1006.57 20000 46680 
1013.5 20000 46695 
1021.32 20000 46711 
1028.8 20000 46727 
1036 20000 46743 
1042.99 20000 46758 
1050.84 20000 46774 
1059.03 20000 46790 
1066.71 20000 46806 
1073.77 20000 46821 
1081.66 20000 46837 
1089.14 20000 46853 
1095.99 20000 46869 
1103.06 20000 46884 
1111.15 20000 46900 
1118.74 20000 46916 
1126.68 20000 46932 
1133.89 20000 46947 
1141.21 20000 46963 
1148.34 20000 46979 
1155.7 20000 46995 
1162.97 20000 47010 
1171.07 20000 47026 
1178.84 20000 47042 
1186.1 20000 47058 
1193.31 20000 47073 
1200.54 20000 47089 
1207.28 20000 47105 
1214.09 20000 47121 
1220.97 20000 47136 
1227.68 20000 47152 
1234.05 20000 47168 
1240.94 20000 47184 
1248.47 20000 47199 
1256.1 20000 47215 
1264.15 20000 47231 
1272.48 20000 47247 
1280.48 20000 47262 
1288.66 20000 47278 
1296.87 20000 47294 
1304.39 20000 47310 
1311.83 20000 47325 
1319.77 20000 47341 
1327.56 20000 47357 
1335.31 20000 47373 
1343.02 20000 47388 
1351.22 20000 47404 
1359.62 20000 47420 
1366.98 20000 47436 
1374.87 20000 47451 
1382.07 20000 47467 
1390.04 20000 47483 
1398.17 20000 47499 
1406.39 20000 47514 
1414.31 20000 47530 
1422.32 20000 47546 
1430.04 20000 47562 
1437.87 20000 47577 
1446.28 20000 47593 
1454.57 20000 47609 
1461.51 20000 47625 
1468.94 20000 47640 
1475.99 20000 47656 
1483.55 20000 47672 
1490.55 20000 47688 
1498.61 20000 47703 
1506.25 20000 47719 
1514.19 20000 47735 
1522.99 20000 47751 
1533.07 20000 47766 
1541.2 20000 47782 
1549.03 20000 47798 
1555.96 20000 47814 
1562.98 20000 47829 
1570.44 20000 47845 
1579 20000 47861 
1586.51 20000 47877 
1594.52 20000 47892 
1601.63 20000 47908 
1608.93 20000 47924 
1615.27 20000 47940 
1621.83 20000 47955 
1628.92 20000 47971 
1637.23 20000 47987 
1643.98 20000 48003 
1651.46 20000 48018 
1659.94 20000 48034 
1669.16 20000 48050 
1676.48 20000 48066 
1683.72 20000 48081 
1693.51 20000 48097 
1705.96 20000 48113 
1716.04 20000 48129 
1723.83 20000 48144 
1732.02 20000 48160 
1740.54 20000 48176 
1748.85 20000 48192 
1757.67 20000 48207 
1766.14 20000 48223 
1774.96 20000 48239 
1783.89 20000 48255 
1791.85 20000 48270 
1800.66 20000 48286 
1810.15 20000 48302 
1819.07 20000 48318 
1826.79 20000 48333 
1835.22 20000 48349 
1845.05 20000 48365 
1854.93 20000 48381 
1863.66 20000 48396 
1872.29 20000 48412 
1881.17 20000 48428 
1890.84 20000 48444 
1899.88 20000 48459 
1909 20000 48475 
1918.23 20000 48491 
1928.02 20000 48507 
1936.65 20000 48522 
1945.99 20000 48538 
1955.41 20000 48554 
1964.57 20000 48570 
1972.83 20000 48585 
1981.55 20000 48601 
1990.45 20000 48617 
1999.83 20000 48633 
2008.25 20000 48648 
2017.54 20000 48664 
2026.63 20000 48680 
2036.4 20000 48696 
2045.38 20000 48711 
2054.83 20000 48727 
2064.19 20000 48743 
2073.64 20000 48759 
2082.38 20000 48774 
2091.6 20000 48790 
2100.3 20000 48806 
2109.88 20000 48822 
2118.94 20000 48837 
2128.21 20000 48853 
2137.42 20000 48869 
2147.21 20000 48885 
2156.49 20000 48900 
2165.69 20000 48916 
2174.57 20000 48932 
2184.23 20000 48948 
2193.6 20000 48963 
2203.38 20000 48979 
2213.14 20000 48995 
2223.35 20000 49011 
2232.75 20000 49026 
2241.87 20000 49042 
2251.64 20000 49058 
2261.72 20000 49074 
2270.93 20000 49089 
2280.15 20000 49105 
2289.41 20000 49121 
2299.49 20000 49137 
2309.1 20000 49152 
2318.54 20000 49168 
2328.07 20000 49184 
2337.82 20000 49200 
2348.03 20000 49215 
2358.46 20000 49231 
2368.51 20000 49247 
2378.38 20000 49263 
2388.42 20000 49278 
2398.92 20000 49294 
2409.45 20000 49310 
2419.63 20000 49326 
2429.95 20000 49341 
2440.04 20000 49357 
2450.23 20000 49373 
2460.14 20000 49389 
2470.16 20000 49404 
2479.91 20000 49420 
2490.01 20000 49436 
2499.37 20000 49452 
2509.39 20000 49467 
2519.06 20000 49483 
2528.81 20000 49499 
2538.3 20000 49515 
2548.03 20000 49530 
2557.57 20000 49546 
2567.88 20000 49562 
2578.66 20000 49578 
2590.02 20000 49593 
2600.42 20000 49609 
2611.53 20000 49625 
2622.35 20000 49641 
2633.39 20000 49656 
2644.15 20000 49672 
2655.65 20000 49688 
2666.43 20000 49704 
2677.51 20000 49719 
2687.91 20000 49735 
2699.44 20000 49751 
2710.99 20000 49767 
2722.36 20000 49782 
2732.36 20000 49798 
2743.92 20000 49814 
2755.17 20000 49830 
2766.39 20000 49845 
2777.26 20000 49861 
2789.47 20000 49877 
2801.29 20000 49893 
2814.41 20000 49908 
2826.05 20000 49924 
2837.88 20000 49940 
2849.04 20000 49956 
2860.32 20000 49971 
2870.68 20000 49987 
2881.97 20000 50003 
2894.05 20000 50019 
2905.93 20000 50034 
2916.78 20000 50050 
2928.83 20000 50066 
2941.34 20000 50082 
2953.53 20000 50097 
2965.78 20000 50113 
2978.15 20000 50129 
2990.17 20000 50145 
3002.04 20000 50160 
3013.87 20000 50176 
3025.94 20000 50192 
3038.92 20000 50208 
3051.58 20000 50223 
3063.7 20000 50239 
3075.94 20000 50255 
3088.66 20000 50271 
3101.33 20000 50286 
3113.96 20000 50302 
3127.17 20000 50318 
3142.26 20000 50334 
3156.03 20000 50349 
3168.1 20000 50365 
3180.59 20000 50381 
3194.2 20000 50397 
3207.71 20000 50412 
3220.27 20000 50428 
3232.58 20000 50444 
3246.53 20000 50460 
3260.33 20000 50475 
3273.92 20000 50491 
3287.36 20000 50507 
3301.8 20000 50523 
3316.03 20000 50538 
3330.18 20000 50554 
3343.89 20000 50570 
3358.81 20000 50586 
3373.18 20000 50601 
3387.5 20000 50617 
3400.68 20000 50633 
3415.4 20000 50649 
3429.55 20000 50664 
3443.72 20000 50680 
3457.21 20000 50696 
3472.27 20000 50712 
3486.93 20000 50727 
3501.54 20000 50743 
3514.99 20000 50759 
3529.6 20000 50775 
3544.1 20000 50790 
3559.42 20000 50806 
3574.02 20000 50822 
3589.29 20000 50838 
3603.99 20000 50853 
3618.69 20000 50869 
3633.17 20000 50885 
3648.81 20000 50901 
3663.7 20000 50916 
3679.41 20000 50932 
3694.57 20000 50948 
3710.71 20000 50964 
3726.86 20000 50979 
3743.09 20000 50995 
3758.65 20000 51011 
3774.47 20000 51027 
3790.46 20000 51042 
3806.91 20000 51058 
3822.38 20000 51074 
3838.54 20000 51090 
3854.22 20000 51105 
3869.94 20000 51121 
3884.89 20000 51137 
3900.7 20000 51153 
3917.6 20000 51168 
3934.16 20000 51184 
3949.58 20000 51200 
3965.32 20000 51216 
3981.58 20000 51231 
3997.98 20000 51247 
4014.29 20000 51263 
4030.37 20000 51279 
4047.67 20000 51294 
4064.92 20000 51310 
4082.09 20000 51326 
4099.6 20000 51342 
4117.07 20000 51357 
4133.66 20000 51373 
4149.71 20000 51389 
4166.76 20000 51405 
4185.13 20000 51420 
4202.62 20000 51436 
4219.77 20000 51452 
4235.85 20000 51468 
4252.6 20000 51483 
4271.3 20000 51499 
4290.48 20000 51515 
4308.41 20000 51531 
4326.41 20000 51546 
4343.66 20000 51562 
4361.92 20000 51578 
4380.11 20000 51594 
4399.39 20000 51609 
4417.68 20000 51625 
4436.92 20000 51641 
4455.42 20000 51657 
4473.57 20000 51672 
4490.95 20000 51688 
4509.27 20000 51704 
4527.08 20000 51720 
4545.31 20000 51735 
4562.23 20000 51751 
4580.48 20000 51767 
4598.24 20000 51783 
4616.79 20000 51798 
4634.75 20000 51814 
4653.31 20000 51830 
4671.14 20000 51846 
4690.18 20000 51861 
4707.82 20000 51877 
4725.76 20000 51893 
4743.6 20000 51909 
4762.1 20000 51924 
4779.99 20000 51940 
4798.61 20000 51956 
4817.29 20000 51972 
4836.58 20000 51987 
4854.69 20000 52003 
4869.91 20000 52019 
4880.99 20000 52035 
4901.81 20000 52050 
4923.38 20000 52066 
4943.8 20000 52082 
4963.8 20000 52098 
4983.95 20000 52113 
5002.96 20000 52129 
5021.31 20000 52145 
5039.77 20000 52161 
5058.86 20000 52176 
5077.84 20000 52192 
5096.13 20000 52208 
5114.74 20000 52224 
5133.74 20000 52239 
5152.12 20000 52255 
5170.89 20000 52271 
5190.53 20000 52287 
5210.31 20000 52302 
5229.32 20000 52318 
5247.7 20000 52334 
5267.36 20000 52350 
5288.49 20000 52365 
5310.05 20000 52381 
5329.25 20000 52397 
5349.64 20000 52413 
5371.11 20000 52428 
5392.46 20000 52444 
5412.05 20000 52460 
5432.12 20000 52476 
5452.9 20000 52491 
5474.89 20000 52507 
5495.16 20000 52523 
5515.95 20000 52539 
5536.95 20000 52554 
5559.25 20000 52570 
5579.9 20000 52586 
5600.64 20000 52602 
5621.5 20000 52617 
5644.07 20000 52633 
5664.77 20000 52649 
5684.62 20000 52665 
5704.51 20000 52680 
5725.58 20000 52696 
5746.38 20000 52712 
5768.07 20000 52728 
5789.33 20000 52743 
5811.84 20000 52759 
5832.18 20000 52775 
5853.61 20000 52791 
5875.3 20000 52806 
5898.63 20000 52822 
5921.49 20000 52838 
5944.71 20000 52854 
5967.53 20000 52869 
5990.96 20000 52885 
6012.39 20000 52901 
6033.39 20000 52917 
6055.26 20000 52932 
6079.57 20000 52948 
6102.98 20000 52964 
6126.05 20000 52980 
6147.53 20000 52995 
6169.65 20000 53011 
6193.25 20000 53027 
6216.34 20000 53043 
6238.16 20000 53058 
6260.58 20000 53074 
6281.97 20000 53090 
6303.67 20000 53106 
6326.04 20000 53121 
6348.27 20000 53137 
6369.78 20000 53153 
6391.42 20000 53169 
6413.75 20000 53184 
6436.32 20000 53200 
6460.29 20000 53216 
6483.87 20000 53232 
6506.67 20000 53247 
6531.01 20000 53263 
6556.23 20000 53279 
6580.35 20000 53295 
6605.47 20000 53310 
6630.97 20000 53326 
6657.12 20000 53342 
6680.94 20000 53358 
6704.34 20000 53373 
6728.91 20000 53389 
6754.09 20000 53405 
6777.21 20000 53421 
6799.17 20000 53436 
6820.53 20000 53452 
6844.84 20000 53468 
6868.73 20000 53484 
6893.26 20000 53499 
6917.91 20000 53515 
6944.16 20000 53531 
6969.98 20000 53547 
6995.5 20000 53562 
7018.86 20000 53578 
7041.55 20000 53594 
7065.45 20000 53610 
7090.89 20000 53625 
7116.96 20000 53641 
7143.5 20000 53657 
7168.22 20000 53673 
7192.32 20000 53688 
7215.36 20000 53704 
7242.61 20000 53720 
7270.14 20000 53736 
7296.69 20000 53751 
7321.84 20000 53767 
7348.91 20000 53783 
7376.2 20000 53799 
7404.6 20000 53814 
7432.55 20000 53830 
7460.19 20000 53846 
7486.56 20000 53862 
7514.3 20000 53877 
7540.59 20000 53893 
7567.28 20000 53909 
7593.33 20000 53925 
7620.05 20000 53940 
7644.81 20000 53956 
7670.25 20000 53972 
7695.27 20000 53988 
7722.02 20000 54003 
7750.71 20000 54019 
7779.67 20000 54035 
7807.71 20000 54051 
7836.42 20000 54066 
7865.61 20000 54082 
7894.8 20000 54098 
7922.47 20000 54114 
7952.03 20000 54129 
7981.44 20000 54145 
8009.13 20000 54161 
8038.2 20000 54177 
8066.61 20000 54192 
8092.52 20000 54208 
8119.4 20000 54224 
8145.74 20000 54240 
8172.76 20000 54255 
8200.88 20000 54271 
8229.59 20000 54287 
8259.91 20000 54303 
8290.93 20000 54318 
8320.42 20000 54334 
8349.01 20000 54350 
8377.27 20000 54366 
8404.59 20000 54381 
8431.59 20000 54397 
8459.39 20000 54413 
8489.49 20000 54429 
8517.71 20000 54444 
8544.87 20000 54460 
8572.53 20000 54476 
8602.55 20000 54492 
8631.93 20000 54507 
8660.99 20000 54523 
8689.24 20000 54539 
8720.32 20000 54555 
8749.52 20000 54570 
8777.53 20000 54586 
8804.2 20000 54602 
8831.78 20000 54618 
8858.74 20000 54633 
8888.86 20000 54649 
8918.56 20000 54665 
8947.74 20000 54681 
8977.19 20000 54696 
9010.79 20000 54712 
9042.94 20000 54728 
9073.52 20000 54744 
9102.81 20000 54759 
9131.99 20000 54775 
9163.6 20000 54791 
9197.41 20000 54807 
9230 20000 54822 
9263.06 20000 54838 
9294.76 20000 54854 
9326.65 20000 54870 
9355.83 20000 54885 
9387.42 20000 54901 
9417.85 20000 54917 
9444.83 20000 54933 
9470.77 20000 54948 
9498.34 20000 54964 
9526.35 20000 54980 
9553.45 20000 54996 
9579.28 20000 55011 
9607.3 20000 55027 
9635.91 20000 55043 
9664.38 20000 55059 
9690.39 20000 55074 
9718.88 20000 55090 
9749.7 20000 55106 
9781.99 20000 55122 
9813.25 20000 55137 
9842.9 20000 55153 
9873.01 20000 55169 
9902.76 20000 55185 
9932.07 20000 55200 
9960.41 20000 55216 
9991.5 20000 55232 
10023.15 20000 55248 
10052.2 20000 55263 
10080.49 20000 55279 
10111.13 20000 55295 
10142.45 20000 55311 
10173.6 20000 55326 
10203.43 20000 55342 
10234.86 20000 55358 
10266.25 20000 55374 
10297.84 20000 55389 
10327.44 20000 55405 
10357.57 20000 55421 
10387.9 20000 55437 
10418.85 20000 55452 
10447.76 20000 55468 
10477.74 20000 55484 
10509.55 20000 55500 
10542.63 20000 55515 
10573.81 20000 55531 
10603.97 20000 55547 
10629.96 20000 55563 
10656.67 20000 55578 
10683.51 20000 55594 
10713.14 20000 55610 
10744.22 20000 55626 
10778.24 20000 55641 
10811.32 20000 55657 
10843.28 20000 55673 
10874.2 20000 55689 
10906.96 20000 55704 
10940.58 20000 55720 
10975.63 20000 55736 
11009.97 20000 55752 
11045.05 20000 55767 
11078.08 20000 55783 
11109.61 20000 55799 
11140.41 20000 55815 
11172.46 20000 55830 
11199.72 20000 55846 
11226.43 20000 55862 
11255.88 20000 55878 
11288.18 20000 55893 
11320.91 20000 55909 
11354.89 20000 55925 
11388.66 20000 55941 
11423.61 20000 55956 
11454.73 20000 55972 
11484.04 20000 55988 
11518.19 20000 56004 
11556.26 20000 56019 
11593.45 20000 56035 
11633.17 20000 56051 
11672.7 20000 56067 
11709.08 20000 56082 
11740.56 20000 56098 
11770.49 20000 56114 
11800.5 20000 56130 
11829.52 20000 56145 
11858 20000 56161 
11889.47 20000 56177 
11924.56 20000 56193 
11960.26 20000 56208 
11993.06 20000 56224 
12021.92 20000 56240 
12049.52 20000 56256 
12080.97 20000 56271 
12117.24 20000 56287 
12156.27 20000 56303 
12193.84 20000 56319 
12228.28 20000 56334 
12261.19 20000 56350 
12292.65 20000 56366 
12325.35 20000 56382 
12356.79 20000 56397 
12390.96 20000 56413 
12422.79 20000 56429 
12453.88 20000 56445 
12486.9 20000 56460 
12523.29 20000 56476 
12560.17 20000 56492 
12599.79 20000 56508 
12639.96 20000 56523 
12680.27 20000 56539 
12716.81 20000 56555 
12753.26 20000 56571 
12789.9 20000 56586 
12827.57 20000 56602 
12864.3 20000 56618 
12901.38 20000 56634 
12937.05 20000 56649 
12973.83 20000 56665 
13010.02 20000 56681 
13046.09 20000 56697 
13081.72 20000 56712 
13118.64 20000 56728 
13152.79 20000 56744 
13188.92 20000 56760 
13224.54 20000 56775 
13262.72 20000 56791 
13301.17 20000 56807 
13338.96 20000 56823 
13375.25 20000 56838 
13413.04 20000 56854 
13451.5 20000 56870 
13491.24 20000 56886 
13528.25 20000 56901 
13565.24 20000 56917 
13602.17 20000 56933 
13641.63 20000 56949 
13680.9 20000 56964 
13719.98 20000 56980 
13757.23 20000 56996 
13794.66 20000 57012 
13830.52 20000 57027 
13865.96 20000 57043 
13904.02 20000 57059 
13941.96 20000 57075 
13978.66 20000 57090 
14014.9 20000 57106 
14053.89 20000 57122 
14094.53 20000 57138 
14135.52 20000 57153 
14176.13 20000 57169 
14218.18 20000 57185 
14259.04 20000 57201 
14296.3 20000 57216 
14331.29 20000 57232 
14363.52 20000 57248 
14397.29 20000 57264 
14435.51 20000 57279 
14478.45 20000 57295 
14522.82 20000 57311 
14569.55 20000 57327 
14618.23 20000 57342 
14665.06 20000 57358 
14708.81 20000 57374 
14749.05 20000 57390 
14786.7 20000 57405 
14828.17 20000 57421 
14871.84 20000 57437 
14912.21 20000 57453 
14952.71 20000 57468 
14991.42 20000 57484 
15030.46 20000 57500 
15067.99 20000 57516 
15105.84 20000 57531 
15144.81 20000 57547 
15186.24 20000 57563 
15227.02 20000 57579 
15265.83 20000 57594 
15300.95 20000 57610 
15332.83 20000 57626 
15321.51 20000 57642 
15268.13 20000 57657 
15300.67 20000 57673 
15359.65 20000 57689 
15415.28 20000 57705 
15465.71 20000 57720 
15511.63 20000 57736 
15558.68 20000 57752 
15602.75 20000 57768 
15647.95 20000 57783 
15693.25 20000 57799 
15736.43 20000 57815 
15778.96 20000 57831 
15821.27 20000 57846 
15864.41 20000 57862 
15910.71 20000 57878 
15956.58 20000 57894 
16002.45 20000 57909 
16045.76 20000 57925 
16087.92 20000 57941 
16130.07 20000 57957 
16173.72 20000 57972 
16216.73 20000 57988 
16261.08 20000 58004 
16306.08 20000 58020 
16350.76 20000 58035 
16395.02 20000 58051 
16440.17 20000 58067 
16444.84 20000 58083 
16350.57 20000 58098 
16358.83 20000 58114 
16426.34 20000 58130 
16486.09 20000 58146 
16540.25 20000 58161 
16593.34 20000 58177 
16642.15 20000 58193 
16688.11 20000 58209 
16729.86 20000 58224 
16769.65 20000 58240 
16811.92 20000 58256 
16854.28 20000 58272 
16895.66 20000 58287 
16941.4 20000 58303 
16986.83 20000 58319 
17030.39 20000 58335 
17073.83 20000 58350 
17115.96 20000 58366 
17156.6 20000 58382 
17198.03 20000 58398 
17235.78 20000 58413 
17272.8 20000 58429 
17311.99 20000 58445 
17353.49 20000 58461 
17392.4 20000 58476 
17432.82 20000 58492 
17475.09 20000 58508 
17517.8 20000 58524 
17556.44 20000 58539 
17595.42 20000 58555 
17633.97 20000 58571 
17672.44 20000 58587 
17709.08 20000 58602 
17747.41 20000 58618 
17786.4 20000 58634 
17826.96 20000 58650 
17863.47 20000 58665 
17896.35 20000 58681 
17925.37 20000 58697 
17952.81 20000 58713 
17984.95 20000 58728 
18025.19 20000 58744 
18068.1 20000 58760 
18113.41 20000 58776 
18156.68 20000 58791 
18200.08 20000 58807 
18245.9 20000 58823 
18294.73 20000 58839 
18341.83 20000 58854 
18386.92 20000 58870 
18431.6 20000 58886 
18478.36 20000 58902 
18523.05 20000 58917 
18565.12 20000 58933 
18607.36 20000 58949 
18652.24 20000 58965 
18695.3 20000 58980 
18736.87 20000 58996 
18779.54 20000 59012 
18825.58 20000 59028 
18871.19 20000 59043 
18913.55 20000 59059 
18955.02 20000 59075 
18998.92 20000 59091 
19043.5 20000 59106 
19086.66 20000 59122 
19131.84 20000 59138 
19180.77 20000 59154 
19229.08 20000 59169 
19274.33 20000 59185 
19319.89 20000 59201 
19366.55 20000 59217 
19413.12 20000 59232 
19456.69 20000 59248 
19499.76 20000 59264 
19545.28 20000 59280 
19592.16 20000 59295 
19637.61 20000 59311 
19684.25 20000 59327 
19731.92 20000 59343 
19781.61 20000 59358 
19828.23 20000 59374 
19874.48 20000 59390 
19922.91 20000 59406 
19974.07 20000 59421 
20022.2 20000 59437 
20071.17 20000 59453 
20120.31 20000 59453 
20141.89 20000 59453 
20080.53 20000 59453 
19996.24 20000 59453 
19922.68 20000 59453 
19857.01 20000 59453 
19797.05 20000 59453 
19739.68 20000 59453 
19681.8 20000 59453 
19631.64 20000 59453 
19585.94 20000 59453 
19541.51 20000 59453 
19499.01 20000 59453 
19458.31 20000 59453 
19418.86 20000 59453 
19380.58 20000 59453 
19343.26 20000 59453 
19307.08 20000 59453 
19272.25 20000 59453 
19238.73 20000 59453 
19206.15 20000 59453 
19174.46 20000 59453 
19143.92 20000 59453 
19114.55 20000 59453 
19085.84 20000 59453 
19057.21 20000 59453 
19029.19 20000 59453 
19002.1 20000 59453 
18975.6 20000 59453 
18949.48 20000 59453 
18923.92 20000 59453 
18899.06 20000 59453 
18874.85 20000 59453 
18851.11 20000 59453 
18828.13 20000 59453 
18805.23 20000 59453 
18782.8 20000 59453 
18760.93 20000 59453 
18739.29 20000 59453 
18717.75 20000 59453 
18696.83 20000 59453 
18676.13 20000 59453 
18655.41 20000 59453 
18635.41 20000 59453 
18615.57 20000 59453 
18596.27 20000 59453 
18577.03 20000 59453 
18557.86 20000 59453 
18539.16 20000 59453 
18520.25 20000 59453 
18501.78 20000 59453 
18483.77 20000 59453 
18465.93 20000 59453 
18448.24 20000 59453 
18430.59 20000 59453 
18413.22 20000 59453 
18396.47 20000 59453 
18379.88 20000 59453 
18363.42 20000 59453 
18347.38 20000 59453 
18331.32 20000 59453 
18315.79 20000 59453 
18300.39 20000 59453 
18285.08 20000 59453 
18270.08 20000 59453 
18255.03 20000 59453 
18239.97 20000 59453 
18225.45 20000 59453 
18211.03 20000 59453 
18196.66 20000 59453 
18182.44 20000 59453 
18168.08 20000 59453 
18153.86 20000 59453 
18140.2 20000 59453 
18126.57 20000 59453 
18113.39 20000 59453 
18100.9 20000 59453 
18088.07 20000 59453 
18075.24 20000 59453 
18062.25 20000 59453 
18048.99 20000 59453 
18036.26 20000 59453 
18023.92 20000 59453 
18011.57 20000 59453 
17999.65 20000 59453 
17987.62 20000 59453 
17975.32 20000 59453 
17963.3 20000 59453 
17951.62 20000 59453 
17939.92 20000 59453 
17928.51 20000 59453 
17916.98 20000 59453 
17905.55 20000 59453 
17894.11 20000 59453 
17882.67 20000 59453 
17871.41 20000 59453 
17860.36 20000 59453 
17849.19 20000 59453 
17837.91 20000 59453 
17826.84 20000 59453 
17816.34 20000 59453 
17805.74 20000 59453 
17795.61 20000 59453 
17785.59 20000 59453 
17776.08 20000 59453 
17766.42 20000 59453 
17756.53 20000 59453 
17746.63 20000 59453 
17736.62 20000 59453 
17726.54 20000 59453 
17716.23 20000 59453 
17706.19 20000 59453 
17696.28 20000 59453 
17686.33 20000 59453 
17676.77 20000 59453 
17667.33 20000 59453 
17657.89 20000 59453 
17649.06 20000 59453 
17639.98 20000 59453 
17630.62 20000 59453 
17621.5 20000 59453 
17612.67 20000 59453 
17603.58 20000 59453 
17594.91 20000 59453 
17586.34 20000 59453 
17577.73 20000 59453 
17568.9 20000 59453 
17560.68 20000 59453 
17552.02 20000 59453 
17543.62 20000 59453 
17535.29 20000 59453 
17526.6 20000 59453 
17518.21 20000 59453 
17509.79 20000 59453 
17501.57 20000 59453 
17493.45 20000 59453 
17485.27 20000 59453 
17477.23 20000 59453 
17469.59 20000 59453 
17461.88 20000 59453 
17453.99 20000 59453 
17445.85 20000 59453 
17437.84 20000 59453 
17430.25 20000 59453 
17422.28 20000 59453 
17414.52 20000 59453 
17407.11 20000 59453 
17399.5 20000 59453 
17392.03 20000 59453 
17384.46 20000 59453 
17377.07 20000 59453 
17369.94 20000 59453 
17362.97 20000 59453 
17356.59 20000 59453 
17349.91 20000 59453 
17342.9 20000 59453 
17335.64 20000 59453 
17328.61 20000 59453 
17321.66 20000 59453 
17314.58 20000 59453 
17307.63 20000 59453 
17300.5 20000 59453 
17293.1 20000 59453 
17285.65 20000 59453 
17278.48 20000 59453 
17271.14 20000 59453 
17264 20000 59453 
17256.91 20000 59453 
17249.85 20000 59453 
17242.72 20000 59453 
17235.78 20000 59453 
17228.78 20000 59453 
17221.96 20000 59453 
17215.46 20000 59453 
17208.98 20000 59453 
17202.54 20000 59453 
17195.97 20000 59453 
17189.46 20000 59453 
17182.82 20000 59453 
17176.6 20000 59453 
17170.35 20000 59453 
17163.99 20000 59453 
17157.55 20000 59453 
17151.45 20000 59453 
17145.26 20000 59453 
17138.77 20000 59453 
17132.28 20000 59453 
17125.62 20000 59453 
17119.4 20000 59453 
17113.34 20000 59453 
17107.48 20000 59453 
17101.47 20000 59453 
17095.2 20000 59453 
17088.99 20000 59453 
17082.83 20000 59453 
17077.21 20000 59453 
17071.46 20000 59453 
17065.59 20000 59453 
17059.88 20000 59453 
17054.39 20000 59453 
17048.91 20000 59453 
17043.33 20000 59453 
17037.38 20000 59453 
17031.11 20000 59453 
17025.16 20000 59453 
17019.46 20000 59453 
17013.58 20000 59453 
17007.68 20000 59453 
17001.94 20000 59453 
16996.33 20000 59453 
16990.35 20000 59453 
16984.26 20000 59453 
16978.26 20000 59453 
16972.31 20000 59453 
16966.36 20000 59453 
16960.47 20000 59453 
16954.77 20000 59453 
16948.71 20000 59453 
16942.83 20000 59453 
16937.14 20000 59453 
16931.33 20000 59453 
16925.75 20000 59453 
16920.08 20000 59453 
16914.27 20000 59453 
16908.56 20000 59453 
16902.79 20000 59453 
16896.83 20000 59453 
16891.1 20000 59453 
16885.73 20000 59453 
16880.24 20000 59453 
16875.03 20000 59453 
16869.96 20000 59453 
16864.93 20000 59453 
16860.09 20000 59453 
16854.85 20000 59453 
16849.43 20000 59453 
16844.38 20000 59453 
16839.46 20000 59453 
16834.35 20000 59453 
16829.62 20000 59453 
16824.76 20000 59453 
16819.93 20000 59453 
16815.27 20000 59453 
16810.8 20000 59453 
16806.4 20000 59453 
16801.79 20000 59453 
16796.67 20000 59453 
16791.12 20000 59453 
16786.1 20000 59453 
16781.11 20000 59453 
16775.86 20000 59453 
16770.87 20000 59453 
16765.65 20000 59453 
16760.47 20000 59453 
16755.38 20000 59453 
16750.35 20000 59453 
16745.5 20000 59453 
16740.71 20000 59453 
16735.97 20000 59453 
16731.53 20000 59453 
16727.17 20000 59453 
16722.62 20000 59453 
16718.11 20000 59453 
16713.85 20000 59453 
16709.49 20000 59453 
16704.91 20000 59453 
16700.75 20000 59453 
16696.48 20000 59453 
16692.13 20000 59453 
16687.84 20000 59453 
16683.6 20000 59453 
16679.5 20000 59453 
16675.73 20000 59453 
16671.99 20000 59453 
16668.07 20000 59453 
16664.12 20000 59453 
16660.4 20000 59453 
16656.72 20000 59453 
16653.1 20000 59453 
16648.74 20000 59453 
16644.08 20000 59453 
16639.68 20000 59453 
16635.04 20000 59453 
16630.53 20000 59453 
16626.13 20000 59453 
16621.58 20000 59453 
16617.25 20000 59453 
16612.84 20000 59453 
16608.23 20000 59453 
16603.84 20000 59453 
16599.6 20000 59453 
16595.61 20000 59453 
16591.37 20000 59453 
16587.08 20000 59453 
