4.33 10000 41025 
4.21 10000 41025 
4.14 10000 41025 
4.47 10000 41025 
4.76 10000 41025 
4.94 10000 41025 
4.78 10000 41025 
4.84 10000 41025 
4.74 10000 41025 
4.8 10000 41025 
4.8 10000 41025 
4.48 10000 41184 
4.68 10000 41347 
4.69 10000 41367 
4.81 10000 41383 
4.95 10000 41398 
4.72 10000 41414 
4.85 10000 41430 
5.09 10000 41446 
4.95 10000 41462 
4.77 10000 41477 
4.95 10000 41493 
4.93 10000 41509 
5.19 10000 41525 
5.11 10000 41540 
4.99 10000 41556 
4.88 10000 41572 
4.89 10000 41588 
5.07 10000 41604 
5.15 10000 41619 
5.31 10000 41635 
5.53 10000 41651 
5.33 10000 41667 
5.14 10000 41682 
5.06 10000 41698 
5.32 10000 41714 
5.38 10000 41730 
5.33 10000 41746 
5.65 10000 41761 
5.58 10000 41777 
5.48 10000 41793 
5.2 10000 41809 
5.52 10000 41824 
5.31 10000 41840 
5.31 10000 41856 
5.25 10000 41872 
5.28 10000 41888 
5.44 10000 41903 
5.45 10000 41919 
5.4 10000 41935 
5.52 10000 41951 
5.42 10000 41966 
5.49 10000 41982 
5.77 10000 41998 
5.59 10000 42014 
5.54 10000 42030 
5.65 10000 42045 
5.42 10000 42061 
5.39 10000 42077 
5.53 10000 42093 
5.65 10000 42108 
5.52 10000 42124 
5.46 10000 42140 
5.68 10000 42156 
6.54 10000 42172 
8.27 10000 42187 
10.91 10000 42203 
14.47 10000 42219 
18.81 10000 42235 
23.24 10000 42251 
28.69 10000 42266 
35.26 10000 42282 
42.84 10000 42298 
50.56 10000 42314 
58.51 10000 42329 
66.73 10000 42345 
75.21 10000 42361 
83.03 10000 42377 
90.63 10000 42392 
99.02 10000 42408 
107.52 10000 42424 
115.77 10000 42440 
123.98 10000 42456 
132.53 10000 42471 
141.08 10000 42487 
149.43 10000 42503 
157.86 10000 42519 
165.79 10000 42535 
174.23 10000 42550 
182.72 10000 42566 
191.13 10000 42582 
199.35 10000 42598 
207.9 10000 42613 
215.77 10000 42629 
223.92 10000 42645 
232.38 10000 42661 
241.07 10000 42677 
248.95 10000 42692 
257.03 10000 42708 
265.12 10000 42724 
273.36 10000 42740 
281.41 10000 42755 
289.71 10000 42771 
298.06 10000 42787 
306.73 10000 42803 
314.81 10000 42819 
323.22 10000 42834 
331.91 10000 42850 
340.51 10000 42866 
348.39 10000 42882 
356.65 10000 42897 
364.94 10000 42913 
373.25 10000 42929 
381.06 10000 42945 
389.36 10000 42961 
397.61 10000 42976 
405.91 10000 42992 
413.93 10000 43008 
422.26 10000 43024 
430.66 10000 43039 
438.83 10000 43055 
446.82 10000 43071 
454.8 10000 43087 
462.31 10000 43103 
470 10000 43118 
477.7 10000 43134 
485.89 10000 43150 
494.16 10000 43166 
502.69 10000 43182 
511.37 10000 43197 
519.83 10000 43213 
528.46 10000 43229 
537.69 10000 43245 
546.18 10000 43260 
554.43 10000 43276 
563.28 10000 43292 
572.34 10000 43308 
580.73 10000 43324 
588.98 10000 43339 
597.26 10000 43355 
606.02 10000 43371 
614.72 10000 43387 
623.05 10000 43402 
631.91 10000 43418 
640.86 10000 43434 
649.37 10000 43450 
657.88 10000 43466 
666.25 10000 43481 
674.41 10000 43497 
683.43 10000 43513 
691.99 10000 43529 
700.97 10000 43544 
709.71 10000 43560 
718.88 10000 43576 
726.85 10000 43592 
734.73 10000 43608 
743.15 10000 43623 
751.74 10000 43639 
760.23 10000 43655 
768.6 10000 43671 
777.56 10000 43687 
787.09 10000 43702 
795.96 10000 43718 
805.36 10000 43734 
814.22 10000 43750 
823.53 10000 43765 
832.17 10000 43781 
840.93 10000 43797 
849.63 10000 43813 
858.71 10000 43829 
867.32 10000 43844 
875.89 10000 43860 
884.34 10000 43876 
893.77 10000 43892 
903.14 10000 43907 
912.16 10000 43923 
920.87 10000 43939 
929.72 10000 43955 
938.22 10000 43971 
946.82 10000 43986 
955.65 10000 44002 
965.49 10000 44018 
975.13 10000 44034 
984.27 10000 44050 
993.82 10000 44065 
1003.14 10000 44081 
1011.67 10000 44097 
1020.54 10000 44113 
1029.65 10000 44128 
1038.99 10000 44144 
1048.04 10000 44160 
1057.02 10000 44176 
1066.37 10000 44192 
1075.98 10000 44207 
1084.86 10000 44223 
1093.36 10000 44239 
1102.51 10000 44255 
1113.08 10000 44270 
1123.04 10000 44286 
1132.98 10000 44302 
1142.81 10000 44318 
1153.04 10000 44334 
1162.79 10000 44349 
1171.57 10000 44365 
1180.98 10000 44381 
1191.24 10000 44397 
1201.3 10000 44413 
1211.53 10000 44428 
1221.68 10000 44444 
1231.66 10000 44460 
1241.35 10000 44476 
1251.41 10000 44491 
1261.19 10000 44507 
1270.57 10000 44523 
1279.53 10000 44539 
1288.13 10000 44555 
1296.74 10000 44570 
1305.93 10000 44586 
1316.41 10000 44602 
1326.35 10000 44618 
1336.24 10000 44633 
1345.9 10000 44649 
1355.59 10000 44665 
1364.24 10000 44681 
1372.98 10000 44697 
1382.03 10000 44712 
1390.86 10000 44728 
1399.58 10000 44744 
1410.02 10000 44760 
1420.09 10000 44775 
1430.26 10000 44791 
1439.64 10000 44807 
1449.64 10000 44823 
1459.3 10000 44839 
1468.94 10000 44854 
1477.61 10000 44870 
1487.1 10000 44886 
1496.52 10000 44902 
1506.31 10000 44918 
1515.96 10000 44933 
1526.25 10000 44949 
1536.17 10000 44965 
1546.4 10000 44981 
1556.36 10000 44996 
1566.42 10000 45012 
1575.48 10000 45028 
1585.04 10000 45044 
1594.7 10000 45060 
1605.12 10000 45075 
1615.05 10000 45091 
1625.47 10000 45107 
1635.44 10000 45123 
1645.7 10000 45138 
1655.45 10000 45154 
1665.29 10000 45170 
1674.23 10000 45186 
1683.99 10000 45202 
1693.76 10000 45217 
1703.98 10000 45233 
1713.85 10000 45249 
1724.41 10000 45265 
1734.82 10000 45280 
1745.15 10000 45296 
1754.86 10000 45312 
1764.43 10000 45328 
1774.05 10000 45344 
1783.93 10000 45359 
1793.25 10000 45375 
1803.01 10000 45391 
1812.66 10000 45407 
1822.67 10000 45422 
1832.69 10000 45438 
1842.26 10000 45454 
1852.12 10000 45470 
1862.5 10000 45486 
1872.09 10000 45501 
1881.44 10000 45517 
1891.36 10000 45533 
1901.32 10000 45549 
1910.73 10000 45564 
1919.92 10000 45580 
1929.86 10000 45596 
1939.62 10000 45612 
1949.38 10000 45628 
1958.67 10000 45643 
1968.07 10000 45659 
1977.52 10000 45675 
1986.56 10000 45691 
1996.29 10000 45707 
2004.94 10000 45722 
2009.12 10000 45738 
2017.21 10000 45754 
2028.11 10000 45770 
2038.67 10000 45785 
2048.47 10000 45801 
2058.71 10000 45817 
2068.35 10000 45833 
2078.06 10000 45849 
2087.35 10000 45864 
2097.07 10000 45880 
2106.31 10000 45896 
2115.82 10000 45912 
2124.92 10000 45927 
2135.12 10000 45943 
2144.87 10000 45959 
2154.7 10000 45975 
2164.42 10000 45991 
2175.08 10000 46006 
2184.88 10000 46022 
2194.52 10000 46038 
2204.43 10000 46054 
2214.63 10000 46069 
2224.32 10000 46085 
2234.94 10000 46101 
2244.67 10000 46117 
2254.28 10000 46133 
2264.17 10000 46148 
2274.63 10000 46164 
2284.54 10000 46180 
2294.69 10000 46196 
2304.36 10000 46212 
2314.39 10000 46227 
2323.88 10000 46243 
2333.99 10000 46259 
2343.92 10000 46275 
2353.81 10000 46290 
2363.5 10000 46306 
2373.48 10000 46322 
2383.03 10000 46338 
2393.22 10000 46354 
2403.44 10000 46369 
2414 10000 46385 
2423.78 10000 46401 
2433.45 10000 46417 
2443.19 10000 46432 
2453.01 10000 46448 
2462.85 10000 46464 
2473.38 10000 46480 
2483.56 10000 46496 
2493.33 10000 46511 
2502.92 10000 46527 
2513.15 10000 46543 
2523.37 10000 46559 
2533.42 10000 46575 
2543.33 10000 46590 
2554.06 10000 46606 
2564.59 10000 46622 
2574.95 10000 46638 
2585.73 10000 46653 
2596.4 10000 46669 
2606.92 10000 46685 
2617.27 10000 46701 
2626.86 10000 46717 
2636.73 10000 46732 
2646.76 10000 46748 
2656.55 10000 46764 
2666.82 10000 46780 
2676.8 10000 46795 
2686.8 10000 46811 
2696.57 10000 46827 
2706.49 10000 46843 
2716.57 10000 46859 
2726.76 10000 46874 
2735.91 10000 46890 
2745.6 10000 46906 
2755.52 10000 46922 
2765.69 10000 46938 
2775.14 10000 46953 
2785.34 10000 46969 
2796.01 10000 46985 
2806.47 10000 47001 
2816.13 10000 47016 
2825.84 10000 47032 
2836.09 10000 47048 
2847 10000 47064 
2856.57 10000 47080 
2865.68 10000 47095 
2875.53 10000 47111 
2886.37 10000 47127 
2895.95 10000 47143 
2906.07 10000 47158 
2916.23 10000 47174 
2926.64 10000 47190 
2936.15 10000 47206 
2946.38 10000 47222 
2956.31 10000 47237 
2967.03 10000 47253 
2976.48 10000 47269 
2986.22 10000 47285 
2995.98 10000 47300 
3006.74 10000 47316 
3016.67 10000 47332 
3026.43 10000 47348 
3036.2 10000 47364 
3046.44 10000 47379 
3056.15 10000 47395 
3066.42 10000 47411 
3076.14 10000 47427 
3086.43 10000 47442 
3096.32 10000 47458 
3106.26 10000 47474 
3115.76 10000 47490 
3126.31 10000 47506 
3136.24 10000 47521 
3146.14 10000 47537 
3155.85 10000 47553 
3166.49 10000 47569 
3176.62 10000 47585 
3186.86 10000 47600 
3196.6 10000 47616 
3207.15 10000 47632 
3217.41 10000 47648 
3227.12 10000 47663 
3237.04 10000 47679 
3247.68 10000 47695 
3257.87 10000 47711 
3268.12 10000 47727 
3278.04 10000 47742 
3288.2 10000 47758 
3298.04 10000 47774 
3307.61 10000 47790 
3317.05 10000 47805 
3327.11 10000 47821 
3337.12 10000 47837 
3346.91 10000 47853 
3356.66 10000 47869 
3366.94 10000 47884 
3377.51 10000 47900 
3387.44 10000 47916 
3397.13 10000 47932 
3407.1 10000 47947 
3417.91 10000 47963 
3428.06 10000 47979 
3437.98 10000 47995 
3447.4 10000 48011 
3457.32 10000 48026 
3466.9 10000 48042 
3476.38 10000 48058 
3485.8 10000 48074 
3495.99 10000 48090 
3505.39 10000 48105 
3514.43 10000 48121 
3523.85 10000 48137 
3533.83 10000 48153 
3542.86 10000 48168 
3551.93 10000 48184 
3560.91 10000 48200 
3570.3 10000 48216 
3578.72 10000 48232 
3587.96 10000 48247 
3596.87 10000 48263 
3606.31 10000 48279 
3615.28 10000 48295 
3624.69 10000 48310 
3633.2 10000 48326 
3642.19 10000 48342 
3650.76 10000 48358 
3659.89 10000 48374 
3667.7 10000 48389 
3676.08 10000 48405 
3684.82 10000 48421 
3694.03 10000 48437 
3703.42 10000 48452 
3712.85 10000 48468 
3722.06 10000 48484 
3731.96 10000 48500 
3740.27 10000 48516 
3748.49 10000 48531 
3756.39 10000 48547 
3765.18 10000 48563 
3773.33 10000 48579 
3782.16 10000 48594 
3789.95 10000 48610 
3797.68 10000 48626 
3805.43 10000 48642 
3813.52 10000 48658 
3820.75 10000 48673 
3828.1 10000 48689 
3835.05 10000 48705 
3841.34 10000 48721 
3845.75 10000 48736 
3852.82 10000 48752 
3859.81 10000 48768 
3866.73 10000 48784 
3872.69 10000 48800 
3879.03 10000 48815 
3885.94 10000 48831 
3891.89 10000 48847 
3898.28 10000 48863 
3906.41 10000 48879 
3914.87 10000 48894 
3922.23 10000 48910 
3928.09 10000 48926 
3934.26 10000 48942 
3941.35 10000 48957 
3947.61 10000 48973 
3952.81 10000 48989 
3957.42 10000 49005 
3962.49 10000 49021 
3968.62 10000 49036 
3974.97 10000 49052 
3981.83 10000 49068 
3989.65 10000 49084 
3996.55 10000 49099 
4003 10000 49115 
4008.5 10000 49131 
4013.93 10000 49147 
4018.85 10000 49163 
4023.12 10000 49178 
4026.33 10000 49194 
4030.26 10000 49210 
4033.96 10000 49226 
4037.2 10000 49241 
4039.87 10000 49257 
4043.04 10000 49273 
4046.96 10000 49289 
4051.05 10000 49305 
4054.42 10000 49320 
4058 10000 49336 
4062.4 10000 49352 
4066.93 10000 49368 
4069.35 10000 49383 
4072.5 10000 49399 
4076.04 10000 49415 
4079.98 10000 49431 
4082.71 10000 49447 
4085.99 10000 49462 
4089.38 10000 49478 
4093.55 10000 49494 
4095.84 10000 49510 
4099.04 10000 49525 
4102.47 10000 49541 
4105.52 10000 49557 
4107.78 10000 49573 
4110.58 10000 49589 
4113.41 10000 49604 
4117 10000 49620 
4119.06 10000 49636 
4121.48 10000 49652 
4124.3 10000 49667 
4127.35 10000 49683 
4129.78 10000 49699 
4132.43 10000 49715 
4134.54 10000 49731 
4137.49 10000 49746 
4139.85 10000 49762 
4142.47 10000 49778 
4144.93 10000 49794 
4147.44 10000 49810 
4148.52 10000 49825 
4149.82 10000 49841 
4152.22 10000 49857 
4156.55 10000 49873 
4160.82 10000 49888 
4164.47 10000 49904 
4166.78 10000 49920 
4168.99 10000 49936 
4169.97 10000 49952 
4171.17 10000 49967 
4173.47 10000 49983 
4176.23 10000 49999 
4179.07 10000 50015 
4182.37 10000 50030 
4185.64 10000 50046 
4189.57 10000 50062 
4192.92 10000 50078 
4195.46 10000 50094 
4198.64 10000 50109 
4202.96 10000 50125 
4206.27 10000 50141 
4208.22 10000 50157 
4210 10000 50172 
4211.67 10000 50188 
4212.95 10000 50204 
4213.77 10000 50220 
4215.24 10000 50236 
4217.53 10000 50251 
4219.4 10000 50267 
4220.65 10000 50283 
4222.23 10000 50299 
4224.05 10000 50314 
4225.86 10000 50330 
4226.99 10000 50346 
4228.26 10000 50362 
4230.14 10000 50378 
4231.89 10000 50393 
4232.11 10000 50409 
4232.45 10000 50425 
4233.28 10000 50441 
4234.68 10000 50457 
4235.7 10000 50472 
4237.47 10000 50488 
4239.2 10000 50504 
4241.15 10000 50520 
4242.05 10000 50535 
4243.66 10000 50551 
4245.5 10000 50567 
4247.66 10000 50583 
4248.73 10000 50599 
4250.27 10000 50614 
4251.95 10000 50630 
4254.83 10000 50646 
4256.66 10000 50662 
4258.52 10000 50677 
4259.94 10000 50693 
4262.38 10000 50709 
4263.62 10000 50725 
4265.47 10000 50741 
4267.19 10000 50756 
4269.39 10000 50772 
4271.22 10000 50788 
4274.34 10000 50804 
4277.14 10000 50820 
4280.46 10000 50835 
4282.53 10000 50851 
4284.27 10000 50867 
4286.53 10000 50883 
4290.6 10000 50898 
4294.1 10000 50914 
4297.55 10000 50930 
4300.97 10000 50946 
4305.24 10000 50962 
4308.5 10000 50977 
4311.84 10000 50993 
4315.28 10000 51009 
4320.04 10000 51025 
4323.64 10000 51040 
4328.16 10000 51056 
4332.39 10000 51072 
4337.38 10000 51088 
4342.15 10000 51104 
4346.75 10000 51119 
4351.43 10000 51135 
4357.66 10000 51151 
4363.8 10000 51167 
4368.95 10000 51182 
4373.74 10000 51198 
4379.05 10000 51214 
4385.06 10000 51230 
4391.42 10000 51246 
4398.18 10000 51261 
4405.7 10000 51277 
4412.72 10000 51293 
4418.99 10000 51309 
4425.83 10000 51325 
4432.89 10000 51340 
4440.41 10000 51356 
4446.87 10000 51372 
4452.88 10000 51388 
4460.98 10000 51403 
4469.69 10000 51419 
4477.5 10000 51435 
4485.19 10000 51451 
4493.97 10000 51467 
4502.38 10000 51482 
4509.89 10000 51498 
4518.44 10000 51514 
4526.91 10000 51530 
4536.33 10000 51545 
4545.55 10000 51561 
4554.64 10000 51577 
4563.58 10000 51593 
4573.15 10000 51609 
4582.67 10000 51624 
4593.01 10000 51640 
4602.84 10000 51656 
4613.07 10000 51672 
4622.61 10000 51688 
4632.97 10000 51703 
4642.84 10000 51719 
4653.88 10000 51735 
4664.57 10000 51751 
4675.12 10000 51766 
4684.94 10000 51782 
4694.59 10000 51798 
4702.37 10000 51814 
4709.21 10000 51830 
4717.75 10000 51845 
4730.04 10000 51861 
4741.29 10000 51877 
4753.59 10000 51893 
4765.51 10000 51908 
4777.3 10000 51924 
4788.19 10000 51940 
4800.06 10000 51956 
4812.04 10000 51972 
4824.68 10000 51987 
4836.73 10000 52003 
4849.21 10000 52019 
4862.05 10000 52035 
4875.59 10000 52051 
4887.63 10000 52066 
4899.79 10000 52082 
4912.21 10000 52098 
4924.55 10000 52114 
4936.27 10000 52129 
4949.14 10000 52145 
4962.12 10000 52161 
4975.5 10000 52177 
4988 10000 52193 
5000.64 10000 52208 
5013.87 10000 52224 
5027.5 10000 52240 
5040.1 10000 52256 
5053.47 10000 52271 
5067.11 10000 52287 
5081.47 10000 52303 
5095.57 10000 52319 
5109.59 10000 52335 
5124.7 10000 52350 
5140.97 10000 52366 
5156.3 10000 52382 
5170.65 10000 52398 
5185.23 10000 52414 
5200.37 10000 52429 
5215.7 10000 52445 
5230.18 10000 52461 
5244.79 10000 52477 
5260.38 10000 52492 
5275.78 10000 52508 
5290.8 10000 52524 
5307.03 10000 52540 
5324.38 10000 52556 
5341.05 10000 52571 
5356.18 10000 52587 
5372.13 10000 52603 
5388.4 10000 52619 
5404.31 10000 52634 
5417.39 10000 52650 
5430.09 10000 52666 
5445.79 10000 52682 
5462.3 10000 52698 
5475.11 10000 52713 
5488.46 10000 52729 
5505.03 10000 52745 
5522.41 10000 52761 
5537.72 10000 52777 
5553.49 10000 52792 
5570.81 10000 52808 
5589.23 10000 52824 
5606.92 10000 52840 
5624.8 10000 52855 
5641.85 10000 52871 
5659.9 10000 52887 
5676.78 10000 52903 
5695.03 10000 52919 
5713.04 10000 52934 
5731.11 10000 52950 
5747.44 10000 52966 
5764.42 10000 52982 
5781.94 10000 52997 
5800.67 10000 53013 
5817.57 10000 53029 
5835.13 10000 53045 
5852.45 10000 53061 
5871.29 10000 53076 
5888.16 10000 53092 
5905.09 10000 53108 
5922.72 10000 53124 
5942.81 10000 53139 
5959.49 10000 53155 
5974.33 10000 53171 
5990.13 10000 53187 
6007.05 10000 53203 
6021.11 10000 53218 
6036.82 10000 53234 
6054.36 10000 53250 
6073.76 10000 53266 
6093.01 10000 53282 
6111.94 10000 53297 
6130.08 10000 53313 
6149.95 10000 53329 
6170.78 10000 53345 
6191.61 10000 53360 
6211.46 10000 53376 
6231.89 10000 53392 
6251.95 10000 53408 
6270.82 10000 53424 
6289.62 10000 53439 
6308.93 10000 53455 
6328.56 10000 53471 
6348.74 10000 53487 
6369.16 10000 53503 
6389.54 10000 53518 
6409.37 10000 53534 
6428.85 10000 53550 
6448.14 10000 53566 
6467.83 10000 53581 
6487.48 10000 53597 
6506.39 10000 53613 
6526.06 10000 53629 
6546.78 10000 53645 
6566.87 10000 53660 
6586.46 10000 53676 
6606.9 10000 53692 
6626.69 10000 53708 
6646.61 10000 53723 
6666.09 10000 53739 
6686.39 10000 53755 
6706.84 10000 53771 
6727.37 10000 53787 
6747.6 10000 53802 
6768.63 10000 53818 
6789.24 10000 53834 
6810.47 10000 53850 
6830.56 10000 53865 
6851.16 10000 53881 
6871.64 10000 53897 
6892.76 10000 53913 
6912.48 10000 53929 
6933.32 10000 53944 
6954.44 10000 53960 
6976.34 10000 53976 
6995.7 10000 53992 
7014.3 10000 54007 
7034.66 10000 54023 
7056.69 10000 54039 
7077.21 10000 54055 
7096.94 10000 54071 
7115.8 10000 54086 
7136.55 10000 54102 
7156.19 10000 54118 
7176.04 10000 54134 
7196.55 10000 54150 
7219.18 10000 54165 
7241.74 10000 54181 
7264.03 10000 54197 
7285.65 10000 54213 
7306.91 10000 54228 
7326.15 10000 54244 
7345.2 10000 54260 
7364.27 10000 54276 
7385.89 10000 54292 
7407.04 10000 54307 
7428.46 10000 54323 
7449.23 10000 54339 
7470.87 10000 54355 
7492.12 10000 54370 
7513.37 10000 54386 
7533.91 10000 54402 
7555.2 10000 54418 
7575.34 10000 54434 
7594.51 10000 54449 
7612.12 10000 54465 
7630.35 10000 54481 
7648.16 10000 54497 
7667.14 10000 54513 
7687.48 10000 54528 
7709.7 10000 54544 
7730.86 10000 54560 
7752.06 10000 54576 
7774.02 10000 54591 
7796.37 10000 54607 
7817.93 10000 54623 
7838.6 10000 54639 
7860 10000 54655 
7883.04 10000 54670 
7905.9 10000 54686 
7927.99 10000 54702 
7949.46 10000 54718 
7969.13 10000 54733 
7988.92 10000 54749 
8009.29 10000 54765 
8030.96 10000 54781 
8052.47 10000 54797 
8073.86 10000 54812 
8094.4 10000 54828 
8116.39 10000 54844 
8137.64 10000 54860 
8158.82 10000 54875 
8179.57 10000 54891 
8202.04 10000 54907 
8224.75 10000 54923 
8247.12 10000 54939 
8267.12 10000 54954 
8288.25 10000 54970 
8309.48 10000 54986 
8330.7 10000 55002 
8350.38 10000 55017 
8371.37 10000 55033 
8392.74 10000 55049 
8415.07 10000 55065 
8436.08 10000 55081 
8457.75 10000 55096 
8478.38 10000 55112 
8499.02 10000 55128 
8518.63 10000 55144 
8539.92 10000 55160 
8561.57 10000 55175 
8584.31 10000 55191 
8605.62 10000 55207 
8628.45 10000 55223 
8651.04 10000 55238 
8672.71 10000 55254 
8690.43 10000 55270 
8710.01 10000 55286 
8730.9 10000 55302 
8753.36 10000 55317 
8774.91 10000 55333 
8796.16 10000 55349 
8816.01 10000 55365 
8836.74 10000 55381 
8856.93 10000 55396 
8878.89 10000 55412 
8899.53 10000 55428 
8920.01 10000 55444 
8939.44 10000 55459 
8959.62 10000 55475 
8980 10000 55491 
9000.78 10000 55507 
9019.31 10000 55523 
9038.03 10000 55538 
9058.39 10000 55554 
9081.38 10000 55570 
9103.73 10000 55586 
9126.23 10000 55601 
9148.4 10000 55617 
9172.62 10000 55633 
9196.44 10000 55649 
9219.59 10000 55665 
9242.69 10000 55680 
9267.88 10000 55696 
9291.11 10000 55712 
9311.39 10000 55728 
9332.76 10000 55743 
9355.63 10000 55759 
9377.57 10000 55775 
9398.24 10000 55791 
9419.01 10000 55807 
9441.32 10000 55822 
9463.58 10000 55838 
9485.12 10000 55854 
9507.37 10000 55870 
9530.8 10000 55885 
9553.52 10000 55901 
9575.12 10000 55917 
9597.92 10000 55933 
9621.97 10000 55949 
9646.04 10000 55964 
9669.24 10000 55980 
9692.96 10000 55996 
9717.34 10000 56012 
9741.9 10000 56027 
9765.47 10000 56043 
9790.6 10000 56059 
9816.22 10000 56075 
9841.98 10000 56091 
9866.43 10000 56106 
9891.28 10000 56122 
9916.8 10000 56138 
9943.47 10000 56154 
9967.63 10000 56170 
9991.09 10000 56185 
10012.84 10000 56201 
10035.05 10000 56217 
10055.81 10000 56217 
10058.82 10000 56217 
10010.61 10000 56217 
9953.15 10000 56217 
9906.39 10000 56217 
9866.68 10000 56217 
9831.74 10000 56217 
9800.61 10000 56217 
9773.17 10000 56217 
9746.7 10000 56217 
9721.27 10000 56217 
9697.22 10000 56217 
9674.44 10000 56217 
9652.8 10000 56217 
9632.1 10000 56217 
9612.36 10000 56217 
9593.12 10000 56217 
9574.61 10000 56217 
9557.26 10000 56217 
9540.37 10000 56217 
9523.58 10000 56217 
9507.46 10000 56217 
9491.86 10000 56217 
9476.46 10000 56217 
9461.4 10000 56217 
9446.83 10000 56217 
9432.38 10000 56217 
9418.49 10000 56217 
9405.05 10000 56217 
9392.13 10000 56217 
9380.05 10000 56217 
9367.88 10000 56217 
9355.42 10000 56217 
9330.46 10000 56217 
9318.4 10000 56217 
9306.66 10000 56217 
9295.2 10000 56217 
9283.48 10000 56217 
9272.25 10000 56217 
9261.36 10000 56217 
9250.38 10000 56217 
9239.74 10000 56217 
9229.42 10000 56217 
9218.94 10000 56217 
9208.82 10000 56217 
9199.13 10000 56217 
9189.63 10000 56217 
9179.87 10000 56217 
