3.2 20000 30386 
2.93 20000 30386 
2.87 20000 30386 
3.2 20000 30386 
3.76 20000 30386 
3.52 20000 30386 
3.08 20000 30386 
3.31 20000 30386 
3.65 20000 30386 
3.36 20000 30386 
2.83 20000 30386 
2.84 20000 30386 
2.92 20000 30386 
2.88 20000 30386 
3.22 20000 30386 
3.39 20000 30386 
3.32 20000 30386 
3.42 20000 30386 
3.59 20000 30386 
3.58 20000 30386 
3.73 20000 30386 
3.73 20000 30386 
4.01 20000 30386 
4.2 20000 30386 
4.39 20000 30386 
4.39 20000 30386 
4.43 20000 30545 
4.39 20000 30708 
5.38 20000 30728 
8.13 20000 30744 
9.53 20000 30759 
11.08 20000 30775 
13.97 20000 30791 
18.58 20000 30807 
24.31 20000 30823 
31.12 20000 30838 
39.1 20000 30854 
47.46 20000 30870 
55.88 20000 30886 
63.87 20000 30902 
72.78 20000 30917 
81.39 20000 30933 
89.9 20000 30949 
98.64 20000 30965 
107.86 20000 30981 
116.79 20000 30996 
125.68 20000 31012 
134.36 20000 31028 
143.37 20000 31044 
152.38 20000 31060 
161.05 20000 31075 
169.56 20000 31091 
178.66 20000 31107 
187.86 20000 31123 
197.36 20000 31139 
206.09 20000 31154 
215 20000 31170 
224.03 20000 31186 
232.81 20000 31202 
240.79 20000 31218 
248.51 20000 31233 
255.91 20000 31249 
262.41 20000 31265 
268.79 20000 31281 
275.15 20000 31296 
280.72 20000 31312 
287.47 20000 31328 
296.78 20000 31344 
306.94 20000 31360 
316.99 20000 31375 
326.78 20000 31391 
336 20000 31407 
345.17 20000 31423 
354.59 20000 31439 
363.95 20000 31454 
372.74 20000 31470 
380.73 20000 31486 
388.47 20000 31502 
395.55 20000 31518 
400.71 20000 31533 
405.3 20000 31549 
409.7 20000 31565 
413.69 20000 31581 
419.77 20000 31597 
429.16 20000 31612 
440.77 20000 31628 
452.47 20000 31644 
462.81 20000 31660 
472.42 20000 31675 
482.95 20000 31691 
492.49 20000 31707 
502.28 20000 31723 
511.73 20000 31739 
521.41 20000 31754 
529.54 20000 31770 
537.14 20000 31786 
546.45 20000 31802 
556.51 20000 31818 
566.33 20000 31833 
575.97 20000 31849 
585.02 20000 31865 
594.9 20000 31881 
604.5 20000 31897 
614.26 20000 31912 
623.31 20000 31928 
632.84 20000 31944 
642.09 20000 31960 
651.94 20000 31976 
661.83 20000 31991 
671.67 20000 32007 
680.95 20000 32023 
690.63 20000 32039 
699.77 20000 32055 
709.58 20000 32070 
719.19 20000 32086 
729.13 20000 32102 
738.37 20000 32118 
747.68 20000 32134 
757.03 20000 32149 
766.63 20000 32165 
775.61 20000 32181 
785.49 20000 32197 
795.43 20000 32213 
805 20000 32228 
814.25 20000 32244 
823.79 20000 32260 
833.35 20000 32276 
843.16 20000 32292 
852.66 20000 32307 
862.78 20000 32323 
872.66 20000 32339 
882.33 20000 32355 
891.57 20000 32371 
901.37 20000 32386 
911.03 20000 32402 
920.75 20000 32418 
929.84 20000 32434 
939.64 20000 32449 
949.57 20000 32465 
959.19 20000 32481 
968.61 20000 32497 
978.33 20000 32513 
988.14 20000 32528 
997.65 20000 32544 
1006.69 20000 32560 
1016.07 20000 32576 
1025.59 20000 32592 
1035.07 20000 32607 
1044.51 20000 32623 
1054.17 20000 32639 
1063.71 20000 32655 
1073.02 20000 32671 
1082.12 20000 32686 
1091.55 20000 32702 
1101.28 20000 32718 
1111.03 20000 32734 
1120.49 20000 32750 
1129.51 20000 32765 
1139.23 20000 32781 
1148.87 20000 32797 
1158.33 20000 32813 
1167.86 20000 32829 
1178.06 20000 32844 
1187.79 20000 32860 
1197.26 20000 32876 
1206.49 20000 32892 
1216.56 20000 32908 
1226.47 20000 32923 
1236.66 20000 32939 
1246.24 20000 32955 
1255.83 20000 32971 
1265.3 20000 32987 
1275.37 20000 33002 
1285.39 20000 33018 
1295.41 20000 33034 
1305.33 20000 33050 
1315.17 20000 33065 
1324.61 20000 33081 
1334.78 20000 33097 
1344.74 20000 33113 
1354.69 20000 33129 
1364.1 20000 33144 
1374.06 20000 33160 
1383.77 20000 33176 
1393.11 20000 33192 
1402 20000 33208 
1412.17 20000 33223 
1421.78 20000 33239 
1431.67 20000 33255 
1441.64 20000 33271 
1451.85 20000 33287 
1461.31 20000 33302 
1471.13 20000 33318 
1480.66 20000 33334 
1490.41 20000 33350 
1500.16 20000 33366 
1510.38 20000 33381 
1519.97 20000 33397 
1529.57 20000 33413 
1538.74 20000 33429 
1548.27 20000 33445 
1557.42 20000 33460 
1566.84 20000 33476 
1576.36 20000 33492 
1586.35 20000 33508 
1595.91 20000 33524 
1605.82 20000 33539 
1615.51 20000 33555 
1625.56 20000 33571 
1634.92 20000 33587 
1644.65 20000 33603 
1654.69 20000 33618 
1664.97 20000 33634 
1674.92 20000 33650 
1684.94 20000 33666 
1694.85 20000 33681 
1704.6 20000 33697 
1714.03 20000 33713 
1723.7 20000 33729 
1733.48 20000 33745 
1743.4 20000 33760 
1753.02 20000 33776 
1762.86 20000 33792 
1773.11 20000 33808 
1783.15 20000 33824 
1792.8 20000 33839 
1802.59 20000 33855 
1812.58 20000 33871 
1822.42 20000 33887 
1832.04 20000 33903 
1841.77 20000 33918 
1851.54 20000 33934 
1861.17 20000 33950 
1870.54 20000 33966 
1879.78 20000 33982 
1889.17 20000 33997 
1899.09 20000 34013 
1908.79 20000 34029 
1918.1 20000 34045 
1928.34 20000 34061 
1938.21 20000 34076 
1948.07 20000 34092 
1957.67 20000 34108 
1967.44 20000 34124 
1976.7 20000 34140 
1986.44 20000 34155 
1996 20000 34171 
2006.3 20000 34187 
2016.43 20000 34203 
2026.33 20000 34219 
2036.12 20000 34234 
2046.31 20000 34250 
2056.41 20000 34266 
2066.95 20000 34282 
2076.88 20000 34297 
2087.53 20000 34313 
2098.22 20000 34329 
2108.48 20000 34345 
2118.06 20000 34361 
2128.67 20000 34376 
2138.84 20000 34392 
2149.31 20000 34408 
2159.29 20000 34424 
2169.51 20000 34440 
2179.82 20000 34455 
2190.59 20000 34471 
2200.42 20000 34487 
2211 20000 34503 
2222 20000 34519 
2233.58 20000 34534 
2244.61 20000 34550 
2255.68 20000 34566 
2266.07 20000 34582 
2276.74 20000 34598 
2287.31 20000 34613 
2298.07 20000 34629 
2308.22 20000 34645 
2318.32 20000 34661 
2327.92 20000 34677 
2338.64 20000 34692 
2349.23 20000 34708 
2359.9 20000 34724 
2369.98 20000 34740 
2380.46 20000 34756 
2391.01 20000 34771 
2401.71 20000 34787 
2411.71 20000 34803 
2422.23 20000 34819 
2432.36 20000 34835 
2443.2 20000 34850 
2453.61 20000 34866 
2464.45 20000 34882 
2475.01 20000 34898 
2485.89 20000 34914 
2496.51 20000 34929 
2507 20000 34945 
2517.58 20000 34961 
2528.44 20000 34977 
2538.81 20000 34993 
2549.5 20000 35008 
2560.32 20000 35024 
2570.86 20000 35040 
2581.42 20000 35056 
2591.95 20000 35072 
2602.41 20000 35087 
2613.02 20000 35103 
2623.38 20000 35119 
2633.83 20000 35135 
2644.47 20000 35150 
2654.79 20000 35166 
2665.26 20000 35182 
2675.94 20000 35198 
2686.34 20000 35214 
2696.71 20000 35229 
2707.24 20000 35245 
2718.55 20000 35261 
2729.73 20000 35277 
2740.28 20000 35293 
2751.32 20000 35308 
2762.26 20000 35324 
2773.02 20000 35340 
2783.06 20000 35356 
2793.57 20000 35372 
2804.4 20000 35387 
2815.52 20000 35403 
2825.61 20000 35419 
2836.05 20000 35435 
2845.85 20000 35451 
2856.22 20000 35466 
2866.51 20000 35482 
2877.15 20000 35498 
2887.91 20000 35514 
2899.15 20000 35530 
2910 20000 35545 
2921.29 20000 35561 
2932.51 20000 35577 
2943.65 20000 35593 
2954.77 20000 35609 
2966.13 20000 35624 
2976.28 20000 35640 
2986.84 20000 35656 
2997.65 20000 35672 
3008.49 20000 35688 
3018.71 20000 35703 
3029.71 20000 35719 
3039.68 20000 35735 
3050.63 20000 35751 
3061.35 20000 35766 
3072.61 20000 35782 
3082.85 20000 35798 
3094.68 20000 35814 
3105.85 20000 35830 
3116.77 20000 35845 
3127.46 20000 35861 
3139.06 20000 35877 
3150.26 20000 35893 
3161.57 20000 35909 
3172.97 20000 35924 
3185.04 20000 35940 
3196.09 20000 35956 
3207.42 20000 35972 
3218.66 20000 35988 
3230.09 20000 36003 
3241.39 20000 36019 
3252.65 20000 36035 
3263.32 20000 36051 
3274.94 20000 36067 
3286.14 20000 36082 
3297.42 20000 36098 
3308.83 20000 36114 
3320.87 20000 36130 
3332.16 20000 36146 
3343.36 20000 36161 
3354.11 20000 36177 
3365.25 20000 36193 
3376.66 20000 36209 
3388.34 20000 36225 
3399.56 20000 36240 
3410.78 20000 36256 
3421.89 20000 36272 
3432.98 20000 36288 
3444.05 20000 36304 
3455.33 20000 36319 
3467.17 20000 36335 
3478.77 20000 36351 
3490.03 20000 36367 
3501.61 20000 36382 
3512.85 20000 36398 
3524.55 20000 36414 
3536.05 20000 36430 
3546.85 20000 36446 
3558.28 20000 36461 
3569.69 20000 36477 
3580.47 20000 36493 
3591.05 20000 36509 
3602.48 20000 36525 
3613.65 20000 36540 
3624.74 20000 36556 
3635.74 20000 36572 
3647.62 20000 36588 
3658.96 20000 36604 
3670.15 20000 36619 
3680.37 20000 36635 
3691.09 20000 36651 
3701.99 20000 36667 
3713.02 20000 36683 
3723.88 20000 36698 
3735.73 20000 36714 
3746.76 20000 36730 
3758.14 20000 36746 
3769.06 20000 36762 
3780.21 20000 36777 
3791.4 20000 36793 
3803.26 20000 36809 
3813.74 20000 36825 
3824.43 20000 36841 
3835.07 20000 36856 
3845.91 20000 36872 
3856.24 20000 36888 
3867.95 20000 36904 
3878.85 20000 36919 
3890.6 20000 36935 
3901.63 20000 36951 
3913.03 20000 36967 
3923.97 20000 36983 
3935.48 20000 36998 
3946.5 20000 37014 
3957.69 20000 37030 
3967.75 20000 37046 
3978.41 20000 37062 
3988.71 20000 37077 
3999.41 20000 37093 
4009.24 20000 37109 
4019.82 20000 37125 
4030.11 20000 37141 
4040.92 20000 37156 
4051.03 20000 37172 
4061.62 20000 37188 
4071.61 20000 37204 
4081.38 20000 37220 
4090.54 20000 37235 
4100.66 20000 37251 
4110.98 20000 37267 
4121.06 20000 37283 
4130.76 20000 37299 
4141.11 20000 37314 
4151.08 20000 37330 
4161.35 20000 37346 
4171.06 20000 37362 
4180.89 20000 37377 
4190.91 20000 37393 
4201.1 20000 37409 
4210.93 20000 37425 
4220.83 20000 37441 
4230.83 20000 37456 
4241.03 20000 37472 
4251.33 20000 37488 
4261.91 20000 37504 
4273.08 20000 37520 
4284.31 20000 37535 
4294.01 20000 37551 
4303.23 20000 37567 
4312.85 20000 37583 
4322.49 20000 37599 
4331.71 20000 37614 
4341.18 20000 37630 
4350.93 20000 37646 
4360.75 20000 37662 
4370.85 20000 37677 
4380.68 20000 37693 
4390.83 20000 37709 
4400.86 20000 37725 
4410.73 20000 37741 
4420.15 20000 37756 
4429.12 20000 37772 
4437.1 20000 37788 
4444.99 20000 37804 
4452.68 20000 37820 
4461.38 20000 37835 
4469.37 20000 37851 
4478.23 20000 37867 
4486.83 20000 37883 
4496.4 20000 37899 
4506.16 20000 37914 
4516.76 20000 37930 
4525.74 20000 37946 
4534.58 20000 37962 
4542.92 20000 37978 
4551.53 20000 37993 
4559.13 20000 38009 
4567.8 20000 38025 
4576.37 20000 38041 
4585.3 20000 38057 
4593.47 20000 38072 
4602.43 20000 38088 
4611.06 20000 38104 
4619.98 20000 38120 
4627.98 20000 38136 
4635.93 20000 38151 
4642.96 20000 38167 
4650.7 20000 38183 
4657.32 20000 38199 
4665.2 20000 38215 
4673.11 20000 38230 
4682.4 20000 38246 
4689.6 20000 38262 
4696.38 20000 38278 
4703.06 20000 38293 
4710.95 20000 38309 
4717.83 20000 38325 
4724.75 20000 38341 
4731.73 20000 38357 
4739.16 20000 38372 
4746.03 20000 38388 
4753.69 20000 38404 
4760.94 20000 38420 
4769.42 20000 38436 
4777.92 20000 38451 
4786.78 20000 38467 
4793.32 20000 38483 
4800.1 20000 38499 
4806.31 20000 38515 
4813.37 20000 38530 
4820.22 20000 38546 
4827.54 20000 38562 
4834.89 20000 38578 
4841.71 20000 38594 
4848.09 20000 38609 
4856.21 20000 38625 
4863.74 20000 38641 
4870.98 20000 38657 
4877.59 20000 38673 
4884.32 20000 38688 
4889.94 20000 38704 
4896.07 20000 38720 
4903.62 20000 38736 
4911.54 20000 38752 
4918.27 20000 38767 
4925.16 20000 38783 
4932.63 20000 38799 
4939.72 20000 38815 
4946.4 20000 38831 
4952.46 20000 38846 
4958.43 20000 38862 
4964.89 20000 38878 
4972.22 20000 38894 
4978.48 20000 38909 
4984.5 20000 38925 
4990.53 20000 38941 
4997.07 20000 38957 
5003.63 20000 38973 
5010.52 20000 38988 
5017.55 20000 39004 
5024.57 20000 39020 
5029.84 20000 39036 
5036.11 20000 39052 
5042.77 20000 39067 
5050.42 20000 39083 
5057.35 20000 39099 
5064.03 20000 39115 
5070.37 20000 39131 
5077.91 20000 39146 
5084.41 20000 39162 
5091.34 20000 39178 
5097.42 20000 39194 
5103.95 20000 39210 
5109.79 20000 39225 
5116.11 20000 39241 
5122.01 20000 39257 
5128.31 20000 39273 
5134.07 20000 39288 
5139.74 20000 39304 
5145.18 20000 39320 
5151.86 20000 39336 
5157.3 20000 39352 
5163.32 20000 39367 
5169.11 20000 39383 
5175.66 20000 39399 
5181.18 20000 39415 
5187.61 20000 39431 
5193.52 20000 39446 
5200.03 20000 39462 
5205.88 20000 39478 
5212.16 20000 39494 
5217.08 20000 39510 
5223.09 20000 39525 
5228.42 20000 39541 
5234.38 20000 39557 
5239.45 20000 39573 
5245.41 20000 39589 
5251.48 20000 39604 
5257.2 20000 39620 
5261.75 20000 39636 
5267.41 20000 39652 
5273.4 20000 39668 
5279.37 20000 39683 
5283.66 20000 39699 
5289.03 20000 39715 
5294.74 20000 39731 
5300.32 20000 39747 
5305.46 20000 39762 
5311.53 20000 39778 
5316.88 20000 39794 
5322.75 20000 39810 
5326.97 20000 39826 
5331.75 20000 39841 
5337.09 20000 39857 
5342.29 20000 39873 
5347.01 20000 39889 
5351.44 20000 39905 
5355.91 20000 39920 
5359.99 20000 39936 
5363.94 20000 39952 
5368.57 20000 39968 
5373.45 20000 39983 
5378.57 20000 39999 
5383.95 20000 40015 
5389.75 20000 40031 
5395.15 20000 40047 
5399.92 20000 40062 
5404.64 20000 40078 
5408.66 20000 40094 
5412.97 20000 40110 
5417.15 20000 40126 
5421.22 20000 40141 
5424.73 20000 40157 
5428.59 20000 40173 
5431.9 20000 40189 
5435.87 20000 40205 
5439.67 20000 40220 
5444.12 20000 40236 
5448.35 20000 40252 
5452.46 20000 40268 
5456.05 20000 40284 
5460.24 20000 40299 
5464.18 20000 40315 
5468.76 20000 40331 
5472.81 20000 40347 
5477.34 20000 40363 
5481.22 20000 40378 
5485.26 20000 40394 
5488.72 20000 40410 
5492.8 20000 40426 
5496.66 20000 40441 
5500.82 20000 40457 
5504.38 20000 40473 
5509.01 20000 40489 
5512.87 20000 40505 
5517.98 20000 40520 
5521.94 20000 40536 
5526.31 20000 40552 
5530.03 20000 40568 
5534.76 20000 40584 
5539.46 20000 40599 
5544.81 20000 40615 
5548.72 20000 40631 
5554.12 20000 40647 
5559.51 20000 40663 
5564.86 20000 40678 
5569.33 20000 40694 
5574.77 20000 40710 
5579.47 20000 40726 
5585.05 20000 40742 
5589.48 20000 40757 
5594.86 20000 40773 
5599.87 20000 40789 
5605.06 20000 40805 
5608.81 20000 40821 
5613.89 20000 40836 
5619.26 20000 40852 
5625.77 20000 40868 
5630.61 20000 40884 
5636.09 20000 40900 
5641.39 20000 40915 
5647.39 20000 40931 
5652.65 20000 40947 
5658.39 20000 40963 
5664.17 20000 40979 
5670.52 20000 40994 
5675.58 20000 41010 
5680.69 20000 41026 
5686.29 20000 41042 
5692.74 20000 41057 
5698.08 20000 41073 
5703.01 20000 41089 
5708.57 20000 41105 
5714.8 20000 41121 
5720.54 20000 41136 
5725.96 20000 41152 
5731.75 20000 41168 
5737.66 20000 41184 
5743.23 20000 41200 
5749 20000 41215 
5755.6 20000 41231 
5763.46 20000 41247 
5770.14 20000 41263 
5776.48 20000 41279 
5782.65 20000 41294 
5789.49 20000 41310 
5795.58 20000 41326 
5800.32 20000 41342 
5805.71 20000 41358 
5812.94 20000 41373 
5820.26 20000 41389 
5826.01 20000 41405 
5832.35 20000 41421 
5839.97 20000 41437 
5847.92 20000 41452 
5854.42 20000 41468 
5861.25 20000 41484 
5868.99 20000 41500 
5877.53 20000 41516 
5884.38 20000 41531 
5891.4 20000 41547 
5898.21 20000 41563 
5906.57 20000 41579 
5913.6 20000 41595 
5920.34 20000 41610 
5927.64 20000 41626 
5936.55 20000 41642 
5944.4 20000 41658 
5952.65 20000 41673 
5960.89 20000 41689 
5971.28 20000 41705 
5980.32 20000 41721 
5989.47 20000 41737 
5998.37 20000 41752 
6008.79 20000 41768 
6017.23 20000 41784 
6025.28 20000 41800 
6033.68 20000 41816 
6043.07 20000 41831 
6051.06 20000 41847 
6060.07 20000 41863 
6069.25 20000 41879 
6079.42 20000 41895 
6087.95 20000 41910 
6097.12 20000 41926 
6106.44 20000 41942 
6116.77 20000 41958 
6126.26 20000 41974 
6136.22 20000 41989 
6145.62 20000 42005 
6155.59 20000 42021 
6165.03 20000 42037 
6174.87 20000 42053 
6183.96 20000 42068 
6194.09 20000 42084 
6204.73 20000 42100 
6216.13 20000 42116 
6226.45 20000 42132 
6237.19 20000 42147 
6247.69 20000 42163 
6258.71 20000 42179 
6269.25 20000 42195 
6280.39 20000 42211 
6291.26 20000 42226 
6302.62 20000 42242 
6313.07 20000 42258 
6322.69 20000 42274 
6333.05 20000 42290 
6344.74 20000 42305 
6356.02 20000 42321 
6367.32 20000 42337 
6378.53 20000 42353 
6389.38 20000 42369 
6400.85 20000 42384 
6412.98 20000 42400 
6425.15 20000 42416 
6436.64 20000 42432 
6448.4 20000 42448 
6461.71 20000 42463 
6474.86 20000 42479 
6485.94 20000 42495 
6496.94 20000 42511 
6509.02 20000 42526 
6521.11 20000 42542 
6532.34 20000 42558 
6543.63 20000 42574 
6556.26 20000 42590 
6571.04 20000 42605 
6584.87 20000 42621 
6597.74 20000 42637 
6610.68 20000 42653 
6623.38 20000 42669 
6634.36 20000 42684 
6646.75 20000 42700 
6660.18 20000 42716 
6674.51 20000 42732 
6687.25 20000 42748 
6699.36 20000 42763 
6710.92 20000 42779 
6724.56 20000 42795 
6737.61 20000 42811 
6750.33 20000 42827 
6762.82 20000 42842 
6776.49 20000 42858 
6789.57 20000 42874 
6803.19 20000 42890 
6816.63 20000 42906 
6831.59 20000 42921 
6845.11 20000 42937 
6858.57 20000 42953 
6871.56 20000 42969 
6886.66 20000 42985 
6901.61 20000 43000 
6917.01 20000 43016 
6931.47 20000 43032 
6947.38 20000 43048 
6962.45 20000 43064 
6976.13 20000 43079 
6988.44 20000 43095 
7003.59 20000 43111 
7018.85 20000 43127 
7033.99 20000 43142 
7049.21 20000 43158 
7066.06 20000 43174 
7082.09 20000 43190 
7098.02 20000 43206 
7112.94 20000 43221 
7129.39 20000 43237 
7145.61 20000 43253 
7162.04 20000 43269 
7177.2 20000 43285 
7193.62 20000 43300 
7208.74 20000 43316 
7224.45 20000 43332 
7240.22 20000 43348 
7258.16 20000 43364 
7274.98 20000 43379 
7291.65 20000 43395 
7308.56 20000 43411 
7326.01 20000 43427 
7342.8 20000 43443 
7359.89 20000 43458 
7376.71 20000 43474 
7393.43 20000 43490 
7409.27 20000 43506 
7426.27 20000 43521 
7444.25 20000 43537 
7463.55 20000 43553 
7481.92 20000 43569 
7499.09 20000 43585 
7516.4 20000 43600 
7533.59 20000 43616 
7550.1 20000 43632 
7566.1 20000 43648 
7583.82 20000 43664 
7602.15 20000 43679 
7619.1 20000 43695 
7635.27 20000 43711 
7652.84 20000 43727 
7672.71 20000 43743 
7690.42 20000 43758 
7700.69 20000 43774 
7717.36 20000 43790 
7738.93 20000 43806 
7758.75 20000 43822 
7776.72 20000 43837 
7796.99 20000 43853 
7817.63 20000 43869 
7836.7 20000 43885 
7855.85 20000 43901 
7877.35 20000 43916 
7897.99 20000 43932 
7917.97 20000 43948 
7937.17 20000 43964 
7958.29 20000 43980 
7980.04 20000 43995 
8001.72 20000 44011 
8020.54 20000 44027 
8040.65 20000 44043 
8061.29 20000 44058 
8082.72 20000 44074 
8101.28 20000 44090 
8121.65 20000 44106 
8144.29 20000 44122 
8166.82 20000 44137 
8186.69 20000 44153 
8208.26 20000 44169 
8230.41 20000 44185 
8252.52 20000 44201 
8273.32 20000 44216 
8295.98 20000 44232 
8319.68 20000 44248 
8344.94 20000 44264 
8366.47 20000 44280 
8388.3 20000 44295 
8412.25 20000 44311 
8437.7 20000 44327 
8460.63 20000 44343 
8483.43 20000 44359 
8505.92 20000 44374 
8530.11 20000 44390 
8553.37 20000 44406 
8576.45 20000 44422 
8601.09 20000 44438 
8628.2 20000 44453 
8651.95 20000 44469 
8673.55 20000 44485 
8696.77 20000 44501 
8722.72 20000 44516 
8747.22 20000 44532 
8770.35 20000 44548 
8795.16 20000 44564 
8823.97 20000 44580 
8850.43 20000 44595 
8875.79 20000 44611 
8902.36 20000 44627 
8930.53 20000 44643 
8955.85 20000 44659 
8979.39 20000 44674 
9003.66 20000 44690 
9030.81 20000 44706 
9057.28 20000 44722 
9082.6 20000 44738 
9109.34 20000 44753 
9137.52 20000 44769 
9165.62 20000 44785 
9192.11 20000 44801 
9219.03 20000 44817 
9247.99 20000 44832 
9277.23 20000 44848 
9304.83 20000 44864 
9332.54 20000 44880 
9361.75 20000 44896 
9390.75 20000 44911 
9416.58 20000 44927 
9442.97 20000 44943 
9470.86 20000 44959 
9499.18 20000 44975 
9526.11 20000 44990 
9554.33 20000 45006 
9583.02 20000 45022 
9611.66 20000 45038 
9637.4 20000 45054 
9663.48 20000 45069 
9692.08 20000 45085 
9723.31 20000 45101 
9750.28 20000 45117 
9774.24 20000 45132 
9802.44 20000 45148 
9834.27 20000 45164 
9860.97 20000 45180 
9886.19 20000 45196 
9917.24 20000 45211 
9951.66 20000 45227 
9984.42 20000 45243 
10015.77 20000 45259 
10046.57 20000 45275 
10078.42 20000 45290 
10109.28 20000 45306 
10141.34 20000 45322 
10174.16 20000 45338 
10207.5 20000 45354 
10240.07 20000 45369 
10273.36 20000 45385 
10305.4 20000 45401 
10339.08 20000 45417 
10370.45 20000 45433 
10402.98 20000 45448 
10436.16 20000 45464 
10469.03 20000 45480 
10500.39 20000 45496 
10532.87 20000 45512 
10564.34 20000 45527 
10597.9 20000 45543 
10629.55 20000 45559 
10661.26 20000 45575 
10693.47 20000 45591 
10728.06 20000 45606 
10761.33 20000 45622 
10796.19 20000 45638 
10831.78 20000 45654 
10868.46 20000 45670 
10903.63 20000 45685 
10938.93 20000 45701 
10973.55 20000 45717 
11008.16 20000 45733 
11039.23 20000 45748 
11071.02 20000 45764 
11103.68 20000 45780 
11137.08 20000 45796 
11169.69 20000 45812 
11204.28 20000 45827 
11239.8 20000 45843 
11275.58 20000 45859 
11309.48 20000 45875 
11344.29 20000 45891 
11382.7 20000 45906 
11417.4 20000 45922 
11453.54 20000 45938 
11491.19 20000 45954 
11528.16 20000 45970 
11565.04 20000 45985 
11600.74 20000 46001 
11636.51 20000 46017 
11673.02 20000 46033 
11710.11 20000 46049 
11748.38 20000 46064 
11785.83 20000 46080 
11823.52 20000 46096 
11861.23 20000 46112 
11899.7 20000 46128 
11936.25 20000 46143 
11971.26 20000 46159 
12006.06 20000 46175 
12043.32 20000 46191 
12081.47 20000 46207 
12120.66 20000 46222 
12157.68 20000 46238 
12195.97 20000 46254 
12233.98 20000 46270 
12272.55 20000 46286 
12312.57 20000 46301 
12353.37 20000 46317 
12391.56 20000 46333 
12426.55 20000 46349 
12460.1 20000 46365 
12494.02 20000 46380 
12526.7 20000 46396 
12562.55 20000 46412 
12599.44 20000 46428 
12637.54 20000 46444 
12675.8 20000 46459 
12716.46 20000 46475 
12756.35 20000 46491 
12796.22 20000 46507 
12834.46 20000 46523 
12874.99 20000 46538 
12913.81 20000 46554 
12951.68 20000 46570 
12988.78 20000 46586 
13027.97 20000 46602 
13065.2 20000 46617 
13102.63 20000 46633 
13138.32 20000 46649 
13175.3 20000 46665 
13210.53 20000 46680 
13246.28 20000 46696 
13281.21 20000 46712 
13315.3 20000 46728 
13349.4 20000 46744 
13385.87 20000 46759 
13419.76 20000 46775 
13456.27 20000 46791 
13493.93 20000 46807 
13533.04 20000 46823 
13570.85 20000 46838 
13608.15 20000 46854 
13645.37 20000 46870 
13683.38 20000 46886 
13718.44 20000 46902 
13753.4 20000 46917 
13790.33 20000 46933 
13827.73 20000 46949 
13862.52 20000 46965 
13898.3 20000 46981 
13935.74 20000 46996 
13976.56 20000 47012 
14016.33 20000 47028 
14055.32 20000 47044 
14095.62 20000 47060 
14137.17 20000 47075 
14176.4 20000 47091 
14216.2 20000 47107 
14256.83 20000 47123 
14298.29 20000 47139 
14337.99 20000 47154 
14377.59 20000 47170 
14418.24 20000 47186 
14459.18 20000 47202 
14497.87 20000 47218 
14534.76 20000 47233 
14571.54 20000 47249 
14611.39 20000 47265 
14651.22 20000 47281 
14689.55 20000 47297 
14729.39 20000 47312 
14771.25 20000 47328 
14812.09 20000 47344 
14851.08 20000 47360 
14891.61 20000 47376 
14934.46 20000 47391 
14977.73 20000 47407 
15017.85 20000 47423 
15058.7 20000 47439 
15102.33 20000 47454 
15146.92 20000 47470 
15188.93 20000 47486 
15231.87 20000 47502 
15276 20000 47518 
15320.49 20000 47533 
15361.56 20000 47549 
15402.77 20000 47565 
15445.51 20000 47581 
15490.51 20000 47597 
15531.7 20000 47612 
15571.14 20000 47628 
15610.93 20000 47644 
15653.61 20000 47660 
15693.73 20000 47676 
15733.75 20000 47691 
15776.03 20000 47707 
15821.43 20000 47723 
15863.54 20000 47739 
15904.84 20000 47755 
15947.3 20000 47770 
15993.47 20000 47786 
16037.11 20000 47802 
16081.12 20000 47818 
16126.44 20000 47834 
16174.41 20000 47849 
16219.71 20000 47865 
16265.4 20000 47881 
16310.77 20000 47897 
16358.77 20000 47912 
16404.3 20000 47928 
16451.17 20000 47944 
16498.46 20000 47960 
16547.82 20000 47976 
16595.11 20000 47991 
16640.25 20000 48007 
16685.23 20000 48023 
16733.71 20000 48039 
16780.88 20000 48055 
16827.21 20000 48070 
16872.85 20000 48086 
16921.55 20000 48102 
16969.36 20000 48118 
17014.23 20000 48134 
17058.96 20000 48149 
17107.2 20000 48165 
17156.1 20000 48181 
17204.56 20000 48197 
17253.83 20000 48213 
17306.34 20000 48228 
17358.72 20000 48244 
17411.29 20000 48260 
17464.35 20000 48276 
17519.86 20000 48292 
17574.19 20000 48307 
17626.49 20000 48323 
17677.54 20000 48339 
17728.53 20000 48355 
17778.91 20000 48371 
17827.75 20000 48386 
17877.82 20000 48402 
17928.45 20000 48418 
17979.92 20000 48434 
18030.51 20000 48450 
18080.33 20000 48465 
18129.84 20000 48481 
18179.88 20000 48497 
18228.44 20000 48513 
18276.29 20000 48529 
18319.9 20000 48544 
18298.59 20000 48560 
18227.97 20000 48576 
18295.19 20000 48592 
18379.44 20000 48607 
18450.56 20000 48623 
18514.97 20000 48639 
18577.71 20000 48655 
18638.05 20000 48671 
18698.37 20000 48686 
18756.68 20000 48702 
18815.69 20000 48718 
18871.7 20000 48734 
18929.92 20000 48750 
18985.75 20000 48765 
19041.17 20000 48781 
19097.71 20000 48797 
19155.59 20000 48813 
19208.24 20000 48829 
19256.33 20000 48844 
19262.37 20000 48860 
19207.86 20000 48876 
19255.03 20000 48892 
19344.03 20000 48908 
19422.43 20000 48923 
19497.2 20000 48939 
19567.33 20000 48955 
19636.37 20000 48971 
19702.12 20000 48987 
19767.44 20000 49002 
19828.9 20000 49018 
19890.92 20000 49034 
19950.96 20000 49050 
20010.59 20000 49066 
20067.42 20000 49081 
20123.76 20000 49082 
20148.44 20000 49082 
20092.87 20000 49082 
20017.88 20000 49082 
19953.77 20000 49082 
19896.97 20000 49082 
19845.1 20000 49082 
19790.5 20000 49082 
19721.35 20000 49082 
19672.5 20000 49082 
19636.56 20000 49082 
19601.23 20000 49082 
19566.68 20000 49082 
19533.42 20000 49082 
19501.39 20000 49082 
19470.73 20000 49082 
19441.13 20000 49082 
19412.07 20000 49082 
19383.5 20000 49082 
19355.43 20000 49082 
19328.16 20000 49082 
19301.65 20000 49082 
19275.72 20000 49082 
19250.32 20000 49082 
19226.24 20000 49082 
19202.6 20000 49082 
19179.12 20000 49082 
19155.73 20000 49082 
19132.83 20000 49082 
19110.43 20000 49082 
19088.48 20000 49082 
19066.76 20000 49082 
19046.03 20000 49082 
19025.5 20000 49082 
19005.09 20000 49082 
18984.79 20000 49082 
18965.2 20000 49082 
18946.2 20000 49082 
18927.45 20000 49082 
18909.26 20000 49082 
18890.87 20000 49082 
18872.71 20000 49082 
18855.12 20000 49082 
18837.88 20000 49082 
18820.58 20000 49082 
18803.77 20000 49082 
18787.51 20000 49082 
18771.53 20000 49082 
18755.38 20000 49082 
18739.5 20000 49082 
18724.2 20000 49082 
18708.79 20000 49082 
18693.83 20000 49082 
18679.26 20000 49082 
18664.79 20000 49082 
18650.39 20000 49082 
18635.81 20000 49082 
18621.06 20000 49082 
18607.1 20000 49082 
18593.56 20000 49082 
18580.22 20000 49082 
18567.12 20000 49082 
18553.91 20000 49082 
18540.76 20000 49082 
18527.76 20000 49082 
18514.89 20000 49082 
18501.78 20000 49082 
18488.68 20000 49082 
18475.91 20000 49082 
