11.73 20000 43349 
11.7 20000 43349 
11.82 20000 43349 
11.91 20000 43349 
11.88 20000 43349 
11.87 20000 43349 
12.01 20000 43349 
12.03 20000 43349 
12.07 20000 43349 
11.89 20000 43349 
11.7 20000 43349 
11.53 20000 43349 
11.72 20000 43349 
12.03 20000 43349 
11.95 20000 43349 
11.76 20000 43349 
11.39 20000 43349 
11.29 20000 43349 
11.4 20000 43349 
11.54 20000 43349 
11.85 20000 43508 
16.87 20000 43671 
36.47 20000 43691 
56.93 20000 43707 
56.65 20000 43722 
55.41 20000 43738 
56.86 20000 43754 
58.74 20000 43770 
61.04 20000 43785 
63.81 20000 43801 
66.94 20000 43817 
70.08 20000 43833 
72.95 20000 43849 
76.02 20000 43864 
79.88 20000 43880 
84.08 20000 43896 
88.54 20000 43912 
93.51 20000 43927 
98.98 20000 43943 
104.96 20000 43959 
110.51 20000 43975 
116.06 20000 43990 
121.84 20000 44006 
128.26 20000 44022 
134.56 20000 44038 
140.68 20000 44054 
146.77 20000 44069 
153.4 20000 44085 
159.55 20000 44101 
165.68 20000 44117 
172.09 20000 44132 
178.71 20000 44148 
185.23 20000 44164 
191.82 20000 44180 
198.56 20000 44196 
205.69 20000 44211 
212.62 20000 44227 
219.7 20000 44243 
226.48 20000 44259 
233.53 20000 44274 
240.66 20000 44290 
247.87 20000 44306 
254.7 20000 44322 
261.94 20000 44338 
269.14 20000 44353 
276.15 20000 44369 
283.23 20000 44385 
290.64 20000 44401 
297.67 20000 44416 
304.64 20000 44432 
311.51 20000 44448 
319.15 20000 44464 
326.21 20000 44480 
333.26 20000 44495 
340.28 20000 44511 
347.64 20000 44527 
354.99 20000 44543 
362.35 20000 44558 
369.64 20000 44574 
377.18 20000 44590 
384.98 20000 44606 
392.19 20000 44621 
399.19 20000 44637 
406.59 20000 44653 
413.96 20000 44669 
421.29 20000 44685 
428.78 20000 44700 
436.52 20000 44716 
444.13 20000 44732 
451.57 20000 44748 
459.13 20000 44763 
467.05 20000 44779 
475.16 20000 44795 
482.84 20000 44811 
490.23 20000 44827 
497.98 20000 44842 
505.68 20000 44858 
513.37 20000 44874 
521.12 20000 44890 
528.55 20000 44905 
536.06 20000 44921 
543.41 20000 44937 
550.72 20000 44953 
557.86 20000 44969 
565.48 20000 44984 
573.05 20000 45000 
580.96 20000 45016 
588.77 20000 45032 
596.59 20000 45047 
604.1 20000 45063 
611.59 20000 45079 
618.84 20000 45095 
626.64 20000 45110 
634.06 20000 45126 
641.74 20000 45142 
649.46 20000 45158 
657.59 20000 45174 
664.99 20000 45189 
672.58 20000 45205 
680.02 20000 45221 
687.55 20000 45237 
694.64 20000 45252 
702.03 20000 45268 
709.21 20000 45284 
716.76 20000 45300 
723.83 20000 45316 
731.06 20000 45331 
738.19 20000 45347 
745.9 20000 45363 
752.98 20000 45379 
760.1 20000 45394 
767.39 20000 45410 
775.35 20000 45426 
783.01 20000 45442 
790.54 20000 45458 
797.7 20000 45473 
805.29 20000 45489 
812.51 20000 45505 
819.26 20000 45521 
825.66 20000 45536 
833.41 20000 45552 
841.23 20000 45568 
849.04 20000 45584 
856.72 20000 45599 
864.08 20000 45615 
871.36 20000 45631 
878.62 20000 45647 
885.79 20000 45663 
893.56 20000 45678 
900.64 20000 45694 
907.69 20000 45710 
915.01 20000 45726 
922.66 20000 45741 
929.81 20000 45757 
936.33 20000 45773 
943.72 20000 45789 
951.58 20000 45805 
959.76 20000 45820 
968.04 20000 45836 
975.64 20000 45852 
983.23 20000 45868 
990.98 20000 45883 
998.64 20000 45899 
1005.52 20000 45915 
1012.27 20000 45931 
1019.26 20000 45947 
1025.23 20000 45962 
1030.92 20000 45978 
1038.23 20000 45994 
1046.44 20000 46010 
1054.09 20000 46025 
1061.52 20000 46041 
1068.88 20000 46057 
1076.34 20000 46073 
1083.45 20000 46088 
1090.97 20000 46104 
1098.38 20000 46120 
1106.45 20000 46136 
1114 20000 46152 
1121.34 20000 46167 
1128.65 20000 46183 
1136.13 20000 46199 
1143.11 20000 46215 
1149.68 20000 46230 
1156.78 20000 46246 
1164.21 20000 46262 
1172.09 20000 46278 
1180.33 20000 46293 
1187.25 20000 46309 
1194.28 20000 46325 
1201.24 20000 46341 
1208.11 20000 46356 
1215.68 20000 46372 
1223.89 20000 46388 
1231.25 20000 46404 
1238.64 20000 46420 
1245.98 20000 46435 
1254.1 20000 46451 
1261.83 20000 46467 
1270.14 20000 46483 
1277.96 20000 46498 
1285.54 20000 46514 
1293.33 20000 46530 
1300.55 20000 46546 
1308.18 20000 46562 
1316.43 20000 46577 
1324.42 20000 46593 
1332.41 20000 46609 
1339.5 20000 46625 
1347.28 20000 46640 
1354.94 20000 46656 
1362.41 20000 46672 
1369.48 20000 46688 
1377.17 20000 46704 
1384.64 20000 46719 
1391.21 20000 46735 
1398.3 20000 46751 
1406.7 20000 46767 
1414.06 20000 46782 
1421.65 20000 46798 
1429.73 20000 46814 
1437.89 20000 46830 
1445.58 20000 46845 
1453.45 20000 46861 
1461.78 20000 46877 
1470.35 20000 46893 
1478.18 20000 46909 
1485.22 20000 46924 
1493.14 20000 46940 
1500.87 20000 46956 
1508.49 20000 46972 
1516.8 20000 46987 
1525.07 20000 47003 
1532.99 20000 47019 
1540.94 20000 47035 
1548.61 20000 47051 
1556.43 20000 47066 
1564.53 20000 47082 
1572.9 20000 47098 
1580.78 20000 47114 
1589.25 20000 47129 
1597.87 20000 47145 
1606.34 20000 47161 
1614.36 20000 47177 
1622.61 20000 47193 
1630.88 20000 47208 
1639.72 20000 47224 
1647.7 20000 47240 
1656.1 20000 47256 
1664.66 20000 47271 
1673.38 20000 47287 
1681.75 20000 47303 
1690.36 20000 47319 
1699.02 20000 47335 
1708.26 20000 47350 
1716.88 20000 47366 
1725.95 20000 47382 
1735 20000 47398 
1744.16 20000 47413 
1752.62 20000 47429 
1761.8 20000 47445 
1771.05 20000 47461 
1780.69 20000 47476 
1790.21 20000 47492 
1800.75 20000 47508 
1811.03 20000 47524 
1821.35 20000 47540 
1831.69 20000 47555 
1841.87 20000 47571 
1851.3 20000 47587 
1861.51 20000 47603 
1871.23 20000 47618 
1881.55 20000 47634 
1891.36 20000 47650 
1901.25 20000 47666 
1910.56 20000 47681 
1920.72 20000 47697 
1931.1 20000 47713 
1941.44 20000 47729 
1951.44 20000 47745 
1962 20000 47760 
1972.23 20000 47776 
1982.38 20000 47792 
1992.67 20000 47808 
2003.12 20000 47823 
2013.22 20000 47839 
2023.86 20000 47855 
2034.38 20000 47871 
2045.44 20000 47887 
2055.47 20000 47902 
2065.37 20000 47918 
2075.53 20000 47934 
2086.31 20000 47950 
2097.18 20000 47965 
2107.26 20000 47981 
2117.09 20000 47997 
2127.43 20000 48013 
2137.54 20000 48029 
2147.71 20000 48044 
2158.2 20000 48060 
2169.02 20000 48076 
2180.16 20000 48092 
2190.94 20000 48107 
2201.87 20000 48123 
2213.17 20000 48139 
2224.7 20000 48155 
2235.87 20000 48170 
2247.2 20000 48186 
2258.13 20000 48202 
2269.52 20000 48218 
2280.86 20000 48234 
2292.61 20000 48249 
2303.87 20000 48265 
2315.29 20000 48281 
2326.61 20000 48297 
2337.94 20000 48312 
2348.7 20000 48328 
2360 20000 48344 
2371 20000 48360 
2382.45 20000 48376 
2393.15 20000 48391 
2404.26 20000 48407 
2415.8 20000 48423 
2428.14 20000 48439 
2439.25 20000 48454 
2450.44 20000 48470 
2461.46 20000 48486 
2472.8 20000 48502 
2483.62 20000 48518 
2494.78 20000 48533 
2505.41 20000 48549 
2516.77 20000 48565 
2527.46 20000 48581 
2538.81 20000 48596 
2549.54 20000 48612 
2560.98 20000 48628 
2571.81 20000 48644 
2583.46 20000 48659 
2594.69 20000 48675 
2606.1 20000 48691 
2617.12 20000 48707 
2628.99 20000 48723 
2640.59 20000 48738 
2652.8 20000 48754 
2664.45 20000 48770 
2676.79 20000 48786 
2688.47 20000 48801 
2700.65 20000 48817 
2712.3 20000 48833 
2724.01 20000 48849 
2735.36 20000 48865 
2747.09 20000 48880 
2759.03 20000 48896 
2771.31 20000 48912 
2783.18 20000 48928 
2795.53 20000 48943 
2807.38 20000 48959 
2819.58 20000 48975 
2831.2 20000 48991 
2843.07 20000 49006 
2855.15 20000 49022 
2867.67 20000 49038 
2877.97 20000 49054 
2883.57 20000 49070 
2896.87 20000 49085 
2911.63 20000 49101 
2924.37 20000 49117 
2936.34 20000 49133 
2948.87 20000 49148 
2962.1 20000 49164 
2974.76 20000 49180 
2986.81 20000 49196 
2999.45 20000 49212 
3012.15 20000 49227 
3024.94 20000 49243 
3037.98 20000 49259 
3051.38 20000 49275 
3063.85 20000 49290 
3076.67 20000 49306 
3089.4 20000 49322 
3102.9 20000 49338 
3115.35 20000 49354 
3127.92 20000 49369 
3141.96 20000 49385 
3155.88 20000 49401 
3168.31 20000 49417 
3181.62 20000 49432 
3195.75 20000 49448 
3210.58 20000 49464 
3224.07 20000 49480 
3237.54 20000 49496 
3251.7 20000 49511 
3266.21 20000 49527 
3280.14 20000 49543 
3294.67 20000 49559 
3308.27 20000 49574 
3322.25 20000 49590 
3336.85 20000 49606 
3351.68 20000 49622 
3365.94 20000 49637 
3380.48 20000 49653 
3394.77 20000 49669 
3409.76 20000 49685 
3423.69 20000 49701 
3438.38 20000 49716 
3453.36 20000 49732 
3469.11 20000 49748 
3483.3 20000 49764 
3497.81 20000 49779 
3512.8 20000 49795 
3528.72 20000 49811 
3543.37 20000 49827 
3557.63 20000 49843 
3571.96 20000 49858 
3587.16 20000 49874 
3601.47 20000 49890 
3616.77 20000 49906 
3631.77 20000 49921 
3646.5 20000 49937 
3660.62 20000 49953 
3675.44 20000 49969 
3690.47 20000 49984 
3706.19 20000 50000 
3720.97 20000 50016 
3735.52 20000 50032 
3749.84 20000 50048 
3765.02 20000 50063 
3780.1 20000 50079 
3795.01 20000 50095 
3810.43 20000 50111 
3827.16 20000 50126 
3843.01 20000 50142 
3857.96 20000 50158 
3873.55 20000 50174 
3889.59 20000 50190 
3905.43 20000 50205 
3920.17 20000 50221 
3935.07 20000 50237 
3950.95 20000 50253 
3966.62 20000 50268 
3981.18 20000 50284 
3996.37 20000 50300 
4012.12 20000 50316 
4027.99 20000 50331 
4043.01 20000 50347 
4058 20000 50363 
4073.35 20000 50379 
4089.08 20000 50395 
4104.53 20000 50410 
4120.12 20000 50426 
4136.02 20000 50442 
4152.41 20000 50458 
4168.03 20000 50473 
4183.65 20000 50489 
4199.44 20000 50505 
4216.23 20000 50521 
4232.04 20000 50537 
4248.1 20000 50552 
4264.39 20000 50568 
4280.89 20000 50584 
4296.55 20000 50600 
4312.55 20000 50615 
4329.16 20000 50631 
4346.53 20000 50647 
4362.51 20000 50663 
4379.22 20000 50679 
4395.97 20000 50694 
4413.45 20000 50710 
4429.46 20000 50726 
4445.89 20000 50742 
4461.84 20000 50757 
4479.73 20000 50773 
4496.72 20000 50789 
4513.62 20000 50805 
4530.43 20000 50821 
4548.06 20000 50836 
4564.73 20000 50852 
4582.07 20000 50868 
4598.77 20000 50884 
4616.42 20000 50899 
4633.24 20000 50915 
4650.85 20000 50931 
4668.18 20000 50947 
4686.21 20000 50963 
4703.65 20000 50978 
4721.36 20000 50994 
4738.71 20000 51010 
4757.14 20000 51026 
4775.38 20000 51041 
4793.3 20000 51057 
4810.75 20000 51073 
4829.62 20000 51089 
4847.57 20000 51105 
4865.27 20000 51120 
4882.68 20000 51136 
4900.91 20000 51152 
4918.8 20000 51168 
4936.7 20000 51183 
4954.27 20000 51199 
4972.4 20000 51215 
4990.82 20000 51231 
5008.87 20000 51246 
5027.08 20000 51262 
5045.81 20000 51278 
5064.61 20000 51294 
5083.16 20000 51310 
5101.39 20000 51325 
5119.77 20000 51341 
5138.59 20000 51357 
5156.95 20000 51373 
5175.09 20000 51388 
5193.69 20000 51404 
5212.5 20000 51420 
5231 20000 51436 
5249.7 20000 51452 
5268.21 20000 51467 
5287.13 20000 51483 
5305.3 20000 51499 
5323.43 20000 51515 
5341.29 20000 51530 
5359.51 20000 51546 
5377.29 20000 51562 
5395.71 20000 51578 
5413.87 20000 51594 
5432.07 20000 51609 
5450.18 20000 51625 
5469.15 20000 51641 
5487.6 20000 51657 
5506.61 20000 51672 
5525.47 20000 51688 
5545.2 20000 51704 
5564.44 20000 51720 
5584.15 20000 51735 
5602.67 20000 51751 
5621.74 20000 51767 
5640.49 20000 51783 
5659.84 20000 51799 
5678.57 20000 51814 
5698.19 20000 51830 
5716.93 20000 51846 
5736.53 20000 51862 
5755.17 20000 51877 
5772.5 20000 51893 
5789.35 20000 51909 
5809.73 20000 51925 
5828.78 20000 51941 
5848.37 20000 51956 
5867.74 20000 51972 
5887.77 20000 51988 
5906.64 20000 52004 
5926.1 20000 52019 
5945.49 20000 52035 
5963.35 20000 52051 
5976.77 20000 52067 
5994.72 20000 52082 
6013.46 20000 52098 
6032.69 20000 52114 
6050.26 20000 52130 
6067.74 20000 52146 
6085.25 20000 52161 
6103.9 20000 52177 
6121.38 20000 52193 
6139.34 20000 52209 
6157.95 20000 52224 
6177.73 20000 52240 
6196.77 20000 52256 
6215.88 20000 52272 
6235.2 20000 52288 
6254.79 20000 52303 
6273.92 20000 52319 
6292.93 20000 52335 
6311.74 20000 52351 
6331.59 20000 52366 
6351.9 20000 52382 
6372.37 20000 52398 
6393.26 20000 52414 
6413.76 20000 52430 
6433.22 20000 52445 
6452.83 20000 52461 
6472.85 20000 52477 
6493.66 20000 52493 
6514.95 20000 52508 
6535.95 20000 52524 
6557.24 20000 52540 
6578.93 20000 52556 
6601.09 20000 52571 
6621.94 20000 52587 
6642.6 20000 52603 
6663.47 20000 52619 
6683.96 20000 52635 
6700.64 20000 52650 
6719.18 20000 52666 
6739.79 20000 52682 
6761.3 20000 52698 
6780.47 20000 52713 
6799.36 20000 52729 
6818.74 20000 52745 
6840.12 20000 52761 
6860.98 20000 52777 
6882.77 20000 52792 
6904.55 20000 52808 
6927.53 20000 52824 
6948.63 20000 52840 
6970.21 20000 52855 
6991.86 20000 52871 
7014.21 20000 52887 
7035.62 20000 52903 
7057.57 20000 52919 
7078.84 20000 52934 
7100.72 20000 52950 
7120.72 20000 52966 
7141.15 20000 52982 
7160.94 20000 52997 
7182.8 20000 53013 
7203.17 20000 53029 
7223.85 20000 53045 
7244.4 20000 53060 
7265.22 20000 53076 
7284.63 20000 53092 
7305.49 20000 53108 
7327.41 20000 53124 
7351.2 20000 53139 
7373.57 20000 53155 
7396.55 20000 53171 
7420.18 20000 53187 
7445.02 20000 53202 
7468.18 20000 53218 
7490.19 20000 53234 
7512.49 20000 53250 
7536.82 20000 53266 
7559.51 20000 53281 
7581.85 20000 53297 
7604.92 20000 53313 
7630.17 20000 53329 
7654.88 20000 53344 
7679.29 20000 53360 
7703.94 20000 53376 
7728.11 20000 53392 
7750.16 20000 53408 
7772.24 20000 53423 
7795.22 20000 53439 
7819.78 20000 53455 
7844.28 20000 53471 
7868.93 20000 53486 
7893.47 20000 53502 
7917.2 20000 53518 
7941.33 20000 53534 
7965.74 20000 53550 
7990.17 20000 53565 
8014.04 20000 53581 
8038.39 20000 53597 
8062.82 20000 53613 
8086.88 20000 53628 
8110.26 20000 53644 
8134.71 20000 53660 
8159.05 20000 53676 
8184.15 20000 53692 
8208.97 20000 53707 
8234.25 20000 53723 
8259.23 20000 53739 
8285.02 20000 53755 
8310.42 20000 53770 
8336.35 20000 53786 
8361.16 20000 53802 
8386.24 20000 53818 
8411.12 20000 53834 
8437.01 20000 53849 
8463.45 20000 53865 
8489.7 20000 53881 
8514.24 20000 53897 
8540.77 20000 53912 
8566 20000 53928 
8592.34 20000 53944 
8617.47 20000 53960 
8643.02 20000 53976 
8668.14 20000 53991 
8693.92 20000 54007 
8719.63 20000 54023 
8746.53 20000 54039 
8771.51 20000 54054 
8797.41 20000 54070 
8823.34 20000 54086 
8850.38 20000 54102 
8876.12 20000 54118 
8902.86 20000 54133 
8929.11 20000 54149 
8955.77 20000 54165 
8981.54 20000 54181 
9008.38 20000 54196 
9034.75 20000 54212 
9063.05 20000 54228 
9090 20000 54244 
9117.13 20000 54260 
9143.49 20000 54275 
9170.32 20000 54291 
9196.73 20000 54307 
9224.34 20000 54323 
9250.52 20000 54338 
9277.51 20000 54354 
9304.57 20000 54370 
9331.77 20000 54386 
9358.68 20000 54401 
9387.31 20000 54417 
9414.99 20000 54433 
9442.17 20000 54449 
9469.17 20000 54465 
9496.76 20000 54480 
9524.29 20000 54496 
9551.29 20000 54512 
9577.26 20000 54528 
9604.38 20000 54543 
9631.39 20000 54559 
9657.27 20000 54575 
9682.51 20000 54591 
9708.66 20000 54607 
9735.87 20000 54622 
9762.49 20000 54638 
9788.53 20000 54654 
9815.05 20000 54670 
9841.68 20000 54685 
9868.08 20000 54701 
9894.22 20000 54717 
9920.47 20000 54733 
9947.07 20000 54748 
9974.77 20000 54764 
10003.78 20000 54780 
10032.99 20000 54796 
10062.31 20000 54812 
10090.33 20000 54827 
10119.52 20000 54843 
10148.59 20000 54859 
10176.96 20000 54875 
10203.42 20000 54890 
10230.54 20000 54906 
10256.79 20000 54922 
10283.81 20000 54938 
10309.96 20000 54954 
10336.6 20000 54969 
10362.66 20000 54985 
10389.14 20000 55001 
10413.57 20000 55017 
10437.88 20000 55032 
10462.89 20000 55048 
10490.59 20000 55064 
10516.04 20000 55080 
10541.92 20000 55096 
10567.43 20000 55111 
10594.58 20000 55127 
10621.48 20000 55143 
10649.05 20000 55159 
10676.99 20000 55174 
10706.12 20000 55190 
10733.72 20000 55206 
10762.58 20000 55222 
10791.42 20000 55238 
10820.22 20000 55253 
10846.29 20000 55269 
10872.28 20000 55285 
10897.33 20000 55301 
10922.79 20000 55316 
10946.2 20000 55332 
10971.62 20000 55348 
10998.16 20000 55364 
11025.29 20000 55380 
11050.23 20000 55395 
11076.55 20000 55411 
11102.96 20000 55427 
11130.37 20000 55443 
11157.74 20000 55458 
11185.44 20000 55474 
11211.29 20000 55490 
11237.94 20000 55506 
11264.6 20000 55521 
11292.41 20000 55537 
11320.15 20000 55553 
11348.48 20000 55569 
11376.31 20000 55585 
11404.19 20000 55600 
11431.93 20000 55616 
11460.2 20000 55632 
11487.7 20000 55648 
11514.43 20000 55663 
11540.97 20000 55679 
11568.95 20000 55695 
11596.43 20000 55711 
11621.2 20000 55727 
11647.5 20000 55742 
11676 20000 55758 
11705.66 20000 55774 
11734.65 20000 55790 
11763.82 20000 55805 
11794.83 20000 55821 
11825.97 20000 55837 
11855.66 20000 55853 
11885.59 20000 55869 
11915.44 10000 55884 
11944.19 10000 55885 
11951.62 10000 55885 
11906.64 10000 55885 
11851.17 10000 55885 
11807.47 10000 55885 
11770.78 10000 55885 
11738.61 10000 55885 
11709.93 10000 55885 
11683.01 10000 55885 
11656.74 10000 55885 
11633.54 10000 55885 
11612.16 10000 55885 
11592.22 10000 55885 
11573.38 10000 55885 
11555.35 10000 55885 
11538.34 10000 55885 
11522.21 10000 55885 
11506.2 10000 55885 
11491.18 10000 55885 
11476.53 10000 55885 
11462.42 10000 55885 
11448.6 10000 55885 
11435.04 10000 55885 
11421.94 10000 55885 
11409.05 10000 55885 
11396.32 10000 55885 
11383.89 10000 55885 
11371.91 10000 55885 
11360.31 10000 55885 
11349.01 10000 55885 
11337.98 10000 55885 
11327.11 10000 55885 
11315.84 10000 55885 
11304.89 10000 55885 
11294.77 10000 55885 
11285.23 10000 55885 
11275.68 10000 55885 
11265.57 10000 55885 
11255.88 10000 55885 
11246.46 10000 55885 
11236.54 10000 55885 
11226.88 10000 55885 
11217.82 10000 55885 
11208.56 10000 55885 
11198.96 10000 55885 
11189.55 10000 55885 
11180.17 10000 55885 
11170.87 10000 55885 
11161.65 10000 55885 
11152.68 10000 55885 
11143.81 10000 55885 
11134.85 10000 55885 
11126.13 10000 55885 
11117.45 10000 55885 
11109.17 10000 55885 
11100.78 10000 55885 
11092.66 10000 55885 
11084.49 10000 55885 
11076.32 10000 55885 
11068.27 10000 55885 
11060.02 10000 55885 
11051.85 10000 55885 
11043.99 10000 55885 
11036.18 10000 55885 
11028.15 10000 55885 
11020.62 10000 55885 
11013.11 10000 55885 
11005.38 10000 55885 
10997.65 10000 55885 
10990.41 10000 55885 
10983.45 10000 55885 
10976.55 10000 55885 
10969.73 10000 55885 
10962.8 10000 55885 
10956.1 10000 55885 
10949.75 10000 55885 
10943.26 10000 55885 
10936.42 10000 55885 
10929.42 10000 55885 
10922.48 10000 55885 
10915.68 10000 55885 
10908.89 10000 55885 
10902.33 10000 55885 
10896.02 10000 55885 
10889.66 10000 55885 
10883.55 10000 55885 
10877.36 10000 55885 
10871.08 10000 55885 
10865 10000 55885 
10859.08 10000 55885 
10853.52 10000 55885 
10847.98 10000 55885 
10842.08 10000 55885 
10836.43 10000 55885 
10831.09 10000 55885 
10825.98 10000 55885 
10820.78 10000 55885 
10815.35 10000 55885 
10810.11 10000 55885 
10804.78 10000 55885 
10800.02 10000 55885 
10795.06 10000 55885 
10790.24 10000 55885 
10785.02 10000 55885 
10779.69 10000 55885 
10774.66 10000 55885 
10769.89 10000 55885 
10764.77 10000 55885 
10759.69 10000 55885 
10755.11 10000 55885 
10750.04 10000 55885 
10744.75 10000 55885 
10739.55 10000 55885 
10733.87 10000 55885 
10728.44 10000 55885 
10723.12 10000 55885 
10717.9 10000 55885 
10712.38 10000 55885 
10706.56 10000 55885 
10701.14 10000 55885 
10696.41 10000 55885 
10691.51 10000 55885 
10686.93 10000 55885 
10682.16 10000 55885 
10677.39 10000 55885 
10672.28 10000 55885 
10666.91 10000 55885 
10661.93 10000 55885 
10656.51 10000 55885 
10650.92 10000 55885 
10645.57 10000 55885 
10640.35 10000 55885 
10634.9 10000 55885 
10629.54 10000 55885 
10624.39 10000 55885 
10619.38 10000 55885 
10614.28 10000 55885 
10609.41 10000 55885 
10604.12 10000 55885 
10599.28 10000 55885 
10594.54 10000 55885 
10589.56 10000 55885 
10584.44 10000 55885 
10579.67 10000 55885 
10574.75 10000 55885 
10569.82 10000 55885 
10565.09 10000 55885 
10560.71 10000 55885 
10556.32 10000 55885 
10551.77 10000 55885 
10547.37 10000 55885 
10543.01 10000 55885 
10538.84 10000 55885 
10534.74 10000 55885 
10530.11 10000 55885 
10525.75 10000 55885 
10521.41 10000 55885 
10516.77 10000 55885 
10512.28 10000 55885 
10507.32 10000 55885 
10503.12 10000 55885 
10498.75 10000 55885 
10493.92 10000 55885 
10489.94 10000 55885 
10482.86 10000 55885 
10474.93 10000 55885 
10468.86 10000 55885 
10466.07 10000 55885 
10456.34 10000 55885 
10425.16 10000 55885 
10413.39 10000 55885 
10432.32 10000 55885 
10419.49 10000 55885 
10403.54 10000 55885 
10395.88 10000 55885 
10381.27 10000 55885 
10381.72 10000 55885 
10396.45 10000 55885 
10396.88 10000 55885 
10396.05 10000 55885 
10387.41 10000 55885 
10384.64 10000 55885 
10379.07 10000 55885 
10368.35 10000 55885 
10377.75 10000 55885 
10379.25 10000 55885 
10319.16 10000 55885 
10279.19 10000 55885 
10277.29 10000 55885 
10306.32 10000 55885 
10322.65 10000 55885 
10325.46 10000 55885 
10328.6 10000 55885 
10344.93 10000 55885 
10356.97 10000 55885 
10357.34 10000 55885 
10360.44 10000 55885 
10376.68 10000 55885 
10354.24 10000 55885 
10324.58 10000 55885 
10331.42 10000 55885 
10371.06 10000 55885 
10394.7 10000 55885 
10406.59 10000 55885 
10427.03 10000 55885 
10421.1 10000 55885 
10363.63 10000 55885 
10298.43 10000 55885 
10304.59 10000 55885 
10297.67 10000 55885 
10288.34 10000 55885 
10282.35 10000 55885 
10277.61 10000 55885 
10273.85 10000 55885 
10270.02 10000 55885 
10266.12 10000 55885 
10261.88 10000 55885 
10258.1 10000 55885 
10254.18 10000 55885 
10250.03 10000 55885 
10246.16 10000 55885 
10242.69 10000 55885 
10239.53 10000 55885 
10236.47 10000 55885 
10234.23 10000 55885 
10231.65 10000 55885 
10229.5 10000 55885 
10226.79 10000 55885 
10224.36 10000 55885 
10221.62 10000 55885 
10219.18 10000 55885 
10215.46 10000 55885 
10212.27 10000 55885 
10208.39 10000 55885 
10204.88 10000 55885 
10201.24 10000 55885 
10197.63 10000 55885 
10194.42 10000 55885 
10190.93 10000 55885 
10187.86 10000 55885 
10184.76 10000 55885 
10181.32 10000 55885 
10177.9 10000 55885 
10173.65 10000 55885 
10170.2 10000 55885 
10166.78 10000 55885 
10163.28 10000 55885 
10159.63 10000 55885 
10156.19 10000 55885 
10153.09 10000 55885 
10149.9 10000 55885 
10145.94 10000 55885 
10141.92 10000 55885 
10138 10000 55885 
10134.03 10000 55885 
10129.93 10000 55885 
10125.84 10000 55885 
10120.55 10000 55885 
10118.53 10000 55885 
10116.19 10000 55885 
10103.95 10000 55885 
10092.29 10000 55885 
10087.77 10000 55885 
10087.19 10000 55885 
10093.19 10000 55885 
10092.38 10000 55885 
10083.68 10000 55885 
10089.74 10000 55885 
10100.77 10000 55885 
10109.98 10000 55885 
10124.16 10000 55885 
10106.5 10000 55885 
10083.25 10000 55885 
10075.33 10000 55885 
10067.19 10000 55885 
10072.19 10000 55885 
10069.92 10000 55885 
10059.58 10000 55885 
10050.74 10000 55885 
10028.65 10000 55885 
10002.75 10000 55885 
10001.82 10000 55885 
10004.77 10000 55885 
9996.82 10000 55885 
10001.56 10000 55885 
10003.25 10000 55885 
10011.86 10000 55885 
10005.2 10000 55885 
10011.91 10000 55885 
10013.07 10000 55885 
10006.86 10000 55885 
10004.28 10000 55885 
10004.03 10000 55885 
9998.25 10000 55885 
10002.97 10000 55885 
10004.62 10000 55885 
9992.92 10000 55885 
9986.91 10000 55885 
9986.59 10000 55885 
9993.97 10000 55885 
9981.91 10000 55885 
9984.12 10000 55885 
9983.35 10000 55885 
9977.51 10000 55885 
9973.72 10000 55885 
9969.56 10000 55885 
9961.23 10000 55885 
9953.12 10000 55885 
9954.16 10000 55885 
9952.53 10000 55885 
9952.8 10000 55885 
9954.63 10000 55885 
9971.81 10000 55885 
9970.17 10000 55885 
9962.72 10000 55885 
9957.1 10000 55885 
9952.37 10000 55885 
9948.61 10000 55885 
9944.92 10000 55885 
9942.78 10000 55885 
9943.69 10000 55885 
9944.2 10000 55885 
9941.93 10000 55885 
9938.67 10000 55885 
9935.85 10000 55885 
9934.12 10000 55885 
9931.06 10000 55885 
9927.18 10000 55885 
9923.61 10000 55885 
9920.2 10000 55885 
9918.55 10000 55885 
9917.14 10000 55885 
9914.66 10000 55885 
9911.48 10000 55885 
9907.77 10000 55885 
9904.4 10000 55885 
9901.29 10000 55885 
9897.9 10000 55885 
9895.02 10000 55885 
9892.52 10000 55885 
9889.67 10000 55885 
9886.25 10000 55885 
9883.15 10000 55885 
9879.38 10000 55885 
9876.26 10000 55885 
9873.21 10000 55885 
9870.46 10000 55885 
9868.4 10000 55885 
9865.75 10000 55885 
9863.77 10000 55885 
9862.9 10000 55885 
9860.91 10000 55885 
9858.28 10000 55885 
9855.81 10000 55885 
9853.72 10000 55885 
9852.41 10000 55885 
9851.52 10000 55885 
9850.07 10000 55885 
9847.62 10000 55885 
9844.52 10000 55885 
9840.95 10000 55885 
9837.05 10000 55885 
9833.56 10000 55885 
9830.41 10000 55885 
9826.95 10000 55885 
9823.24 10000 55885 
9820.33 10000 55885 
9817.67 10000 55885 
9815.55 10000 55885 
9813.34 10000 55885 
9809.29 10000 55885 
9801.35 10000 55885 
9787.14 10000 55885 
9771.76 10000 55885 
9757.19 10000 55885 
9742.84 10000 55885 
9729.65 10000 55885 
9717.76 10000 55885 
9707.08 10000 55885 
9696.75 10000 55885 
9687.9 10000 55885 
9682.46 10000 55885 
9679.06 10000 55885 
9675.79 10000 55885 
9672.63 10000 55885 
9668.97 10000 55885 
9665.04 10000 55885 
9660.64 10000 55885 
9656.2 10000 55885 
9651.27 10000 55885 
9647.88 10000 55885 
9657.8 10000 55885 
9648.85 10000 55885 
9633.44 10000 55885 
9628.17 10000 55885 
9623.61 10000 55885 
9619.24 10000 55885 
9614.76 10000 55885 
9610.38 10000 55885 
9605.89 10000 55885 
9601.29 10000 55885 
9596.82 10000 55885 
9591.72 10000 55885 
9586.89 10000 55885 
9583.13 10000 55885 
9578.8 10000 55885 
9574.08 10000 55885 
9569.83 10000 55885 
9565.63 10000 55885 
9561.53 10000 55885 
9557.06 10000 55885 
9551.27 10000 55885 
9542.79 10000 55885 
9528.48 10000 55885 
9510.68 10000 55885 
9494.23 10000 55885 
9480.53 10000 55885 
9470.16 10000 55885 
9463.07 10000 55885 
9458.1 10000 55885 
9454.2 10000 55885 
9451.19 10000 55885 
9448.74 10000 55885 
9446.44 10000 55885 
9443.68 10000 55885 
9441.17 10000 55885 
9438.48 10000 55885 
9435.75 10000 55885 
9433.08 10000 55885 
9430.31 10000 55885 
9427.23 10000 55885 
9424.04 10000 55885 
9420.73 10000 55885 
9417.84 10000 55885 
9414.81 10000 55885 
9411.27 10000 55885 
9407.82 10000 55885 
9404.72 10000 55885 
9401.57 10000 55885 
9398.09 10000 55885 
9394.63 10000 55885 
9391.5 10000 55885 
9388.22 10000 55885 
9384.65 10000 55885 
9381.56 10000 55885 
9378.39 10000 55885 
9375.18 10000 55885 
9371.99 10000 55885 
9369.02 10000 55885 
9366.37 10000 55885 
9363.59 10000 55885 
9360.13 10000 55885 
9355.39 10000 55885 
9350.64 10000 55885 
9345.26 10000 55885 
9339.79 10000 55885 
9334.8 10000 55885 
9340.6 10000 55885 
9348.78 10000 55885 
9343.23 10000 55885 
9338.79 10000 55885 
9336.28 10000 55885 
9339.48 10000 55885 
9341.39 10000 55885 
9333.07 10000 55885 
9325.71 10000 55885 
9322.45 10000 55885 
9319.87 10000 55885 
9316.62 10000 55885 
9313.06 10000 55885 
9309.75 10000 55885 
9306.35 10000 55885 
9303.09 10000 55885 
9300 10000 55885 
9300.7 10000 55885 
9302.42 10000 55885 
9298.17 10000 55885 
9299.26 10000 55885 
9310.15 10000 55885 
9318.9 10000 55885 
9325.06 10000 55885 
9312.06 10000 55885 
9286.3 10000 55885 
9266.64 10000 55885 
9259.44 10000 55885 
9255.26 10000 55885 
9251.45 10000 55885 
9248.7 10000 55885 
9245.93 10000 55885 
9242.07 10000 55885 
9238.59 10000 55885 
9236.59 10000 55885 
9234.1 10000 55885 
9232.44 10000 55885 
9231.77 10000 55885 
9227.08 10000 55885 
9222.78 10000 55885 
9219.87 10000 55885 
9217.65 10000 55885 
9215.36 10000 55885 
9212.42 10000 55885 
9209.64 10000 55885 
9207.15 10000 55885 
9204.73 10000 55885 
9202.28 10000 55885 
9199.41 10000 55885 
9196.79 10000 55885 
9194.41 10000 55885 
9191.82 10000 55885 
9189.01 10000 55885 
9186.37 10000 55885 
9183.75 10000 55885 
9180.83 10000 55885 
9178.08 10000 55885 
9175.54 10000 55885 
9173.3 10000 55885 
9171.07 10000 55885 
9168.43 10000 55885 
9166.43 10000 55885 
9164 10000 55885 
9161.43 10000 55885 
9159.23 10000 55885 
9156.77 10000 55885 
9154.97 10000 55885 
9152.64 10000 55885 
9150.61 10000 55885 
9148.35 10000 55885 
9146.21 10000 55885 
9144.12 10000 55885 
9141.67 10000 55885 
9139.64 10000 55885 
9137.44 10000 55885 
9135.06 10000 55885 
9132.87 10000 55885 
9130.35 10000 55885 
9128.01 10000 55885 
9125.98 10000 55885 
9123.89 10000 55885 
9121.45 10000 55885 
9119.36 10000 55885 
9117.2 10000 55885 
9115.17 10000 55885 
9113.26 10000 55885 
9111.12 10000 55885 
9109.56 10000 55885 
9107.99 10000 55885 
9106.07 10000 55885 
9104.02 10000 55885 
9102.29 10000 55885 
9100.7 10000 55885 
9098.72 10000 55885 
9096.65 10000 55885 
9094.63 10000 55885 
9092.83 10000 55885 
9090.85 10000 55885 
9088.89 10000 55885 
9087.12 10000 55885 
9085.41 10000 55885 
9083.54 10000 55885 
9082.01 10000 55885 
9080.19 10000 55885 
9078.73 10000 55885 
9076.88 10000 55885 
9074.73 10000 55885 
9072.94 10000 55885 
9071.02 10000 55885 
9069.4 10000 55885 
9067.51 10000 55885 
9065.29 10000 55885 
9063.19 10000 55885 
9061.42 10000 55885 
9059.48 10000 55885 
9057.78 10000 55885 
9056 10000 55885 
9053.99 10000 55885 
9052.23 10000 55885 
9050.08 10000 55885 
9048.29 10000 55885 
9046.41 10000 55885 
9044.49 10000 55885 
9042.52 10000 55885 
9040.7 10000 55885 
9038.76 10000 55885 
9037.08 10000 55885 
9035.23 10000 55885 
9033.51 10000 55885 
9031.82 10000 55885 
9029.77 10000 55885 
9027.87 10000 55885 
9026.47 10000 55885 
9024.91 10000 55885 
9023.36 10000 55885 
9021.9 10000 55885 
9019.96 10000 55885 
9018.54 10000 55885 
9017.21 10000 55885 
9015.64 10000 55885 
9013.87 10000 55885 
9012.18 10000 55885 
9010.54 10000 55885 
9008.93 10000 55885 
9007 10000 55885 
9005.14 10000 55885 
9003.38 10000 55885 
9001.66 10000 55885 
8999.83 10000 55885 
8998.06 10000 55885 
8996.25 10000 55885 
8994.47 10000 55885 
8992.93 10000 55885 
8991.48 10000 55885 
8990.4 10000 55885 
8989.09 10000 55885 
8987.32 10000 55885 
8985.94 10000 55885 
8984.67 10000 55885 
8983.76 10000 55885 
8982.58 10000 55885 
8981.47 10000 55885 
8980 10000 55885 
8978.37 10000 55885 
8977.1 10000 55885 
8975.86 10000 55885 
8974.15 10000 55885 
8972.86 10000 55885 
8971.91 10000 55885 
8970.22 10000 55885 
8968.72 10000 55885 
8967.62 10000 55885 
8966.45 10000 55885 
8965.26 10000 55885 
8963.78 10000 55885 
8962.69 10000 55885 
8961.47 10000 55885 
8960.49 10000 55885 
8959.71 10000 55885 
8959.23 10000 55885 
8958.42 10000 55885 
8957.41 10000 55885 
8956.44 10000 55885 
8955.37 10000 55885 
8954.14 10000 55885 
8953.09 10000 55885 
8952.01 10000 55885 
8950.88 10000 55885 
8949.9 10000 55885 
8948.54 10000 55885 
8947 10000 55885 
8945.58 10000 55885 
8944.44 10000 55885 
8943.5 10000 55885 
8942.22 10000 55885 
8940.77 10000 55885 
8939.65 10000 55885 
8938.52 10000 55885 
8937.2 10000 55885 
8936 10000 55885 
8934.81 10000 55885 
8933.47 10000 55885 
8932.36 10000 55885 
8931.03 10000 55885 
8929.91 10000 55885 
8928.82 10000 55885 
8927.62 10000 55885 
8926.33 10000 55885 
8925.26 10000 55885 
8924.26 10000 55885 
8923.2 10000 55885 
8922.21 10000 55885 
8921.4 10000 55885 
8920.71 10000 55885 
8919.9 10000 55885 
8918.95 10000 55885 
8918 10000 55885 
8917.04 10000 55885 
8916.02 10000 55885 
8914.97 10000 55885 
8914.03 10000 55885 
8913.13 10000 55885 
8912.5 10000 55885 
8911.79 10000 55885 
8910.71 10000 55885 
8909.69 10000 55885 
8908.52 10000 55885 
8906.94 10000 55885 
8905.54 10000 55885 
8904.11 10000 55885 
8902.95 10000 55885 
8901.84 10000 55885 
8900.75 10000 55885 
8899.7 10000 55885 
8898.99 10000 55885 
8898.06 10000 55885 
8897.16 10000 55885 
8896.06 10000 55885 
8895.21 10000 55885 
8894.57 10000 55885 
8893.93 10000 55885 
8893.1 10000 55885 
8892.27 10000 55885 
8891.48 10000 55885 
8890.62 10000 55885 
8889.28 10000 55885 
8887.98 10000 55885 
8887 10000 55885 
8886.19 10000 55885 
8885.37 10000 55885 
8884.1 10000 55885 
8883.18 10000 55885 
8882.35 10000 55885 
8881 10000 55885 
8880.09 10000 55885 
8878.91 10000 55885 
8877.77 10000 55885 
8876.59 10000 55885 
8875.33 10000 55885 
8874.25 10000 55885 
8873.28 10000 55885 
8872.04 10000 55885 
8871.13 10000 55885 
8870.04 10000 55885 
8868.86 10000 55885 
8867.56 10000 55885 
8865.99 10000 55885 
8865 10000 55885 
8863.96 10000 55885 
8862.73 10000 55885 
8861.63 10000 55885 
8860.42 10000 55885 
8859.41 10000 55885 
8858.18 10000 55885 
8856.85 10000 55885 
8855.92 10000 55885 
8854.84 10000 55885 
8854.2 10000 55885 
8853.13 10000 55885 
8851.71 10000 55885 
8850.85 10000 55885 
8849.65 10000 55885 
8848.69 10000 55885 
8847.46 10000 55885 
8846.54 10000 55885 
8845.85 10000 55885 
8845.05 10000 55885 
8844.08 10000 55885 
8843.16 10000 55885 
8842.05 10000 55885 
8841.2 10000 55885 
8840.54 10000 55885 
8839.49 10000 55885 
8838.94 10000 55885 
8838 10000 55885 
8836.99 10000 55885 
8836.51 10000 55885 
8836.08 10000 55885 
8835.61 10000 55885 
8835.18 10000 55885 
8834.85 10000 55885 
8834.41 10000 55885 
8834.27 10000 55885 
8833.32 10000 55885 
8832.76 10000 55885 
8832.28 10000 55885 
8831.64 10000 55885 
8830.98 10000 55885 
8830.54 10000 55885 
8829.93 10000 55885 
8829.05 10000 55885 
8828.3 10000 55885 
8827.56 10000 55885 
8826.44 10000 55885 
8825.35 10000 55885 
8824.48 10000 55885 
8823.51 10000 55885 
8822.62 10000 55885 
8821.76 10000 55885 
8820.61 10000 55885 
8819.74 10000 55885 
8819.1 10000 55885 
8818.2 10000 55885 
8817.44 10000 55885 
8816.69 10000 55885 
8815.86 10000 55885 
8815.22 10000 55885 
8814.64 10000 55885 
8813.56 10000 55885 
8813 10000 55885 
8812.41 10000 55885 
8812.01 10000 55885 
8811.46 10000 55885 
8810.99 10000 55885 
8810.26 10000 55885 
8809.46 10000 55885 
8808.53 10000 55885 
8807.57 10000 55885 
8806.71 10000 55885 
8805.94 10000 55885 
8805.06 10000 55885 
8804.12 10000 55885 
8803.49 10000 55885 
8802.72 10000 55885 
8802.14 10000 55885 
8801.89 10000 55885 
8801.26 10000 55885 
8800.65 10000 55885 
8800.33 10000 55885 
8799.93 10000 55885 
8799.03 10000 55885 
8798.01 10000 55885 
8797.7 10000 55885 
8797.67 10000 55885 
8797.1 10000 55885 
8796.31 10000 55885 
8795.74 10000 55885 
8795.03 10000 55885 
8793.9 10000 55885 
8792.86 10000 55885 
8792.21 10000 55885 
8790.6 10000 55885 
8789.9 10000 55869 
8778.51 10000 55853 
8680.77 10000 55378 
7894.27 10000 54889 
5786.79 10000 54401 
3812.6 10000 53912 
2396.27 10000 53423 
1291.51 10000 52934 
485.42 10000 52445 
87.59 10000 51956 
21.07 10000 51467 
19.8 10000 50978 
19.25 10000 50489 
18.7 10000 50000 
18.47 10000 49511 
18.13 10000 49022 
17.54 10000 48533 
17.23 10000 48043 
16.98 10000 47554 
16.88 10000 47065 
16.51 10000 46576 
15.71 10000 46087 
15.23 10000 45598 
15.08 10000 45109 
14.54 10000 44620 
13.98 10000 44131 
13.97 10000 43642 
13.77 10000 43154 
13.43 10000 42664 
12.93 10000 42175 
12.92 10000 41686 
12.6 10000 41197 
12.04 10000 40708 
11.71 10000 40219 
11.48 10000 39730 
11.25 10000 39241 
10.8 10000 38753 
10.44 10000 38263 
10.29 10000 37774 
9.85 10000 37286 
9.51 10000 36796 
9.19 10000 36307 
8.87 10000 35818 
8.81 10000 35329 
8.37 10000 34840 
7.92 10000 34351 
7.83 10000 33862 
7.62 10000 33373 
7.24 10000 32884 
6.87 10000 32394 
6.32 10000 31905 
5.98 10000 31416 
5.9 10000 30927 
5.41 10000 30438 
5.05 10000 29949 
5.08 10000 29460 
4.92 10000 28970 
4.52 10000 28481 
4.41 10000 27992 
4.17 10000 27503 
3.93 10000 27014 
3.35 10000 26525 
3.07 10000 26036 
2.78 10000 25546 
2.55 10000 25057 
2.38 10000 24568 
2.18 10000 24079 
2.95 10000 23590 
4.4 10000 23101 
5.3 10000 22612 
5.36 10000 22123 
5.27 10000 21633 
5.51 10000 21144 
5.78 10000 20655 
5.76 10000 20167 
5.48 10000 19678 
5.41 10000 19189 
5.59 10000 18699 
5.26 10000 18210 
5.19 10000 17721 
5.07 10000 17232 
5.38 10000 16743 
5.48 10000 16254 
5.47 10000 15765 
5.53 10000 15275 
5.39 10000 14786 
5.44 10000 14297 
5.51 10000 13808 
5.37 10000 13319 
5.53 10000 12830 
5.28 10000 12341 
5.31 10000 11851 
5.23 10000 11362 
5.61 10000 10873 
5.87 10000 10384 
5.53 10000 9895 
5.3 10000 9406 
5.05 10000 8917 
5.56 10000 7938 
5.61 10000 7449 
5.29 10000 7434 
5.23 10000 7434 
5.2 10000 7434 
5.03 10000 7434 
5.08 10000 7434 
4.93 10000 7434 
5.11 10000 7434 
5.11 10000 7434 
4.88 10000 7434 
5.03 10000 7434 
4.94 10000 7434 
4.84 10000 7434 
4.84 10000 7434 
4.95 10000 7434 
5.08 10000 7434 
4.9 10000 7434 
4.94 10000 7434 
4.75 10000 7434 
4.97 10000 7434 
4.86 10000 7434 
4.89 10000 7434 
4.7 10000 7434 
4.74 10000 7434 
4.74 10000 7434 
4.63 10000 7434 
4.46 10000 7434 
4.66 10000 7434 
4.67 10000 7434 
4.73 10000 7434 
4.74 10000 7434 
4.63 10000 7434 
4.3 10000 7434 
4.48 10000 7434 
4.75 10000 7434 
4.75 10000 7434 
4.81 10000 7434 
4.83 10000 7434 
4.5 10000 7434 
4.25 10000 7434 
4.38 10000 7434 
4.64 10000 7434 
4.69 10000 7434 
4.88 10000 7434 
4.76 10000 7434 
4.66 10000 7434 
4.61 10000 7434 
4.26 10000 7434 
4.36 10000 7434 
4.33 10000 7434 
4.4 10000 7434 
4.38 10000 7434 
4.37 10000 7434 
4.48 10000 7434 
4.42 10000 7434 
4.29 10000 7434 
4.19 10000 7434 
4.33 10000 7434 
4.33 10000 7434 
4.29 10000 7434 
4.08 10000 7434 
3.97 10000 7434 
4.23 10000 7434 
4.27 10000 7434 
4.19 10000 7434 
4.3 10000 7434 
4.22 10000 7434 
4.29 10000 7434 
4.38 10000 7434 
4.07 10000 7434 
4.09 10000 7434 
4.2 10000 7434 
4.01 10000 7434 
4.04 10000 7434 
4.17 10000 7434 
4.25 10000 7434 
4.37 10000 7434 
4.31 10000 7434 
4.4 10000 7434 
4.36 10000 7434 
4.17 10000 7434 
4.23 10000 7434 
4.49 10000 7434 
4.47 10000 7434 
4.56 10000 7434 
4.6 10000 7434 
4.55 10000 7434 
4.14 10000 7434 
4.17 10000 7434 
4.14 10000 7434 
4.12 10000 7434 
4.12 10000 7434 
4.09 10000 7434 
4.25 10000 7434 
4.11 10000 7434 
4.26 10000 7434 
4.41 10000 7434 
4.2 10000 7434 
4.09 10000 7434 
4.34 10000 7434 
4.2 10000 7434 
4.13 10000 7434 
3.96 10000 7434 
3.98 10000 7434 
4.07 10000 7434 
4.33 10000 7434 
4.48 10000 7434 
4.41 10000 7434 
4.29 10000 7434 
4.1 10000 7434 
4.1 10000 7434 
4 10000 7434 
4.17 10000 7434 
4.1 10000 7434 
4.18 10000 7434 
4.27 10000 7434 
4.28 10000 7434 
4.32 10000 7434 
4.49 10000 7434 
4.6 10000 7434 
4.43 10000 7434 
4.47 10000 7434 
4.42 10000 7434 
4.37 10000 7434 
4.62 10000 7434 
4.47 10000 7434 
4.3 10000 7434 
4.24 10000 7434 
4.26 10000 7434 
4.23 10000 7434 
4.28 10000 7434 
3.94 10000 7434 
3.68 10000 7434 
4.1 10000 7434 
4.41 10000 7434 
4.54 10000 7434 
4.36 10000 7434 
4.49 10000 7434 
4.52 10000 7434 
4.56 10000 7434 
4.43 10000 7434 
4.13 10000 7434 
4.03 10000 7434 
3.75 10000 7434 
3.83 10000 7434 
3.93 10000 7434 
3.86 10000 7434 
4 10000 7434 
4.21 10000 7434 
4.38 10000 7434 
4.57 10000 7434 
4.6 10000 7434 
4.89 10000 7434 
4.7 10000 7434 
4.39 10000 7434 
4.32 10000 7434 
4.39 10000 7434 
4.74 10000 7434 
5.03 10000 7434 
4.6 10000 7434 
4.41 10000 7434 
4.44 10000 7434 
4.4 10000 7434 
4.7 10000 7434 
4.71 10000 7434 
4.47 10000 7434 
4.46 10000 7434 
4.52 10000 7434 
4.38 10000 7434 
4.62 10000 7434 
4.77 10000 7434 
4.92 10000 7434 
4.95 10000 7434 
4.84 10000 7434 
4.71 10000 7434 
4.54 10000 7434 
4.41 10000 7434 
4.24 10000 7434 
4.51 10000 7434 
4.73 10000 7434 
4.62 10000 7434 
4.62 10000 7434 
4.62 10000 7434 
4.49 10000 7434 
4.55 10000 7434 
4.56 10000 7434 
4.45 10000 7434 
4.35 10000 7434 
4.41 10000 7434 
4.3 10000 7434 
4.03 10000 7434 
4.29 10000 7434 
4.25 10000 7434 
4.13 10000 7434 
4.24 10000 7434 
4.27 10000 7434 
4.29 10000 7434 
4.02 10000 7434 
4.14 10000 7434 
4.29 10000 7434 
4.24 10000 7434 
4.11 10000 7434 
4.25 10000 7434 
4.51 10000 7434 
4.23 10000 7434 
3.82 10000 7434 
3.95 10000 7434 
4.11 10000 7434 
3.87 10000 7434 
3.74 10000 7434 
4.09 10000 7434 
4.11 10000 7434 
4.31 10000 7434 
4.52 10000 7434 
4.59 10000 7434 
4.68 10000 7434 
4.92 10000 7434 
4.82 10000 7434 
4.57 10000 7434 
4.67 10000 7434 
4.89 10000 7434 
4.6 10000 7434 
4.34 10000 7434 
4.25 10000 7434 
4.47 10000 7434 
4.7 10000 7434 
4.63 10000 7434 
4.52 10000 7434 
4.53 10000 7434 
4.59 10000 7434 
4.39 10000 7434 
4.37 10000 7434 
4.74 10000 7434 
4.53 10000 7434 
4.23 10000 7434 
4.34 10000 7434 
4.06 10000 7434 
4.2 10000 7434 
4.26 10000 7434 
4.28 10000 7434 
4.23 10000 7434 
4.39 10000 7434 
4.45 10000 7434 
4.25 10000 7434 
4.3 10000 7434 
4.22 10000 7434 
4.09 10000 7434 
4.02 10000 7434 
4.01 10000 7434 
4.05 10000 7434 
4.06 10000 7434 
4.19 10000 7434 
3.87 10000 7434 
4.11 10000 7434 
4.32 10000 7434 
4.22 10000 7434 
4.15 10000 7434 
4.07 10000 7434 
4.28 10000 7434 
3.99 10000 7434 
4.01 10000 7434 
4.24 10000 7434 
4.29 10000 7434 
4.26 10000 7434 
3.96 10000 7434 
4.13 10000 7434 
4.39 10000 7434 
4.42 10000 7434 
4.35 10000 7434 
4.37 10000 7434 
4.56 10000 7434 
4.26 10000 7434 
4.15 10000 7434 
4.24 10000 7434 
4.46 10000 7434 
4.4 10000 7434 
4.35 10000 7434 
4.52 10000 7434 
4.45 10000 7434 
4.09 10000 7434 
4.3 10000 7434 
4.49 10000 7434 
4.34 10000 7434 
4.25 10000 7434 
4.27 10000 7434 
4.22 10000 7434 
4.15 10000 7434 
3.79 10000 7434 
3.83 10000 7434 
4.07 10000 7434 
4.2 10000 7434 
4.25 10000 7434 
4.1 10000 7434 
3.91 10000 7434 
4.02 10000 7434 
4.02 10000 7434 
4.19 10000 7434 
4.21 10000 7434 
4.09 10000 7434 
4.01 10000 7434 
4.04 10000 7434 
3.65 10000 7434 
3.66 10000 7434 
3.66 10000 7434 
3.67 10000 7434 
3.91 10000 7434 
3.93 10000 7434 
3.94 10000 7434 
3.95 10000 7434 
4 10000 7434 
3.77 10000 7434 
3.67 10000 7434 
3.7 10000 7434 
3.81 10000 7434 
3.94 10000 7434 
3.84 10000 7434 
3.71 10000 7434 
3.6 10000 7434 
3.7 10000 7434 
3.81 10000 7434 
3.7 10000 7434 
3.87 10000 7434 
3.85 10000 7434 
3.88 10000 7434 
3.73 10000 7434 
3.66 10000 7434 
3.53 10000 7434 
3.68 10000 7434 
3.9 10000 7434 
3.92 10000 7434 
3.78 10000 7434 
3.83 10000 7434 
3.67 10000 7434 
3.53 10000 7434 
3.56 10000 7434 
3.93 10000 7434 
3.6 10000 7434 
3.43 10000 7434 
3.58 10000 7434 
3.4 10000 7434 
3.46 10000 7434 
3.39 10000 7434 
3.41 10000 7434 
3.53 10000 7434 
3.69 10000 7434 
3.83 10000 7434 
3.88 10000 7434 
3.71 10000 7434 
3.65 10000 7434 
3.53 10000 7434 
3.59 10000 7434 
3.66 10000 7434 
3.63 10000 7434 
3.63 10000 7434 
3.66 10000 7434 
3.57 10000 7434 
3.67 10000 7434 
3.8 10000 7434 
3.62 10000 7434 
3.47 10000 7434 
3.43 10000 7434 
3.6 10000 7434 
3.53 10000 7434 
3.52 10000 7434 
3.64 10000 7434 
3.57 10000 7434 
3.5 10000 7434 
3.62 10000 7434 
3.56 10000 7434 
3.77 10000 7434 
3.87 10000 7434 
3.76 10000 7434 
3.91 10000 7434 
3.72 10000 7434 
3.47 10000 7434 
3.68 10000 7434 
3.86 10000 7434 
3.86 10000 7434 
3.78 10000 7434 
3.69 10000 7434 
3.65 10000 7434 
3.57 10000 7434 
3.57 10000 7434 
3.81 10000 7434 
3.86 10000 7434 
3.95 10000 7434 
3.99 10000 7434 
3.94 10000 7434 
7.05 10000 7434 
14.8 10000 7434 
9.12 10000 7434 
4.41 10000 7434 
3.72 10000 7434 
3.68 10000 7434 
3.82 10000 7434 
3.72 10000 7434 
3.6 10000 7434 
3.74 10000 7434 
3.89 10000 7434 
3.8 10000 7434 
3.8 10000 7434 
3.63 10000 7434 
3.58 10000 7434 
3.6 10000 7434 
3.84 10000 7434 
3.78 10000 7434 
3.65 10000 7434 
3.73 10000 7434 
3.92 10000 7434 
4.33 10000 7434 
4.3 10000 7434 
3.89 10000 7434 
3.77 10000 7434 
3.71 10000 7434 
3.69 10000 7434 
3.64 10000 7434 
3.69 10000 7434 
3.77 10000 7434 
3.73 10000 7434 
3.83 10000 7434 
4.25 10000 7434 
4.18 10000 7434 
4.01 10000 7434 
3.8 10000 7434 
3.9 10000 7434 
4.16 10000 7434 
3.95 10000 7434 
3.79 10000 7434 
3.86 10000 7434 
3.62 10000 7434 
3.73 10000 7434 
4.03 10000 7434 
3.84 10000 7434 
3.73 10000 7434 
3.9 10000 7434 
3.67 10000 7434 
3.49 10000 7434 
3.66 10000 7434 
3.83 10000 7434 
3.7 10000 7434 
3.75 10000 7434 
4.33 10000 7434 
4.61 10000 7434 
3.76 10000 7434 
3.44 10000 7434 
3.18 10000 7434 
3.55 10000 7434 
3.82 10000 7434 
3.91 10000 7434 
4.18 10000 7434 
4.32 10000 7434 
4.45 10000 7434 
4.38 10000 7434 
4.21 10000 7434 
4.02 10000 7434 
3.89 10000 7434 
3.99 10000 7434 
4.11 10000 7434 
4.13 10000 7434 
4.28 10000 7434 
4.13 10000 7434 
3.97 10000 7434 
3.99 10000 7434 
3.97 10000 7434 
4.01 10000 7434 
3.8 10000 7434 
3.83 10000 7434 
3.91 10000 7434 
3.79 10000 7434 
3.81 10000 7434 
3.81 10000 7434 
3.98 10000 7434 
4.37 10000 7434 
4.54 10000 7434 
4.43 10000 7434 
4.08 10000 7434 
3.82 10000 7434 
4.12 10000 7434 
4.13 10000 7434 
10.05 10000 7434 
13 10000 7434 
5.42 10000 7434 
4.11 10000 7434 
3.91 10000 7434 
3.97 10000 7434 
4.19 10000 7434 
4.29 10000 7434 
4.11 10000 7434 
4.14 10000 7434 
4.09 10000 7434 
3.89 10000 7434 
4.07 10000 7434 
4.23 10000 7434 
4 10000 7434 
4.1 10000 7434 
4.04 10000 7434 
4.16 10000 7434 
4.21 10000 7434 
4.19 10000 7434 
4.32 10000 7434 
4.15 10000 7434 
4.35 10000 7434 
4.1 10000 7434 
4.01 10000 7434 
4.28 10000 7434 
4.19 10000 7434 
4.17 10000 7434 
4.12 10000 7434 
3.87 10000 7434 
4.01 10000 7434 
4.29 10000 7434 
4.32 10000 7434 
4.47 10000 7434 
4.38 10000 7434 
4.15 10000 7434 
4.17 10000 7434 
4.19 10000 7434 
4.32 10000 7434 
4.14 10000 7434 
4.36 10000 7434 
4.34 10000 7434 
4.31 10000 7434 
4.25 10000 7434 
4.52 10000 7434 
4.34 10000 7434 
4.18 10000 7434 
4.38 10000 7434 
4.12 10000 7434 
4.18 10000 7434 
4.21 10000 7434 
4.27 10000 7434 
4.3 10000 7434 
4.3 10000 7434 
4.04 10000 7434 
4.09 10000 7434 
4.26 10000 7434 
4.27 10000 7434 
4.11 10000 7434 
4.14 10000 7434 
4.21 10000 7434 
4.17 10000 7434 
4.28 10000 7434 
4.19 10000 7434 
4.22 10000 7434 
4.5 10000 7434 
4.37 10000 7434 
4.04 10000 7434 
3.86 10000 7434 
3.84 10000 7434 
3.98 10000 7434 
3.95 10000 7434 
4.05 10000 7434 
3.95 10000 7434 
3.93 10000 7434 
3.91 10000 7434 
4.02 10000 7434 
4.23 10000 7434 
4.22 10000 7434 
4.27 10000 7434 
3.78 10000 7434 
3.92 10000 7434 
4.28 10000 7434 
4.21 10000 7434 
3.99 10000 7434 
4.06 10000 7434 
4.08 10000 7434 
4.24 10000 7434 
4.25 10000 7434 
4.18 10000 7434 
4.29 10000 7434 
4.31 10000 7434 
4.52 10000 7434 
4.68 10000 7434 
4.43 10000 7434 
4.42 10000 7434 
4.23 10000 7434 
4.28 10000 7434 
4.31 10000 7434 
4.54 10000 7434 
4.48 10000 7434 
4.23 10000 7434 
4.5 10000 7434 
4.58 10000 7434 
4.59 10000 7434 
4.62 10000 7434 
4.62 10000 7434 
4.73 10000 7434 
4.73 10000 7434 
4.6 10000 7434 
4.75 10000 7434 
4.43 10000 7434 
4.35 10000 7434 
4.42 10000 7434 
4.18 10000 7434 
4.3 10000 7434 
4.31 10000 7434 
4.24 10000 7434 
4.13 10000 7434 
4.19 10000 7434 
4.22 10000 7434 
4.17 10000 7434 
4.42 10000 7434 
4.47 10000 7434 
4.23 10000 7434 
3.98 10000 7434 
3.92 10000 7434 
3.91 10000 7434 
3.68 10000 7434 
3.78 10000 7434 
3.86 10000 7434 
3.75 10000 7434 
3.8 10000 7434 
3.81 10000 7434 
3.7 10000 7434 
3.54 10000 7434 
3.68 10000 7434 
3.73 10000 7434 
3.89 10000 7434 
3.81 10000 7434 
3.71 10000 7434 
3.82 10000 7434 
3.79 10000 7434 
3.98 10000 7434 
3.71 10000 7434 
3.73 10000 7434 
3.81 10000 7434 
3.77 10000 7434 
3.73 10000 7434 
4.02 10000 7434 
4.25 10000 7434 
3.71 10000 7434 
3.6 10000 7434 
3.76 10000 7434 
3.74 10000 7434 
4.08 10000 7434 
3.96 10000 7434 
3.89 10000 7434 
3.74 10000 7434 
3.95 10000 7434 
3.85 10000 7434 
3.79 10000 7434 
3.79 10000 7434 
3.87 10000 7434 
4.09 10000 7434 
4.44 10000 7434 
4.06 10000 7434 
4.05 10000 7434 
4.32 10000 7434 
4.15 10000 7434 
3.8 10000 7434 
3.72 10000 7434 
3.6 10000 7434 
3.44 10000 7434 
3.72 10000 7434 
3.77 10000 7434 
3.4 10000 7434 
3.39 10000 7434 
3.58 10000 7434 
3.66 10000 7434 
3.68 10000 7434 
3.66 10000 7434 
3.55 10000 7434 
3.76 10000 7434 
3.74 10000 7434 
3.86 10000 7434 
3.94 10000 7434 
3.89 10000 7434 
3.53 10000 7434 
3.58 10000 7434 
3.79 10000 7434 
4.03 10000 7434 
3.91 10000 7434 
3.74 10000 7434 
3.94 10000 7434 
3.96 10000 7434 
4 10000 7434 
4.09 10000 7434 
3.93 10000 7434 
3.89 10000 7434 
3.78 10000 7434 
3.98 10000 7434 
3.92 10000 7434 
3.71 10000 7434 
3.71 10000 7434 
3.56 10000 7434 
3.43 10000 7434 
3.7 10000 7434 
4.09 10000 7434 
4.01 10000 7434 
3.8 10000 7434 
3.71 10000 7434 
3.77 10000 7434 
3.91 10000 7434 
3.86 10000 7434 
3.76 10000 7434 
3.8 10000 7434 
3.59 10000 7434 
3.72 10000 7434 
3.66 10000 7434 
3.4 10000 7434 
3.47 10000 7434 
3.38 10000 7434 
3.45 10000 7434 
3.4 10000 7434 
3.5 10000 7434 
3.35 10000 7434 
3.43 10000 7434 
3.44 10000 7434 
3.5 10000 7434 
3.45 10000 7434 
3.56 10000 7434 
3.55 10000 7434 
3.28 10000 7434 
3.23 10000 7434 
2.97 10000 7434 
3.08 10000 7434 
3.14 10000 7434 
3.33 10000 7434 
3.51 10000 7434 
3.93 10000 7434 
4.06 10000 7434 
4.2 10000 7434 
4.14 10000 7434 
4 10000 7434 
4 10000 7434 
4.05 10000 7434 
4.12 10000 7434 
4.21 10000 7434 
4.03 10000 7434 
3.64 10000 7434 
3.51 10000 7434 
3.67 10000 7434 
3.51 10000 7434 
3.49 10000 7434 
3.4 10000 7434 
3.39 10000 7434 
3.28 10000 7434 
3.55 10000 7434 
3.68 10000 7434 
3.82 10000 7434 
3.66 10000 7434 
3.73 10000 7434 
3.82 10000 7434 
3.67 10000 7434 
3.57 10000 7434 
3.79 10000 7434 
3.8 10000 7434 
3.8 10000 7434 
3.93 10000 7434 
3.93 10000 7434 
3.92 10000 7434 
3.89 10000 7434 
3.67 10000 7434 
3.48 10000 7434 
3.26 10000 7434 
3.38 10000 7434 
3.47 10000 7434 
3.6 10000 7434 
3.43 10000 7434 
3.21 10000 7434 
3.09 10000 7434 
3.34 10000 7434 
3.3 10000 7434 
3.45 10000 7434 
3.59 10000 7434 
3.39 10000 7434 
3.22 10000 7434 
3.25 10000 7434 
2.97 10000 7434 
2.81 10000 7434 
3.34 10000 7434 
3.14 10000 7434 
2.89 10000 7434 
2.63 10000 7434 
2.22 10000 7434 
1.99 10000 7434 
2.21 10000 7434 
2.39 10000 7434 
2.55 10000 7434 
2.59 10000 7434 
2.31 10000 7434 
2.47 10000 7434 
2.88 10000 7434 
3.23 10000 7434 
3.38 10000 7434 
3.63 10000 7434 
3.44 10000 7434 
3.55 10000 7434 
3.66 10000 7434 
3.68 10000 7434 
3.65 10000 7434 
3.48 10000 7434 
3.61 10000 7434 
3.69 10000 7434 
3.58 10000 7434 
3.44 10000 7434 
3.38 10000 7434 
3.43 10000 7434 
3.39 10000 7434 
3.39 10000 7434 
3.15 10000 7434 
3.14 10000 7434 
3.34 10000 7434 
3.22 10000 7434 
3.24 10000 7434 
3.36 10000 7434 
3.31 10000 7434 
3.44 10000 7434 
3.28 10000 7434 
3.15 10000 7434 
3.32 10000 7434 
3.21 10000 7434 
3.04 10000 7434 
2.63 10000 7434 
2.68 10000 7434 
2.95 10000 7434 
2.95 10000 7434 
2.87 10000 7434 
2.62 10000 7434 
2.78 10000 7434 
2.85 10000 7434 
2.8 10000 7434 
2.67 10000 7434 
2.58 10000 7434 
2.55 10000 7434 
2.43 10000 7434 
2.33 10000 7434 
2.38 10000 7434 
2.51 10000 7434 
2.55 10000 7434 
2.39 10000 7434 
2.64 10000 7434 
2.47 10000 7434 
2.37 10000 7434 
2.29 10000 7434 
2.38 10000 7434 
2.43 10000 7434 
2.27 10000 7434 
2.34 10000 7434 
2.57 10000 7434 
2.49 10000 7434 
2.26 10000 7434 
2.12 10000 7434 
2.17 10000 7434 
2.02 10000 7434 
1.93 10000 7434 
2.17 10000 7434 
2.33 10000 7434 
2.24 10000 7434 
2.17 10000 7434 
2.16 10000 7434 
2.13 10000 7434 
2.6 10000 7434 
2.68 10000 7434 
2.56 10000 7434 
2.57 10000 7434 
2.58 10000 7434 
2.8 10000 7434 
2.89 10000 7434 
2.81 10000 7434 
2.48 10000 7434 
2.38 10000 7434 
2.43 10000 7434 
2.58 10000 7434 
2.85 10000 7434 
2.9 10000 7434 
2.57 10000 7434 
2.33 10000 7434 
2.51 10000 7434 
2.5 10000 7434 
2.35 10000 7434 
2.54 10000 7434 
2.32 10000 7434 
2.26 10000 7434 
2.14 10000 7434 
2.1 10000 7434 
2.11 10000 7434 
2.3 10000 7434 
2.33 10000 7434 
2.25 10000 7434 
2.22 10000 7434 
2.19 10000 7434 
2.09 10000 7434 
2.09 10000 7434 
2.09 10000 7434 
2.13 10000 7434 
2.29 10000 7434 
2.21 10000 7434 
2.12 10000 7434 
2.24 10000 7434 
2.26 10000 7434 
2.05 10000 7434 
2.21 10000 7434 
2.34 10000 7434 
2.46 10000 7434 
