7.91 20000 29875 
7.84 20000 29875 
8 20000 29875 
8.41 20000 29875 
8.21 20000 29875 
7.85 20000 29875 
7.61 20000 29875 
7.8 20000 29875 
7.93 20000 29875 
7.61 20000 29875 
7.92 20000 29875 
8.26 20000 29875 
8.47 20000 29875 
8.33 20000 29875 
8.42 20000 29875 
8.44 20000 29875 
8.14 20000 30034 
8.05 20000 30197 
8.47 20000 30217 
8.68 20000 30233 
8.89 20000 30248 
8.87 20000 30264 
9 20000 30280 
9.16 20000 30296 
8.52 20000 30311 
8.43 20000 30327 
8.57 20000 30343 
8.63 20000 30359 
8.68 20000 30375 
8.6 20000 30390 
8.54 20000 30406 
8.99 20000 30422 
9.24 20000 30438 
9.09 20000 30453 
8.92 20000 30469 
8.91 20000 30485 
8.69 20000 30501 
8.23 20000 30517 
8.28 20000 30532 
8.42 20000 30548 
8.33 20000 30564 
8.42 20000 30580 
8.35 20000 30595 
8.47 20000 30611 
8.4 20000 30627 
8.39 20000 30643 
8.48 20000 30659 
8.62 20000 30674 
8.55 20000 30690 
8.32 20000 30706 
8.39 20000 30722 
8.45 20000 30737 
8.42 20000 30753 
8.23 20000 30769 
8.01 20000 30785 
8.17 20000 30801 
8.38 20000 30816 
8.39 20000 30832 
8.05 20000 30848 
8.13 20000 30864 
8.36 20000 30879 
7.97 20000 30895 
7.92 20000 30911 
8 20000 30927 
8.15 20000 30943 
8.07 20000 30958 
7.95 20000 30974 
7.99 20000 30990 
8.15 20000 31006 
8.09 20000 31021 
7.74 20000 31037 
7.74 20000 31053 
8 20000 31069 
7.99 20000 31085 
7.66 20000 31100 
8.2 20000 31116 
8.4 20000 31132 
8.2 20000 31148 
8.01 20000 31163 
8.17 20000 31179 
8.37 20000 31195 
8.16 20000 31211 
8.13 20000 31227 
8.44 20000 31242 
8.58 20000 31258 
8.31 20000 31274 
7.92 20000 31290 
8.12 20000 31305 
8.24 20000 31321 
8.13 20000 31337 
8.12 20000 31353 
8.14 20000 31369 
8.37 20000 31384 
8.54 20000 31400 
8.82 20000 31416 
9.29 20000 31432 
9.96 20000 31447 
10.56 20000 31463 
10.67 20000 31479 
11.37 20000 31495 
12.61 20000 31511 
13.47 20000 31526 
14.49 20000 31542 
15.48 20000 31558 
16.8 20000 31574 
18.08 20000 31590 
19.49 20000 31605 
21.8 20000 31621 
24.49 20000 31637 
27.51 20000 31653 
30.99 20000 31668 
34.97 20000 31684 
39.42 20000 31700 
44.07 20000 31716 
48.76 20000 31732 
54.26 20000 31747 
60.52 20000 31763 
67.07 20000 31779 
73.24 20000 31795 
80.23 20000 31810 
87.53 20000 31826 
95.55 20000 31842 
103.58 20000 31858 
112.65 20000 31874 
122.9 20000 31889 
133.44 20000 31905 
143.88 20000 31921 
154.65 20000 31937 
165.93 20000 31952 
177.72 20000 31968 
189.18 20000 31984 
200.95 20000 32000 
213.25 20000 32016 
226.03 20000 32031 
238.84 20000 32047 
251.82 20000 32063 
265.22 20000 32079 
278.69 20000 32094 
292.65 20000 32110 
306.46 20000 32126 
319.91 20000 32142 
332.5 20000 32158 
343.57 20000 32173 
341.57 20000 32189 
327.34 20000 32205 
330.58 20000 32221 
345.85 20000 32236 
364.54 20000 32252 
382.89 20000 32268 
399.88 20000 32284 
416.76 20000 32300 
433.94 20000 32315 
451.92 20000 32331 
469.54 20000 32347 
487.06 20000 32363 
504.49 20000 32378 
521.85 20000 32394 
538.66 20000 32410 
555.43 20000 32426 
573 20000 32442 
591.45 20000 32457 
608.46 20000 32473 
623.55 20000 32489 
640.07 20000 32505 
657.57 20000 32520 
674.87 20000 32536 
693.11 20000 32552 
711.03 20000 32568 
729.21 20000 32584 
748.13 20000 32599 
767.46 20000 32615 
786.64 20000 32631 
806.8 20000 32647 
826.15 20000 32662 
845.06 20000 32678 
864.02 20000 32694 
884.16 20000 32710 
904.5 20000 32726 
924.94 20000 32741 
945.11 20000 32757 
966.39 20000 32773 
987.98 20000 32789 
1009.4 20000 32804 
1030.32 20000 32820 
1052.49 20000 32836 
1074.49 20000 32852 
1096.53 20000 32868 
1118.06 20000 32883 
1140.44 20000 32899 
1163.32 20000 32915 
1186.23 20000 32931 
1208.25 20000 32946 
1230.43 20000 32962 
1252.9 20000 32978 
1275.33 20000 32994 
1297.01 20000 33010 
1319.04 20000 33025 
1341.55 20000 33041 
1363.49 20000 33057 
1385.04 20000 33073 
1407.08 20000 33088 
1429.36 20000 33104 
1451.51 20000 33120 
1473.55 20000 33136 
1495.88 20000 33152 
1518.39 20000 33167 
1541.1 20000 33183 
1563.66 20000 33199 
1586.36 20000 33215 
1608.95 20000 33230 
1631.69 20000 33246 
1654.37 20000 33262 
1676.47 20000 33278 
1699.14 20000 33294 
1722 20000 33309 
1744.88 20000 33325 
1767.64 20000 33341 
1791.07 20000 33357 
1814.43 20000 33372 
1837.82 20000 33388 
1861.3 20000 33404 
1885.07 20000 33420 
1908.71 20000 33436 
1932.11 20000 33451 
1955.08 20000 33467 
1978.43 20000 33483 
2001.47 20000 33499 
2024.85 20000 33514 
2047.75 20000 33530 
2071.22 20000 33546 
2094.24 20000 33562 
2117.4 20000 33578 
2140.06 20000 33593 
2162.88 20000 33609 
2185.55 20000 33625 
2208.47 20000 33641 
2231.41 20000 33656 
2254.79 20000 33672 
2277.57 20000 33688 
2299.86 20000 33704 
2322.58 20000 33720 
2345.86 20000 33735 
2368.68 20000 33751 
2391.84 20000 33767 
2414.74 20000 33783 
2439.06 20000 33798 
2463.22 20000 33814 
2487.34 20000 33830 
2511.15 20000 33846 
2535.61 20000 33862 
2559.8 20000 33877 
2583.95 20000 33893 
2607.28 20000 33909 
2631.19 20000 33925 
2654.87 20000 33940 
2678.22 20000 33956 
2700.71 20000 33972 
2723.78 20000 33988 
2746.88 20000 34004 
2770 20000 34019 
2792.8 20000 34035 
2816.49 20000 34051 
2840.32 20000 34067 
2864.03 20000 34082 
2887.12 20000 34098 
2910.88 20000 34114 
2934.93 20000 34130 
2959.12 20000 34146 
2982.8 20000 34161 
3006.96 20000 34177 
3032.69 20000 34193 
3058.9 20000 34209 
3084.36 20000 34224 
3110.29 20000 34240 
3136.91 20000 34256 
3163.22 20000 34272 
3189.48 20000 34288 
3215.59 20000 34303 
3238.49 20000 34319 
3262.09 20000 34335 
3287.23 20000 34351 
3313.01 20000 34366 
3339.94 20000 34382 
3366.05 20000 34398 
3391.7 20000 34414 
3417.43 20000 34430 
3443.71 20000 34445 
3469.85 20000 34461 
3496.19 20000 34477 
3521.83 20000 34493 
3548.48 20000 34508 
3574.66 20000 34524 
3600.68 20000 34540 
3625.9 20000 34556 
3651.92 20000 34572 
3677.03 20000 34587 
3702.37 20000 34603 
3727.16 20000 34619 
3752.75 20000 34635 
3777.83 20000 34650 
3803.36 20000 34666 
3828.12 20000 34682 
3854.18 20000 34698 
3880.18 20000 34713 
3906.36 20000 34729 
3931.31 20000 34745 
3957.26 20000 34761 
3983.07 20000 34777 
4008.99 20000 34792 
4034.39 20000 34808 
4060.6 20000 34824 
4086.58 20000 34840 
4113.35 20000 34855 
4139.02 20000 34871 
4164.35 20000 34887 
4189.19 20000 34903 
4215.27 20000 34919 
4240.13 20000 34934 
4265.05 20000 34950 
4289.31 20000 34966 
4314.24 20000 34982 
4338.06 20000 34997 
4363.08 20000 35013 
4388.21 20000 35029 
4413.03 20000 35045 
4436.78 20000 35061 
4461.74 20000 35076 
4485.99 20000 35092 
4510.62 20000 35108 
4535.45 20000 35124 
4560.85 20000 35139 
4582.82 20000 35155 
4604.43 20000 35171 
4626.48 20000 35187 
4649.37 20000 35203 
4673.75 20000 35218 
4696.68 20000 35234 
4722.07 20000 35250 
4750.04 20000 35266 
4775.13 20000 35281 
4799.17 20000 35297 
4823.54 20000 35313 
4846.9 20000 35329 
4868.58 20000 35345 
4891.27 20000 35360 
4913.66 20000 35376 
4935.22 20000 35392 
4957.43 20000 35408 
4980.14 20000 35424 
5002.24 20000 35439 
5023.59 20000 35455 
5045.27 20000 35471 
5067.54 20000 35487 
5090.31 20000 35502 
5113.04 20000 35518 
5134.88 20000 35534 
5156.17 20000 35550 
5178.05 20000 35566 
5199.28 20000 35581 
5220.64 20000 35597 
5242.03 20000 35613 
5263.34 20000 35629 
5283.59 20000 35644 
5303.77 20000 35660 
5324.23 20000 35676 
5345.5 20000 35692 
5365.91 20000 35707 
5385.84 20000 35723 
5405.79 20000 35739 
5427.19 20000 35755 
5447.91 20000 35771 
5469.31 20000 35786 
5489.49 20000 35802 
5510.78 20000 35818 
5532.07 20000 35834 
5554.53 20000 35849 
5575.91 20000 35865 
5597.64 20000 35881 
5618.72 20000 35897 
5639.82 20000 35913 
5659.67 20000 35928 
5680.41 20000 35944 
5700.06 20000 35960 
5720.1 20000 35976 
5739.21 20000 35991 
5759.14 20000 36007 
5779.02 20000 36023 
5799.51 20000 36039 
5818.77 20000 36055 
5838.56 20000 36070 
5858.14 20000 36086 
5877.9 20000 36102 
5896.67 20000 36118 
5916.38 20000 36133 
5935.12 20000 36149 
5953.89 20000 36165 
5972.43 20000 36181 
5992.14 20000 36197 
6011.06 20000 36212 
6030.51 20000 36228 
6048.86 20000 36244 
6067.82 20000 36260 
6086.38 20000 36275 
6105.08 20000 36291 
6123.8 20000 36307 
6143.1 20000 36323 
6161.42 20000 36339 
6179.58 20000 36354 
6197.57 20000 36370 
6216.45 20000 36386 
6235.84 20000 36402 
6254.94 20000 36417 
6273.22 20000 36433 
6292.25 20000 36449 
6311.29 20000 36465 
6330.3 20000 36481 
6348.26 20000 36496 
6366.77 20000 36512 
6385.46 20000 36528 
6403.4 20000 36544 
6420.93 20000 36560 
6438.5 20000 36575 
6456.24 20000 36591 
6473.64 20000 36607 
6491.29 20000 36623 
6509.02 20000 36638 
6527.23 20000 36654 
6545.37 20000 36670 
6563.59 20000 36686 
6581.28 20000 36702 
6599.26 20000 36717 
6616.31 20000 36733 
6634.14 20000 36749 
6651.34 20000 36765 
6668.79 20000 36780 
6686.12 20000 36796 
6703.98 20000 36812 
6720.41 20000 36828 
6737.07 20000 36844 
6753.89 20000 36859 
6770.64 20000 36875 
6787.14 20000 36891 
6804.07 20000 36907 
6819.38 20000 36922 
6835.45 20000 36938 
6850.75 20000 36954 
6866.92 20000 36970 
6882.39 20000 36986 
6898.57 20000 37001 
6914.75 20000 37017 
6931.83 20000 37033 
6946.98 20000 37049 
6962.57 20000 37064 
6978.19 20000 37080 
6994.62 20000 37096 
7009.86 20000 37112 
7026.31 20000 37128 
7042.31 20000 37143 
7057.53 20000 37159 
7071.01 20000 37175 
7085.41 20000 37191 
7100.43 20000 37206 
7116.45 20000 37222 
7131.42 20000 37238 
7147.2 20000 37254 
7162.98 20000 37269 
7178.9 20000 37285 
7193.47 20000 37301 
7207.97 20000 37317 
7222.27 20000 37333 
7237.84 20000 37348 
7252.4 20000 37364 
7267.42 20000 37380 
7282.36 20000 37396 
7298.73 20000 37411 
7314 20000 37427 
7327.85 20000 37443 
7341.64 20000 37459 
7357.12 20000 37475 
7371.03 20000 37490 
7383.43 20000 37506 
7396.63 20000 37522 
7412.39 20000 37538 
7425.71 20000 37553 
7429.28 20000 37569 
7438.77 20000 37585 
7457.11 20000 37601 
7474.58 20000 37617 
7490.21 20000 37632 
7505.6 20000 37648 
7520.5 20000 37664 
7534.69 20000 37680 
7548.88 20000 37695 
7562.86 20000 37711 
7578.08 20000 37727 
7593.27 20000 37743 
7608.37 20000 37759 
7623.64 20000 37774 
7638.56 20000 37790 
7653.37 20000 37806 
7667.7 20000 37822 
7681.94 20000 37837 
7697.85 20000 37853 
7713.62 20000 37869 
7726.77 20000 37885 
7739.87 20000 37901 
7755.14 20000 37916 
7772.32 20000 37932 
7786.82 20000 37948 
7801.29 20000 37964 
7816.2 20000 37979 
7830.81 20000 37995 
7844.08 20000 38011 
7858.8 20000 38027 
7875.09 20000 38043 
7890.6 20000 38058 
7904.72 20000 38074 
7919.93 20000 38090 
7934.27 20000 38106 
7949.23 20000 38121 
7961.92 20000 38137 
7974.52 20000 38153 
7987.11 20000 38169 
8000.9 20000 38185 
8013.59 20000 38200 
8026.94 20000 38216 
8040.71 20000 38232 
8055.74 20000 38248 
8070.07 20000 38263 
8084.08 20000 38279 
8098.08 20000 38295 
8114 20000 38311 
8128.24 20000 38327 
8141.89 20000 38342 
8156.13 20000 38358 
8172.09 20000 38374 
8186.73 20000 38390 
8200.85 20000 38405 
8213.94 20000 38421 
8228.99 20000 38437 
8243.45 20000 38453 
8257.22 20000 38469 
8270.7 20000 38484 
8285.41 20000 38500 
8298.99 20000 38516 
8311.7 20000 38532 
8323.65 20000 38547 
8337.46 20000 38563 
8351.86 20000 38579 
8365.67 20000 38595 
8379.72 20000 38611 
8395.12 20000 38626 
8409.73 20000 38642 
8423.21 20000 38658 
8435 20000 38674 
8446.99 20000 38689 
8459.79 20000 38705 
8472.88 20000 38721 
8483.89 20000 38737 
8497.12 20000 38753 
8511.76 20000 38768 
8525.74 20000 38784 
8539.34 20000 38800 
8553.1 20000 38816 
8566.2 20000 38831 
8578.4 20000 38847 
8589.81 20000 38863 
8602.59 20000 38879 
8616.59 20000 38895 
8629.95 20000 38910 
8641.94 20000 38926 
8655.02 20000 38942 
8669.22 20000 38958 
8682.55 20000 38973 
8695.06 20000 38989 
8707.14 20000 39005 
8720.89 20000 39021 
8734.32 20000 39037 
8748.06 20000 39052 
8761.29 20000 39068 
8775.17 20000 39084 
8787.57 20000 39100 
8800.55 20000 39116 
8813.64 20000 39131 
8826.89 20000 39147 
8839.06 20000 39163 
8851.87 20000 39179 
8864.67 20000 39194 
8878.85 20000 39210 
8891.47 20000 39226 
8904.21 20000 39242 
8916.81 20000 39258 
8929.07 20000 39273 
8939.43 20000 39289 
8950.44 20000 39305 
8962.44 20000 39321 
8976.76 20000 39336 
8990 20000 39352 
9003.15 20000 39368 
9015.66 20000 39384 
9029.67 20000 39400 
9041.23 20000 39415 
9052.74 20000 39431 
9064.29 20000 39447 
9078.21 20000 39463 
9091.95 20000 39478 
9106.38 20000 39494 
9120.49 20000 39510 
9134.08 20000 39526 
9145.79 20000 39542 
9158.55 20000 39557 
9171.24 20000 39573 
9185.36 20000 39589 
9198.64 20000 39605 
9211.64 20000 39620 
9223.89 20000 39636 
9237.55 20000 39652 
9251.08 20000 39668 
9264.11 20000 39684 
9276.79 20000 39699 
9290.48 20000 39715 
9304.46 20000 39731 
9317.86 20000 39747 
9329.68 20000 39762 
9342.99 20000 39778 
9357.04 20000 39794 
9369.94 20000 39810 
9381.57 20000 39826 
9394.35 20000 39841 
9407.36 20000 39857 
9418.85 20000 39873 
9429.63 20000 39889 
9442.88 20000 39904 
9456.91 20000 39920 
9469.05 20000 39936 
9481.22 20000 39952 
9493.92 20000 39968 
9506.59 20000 39983 
9518.48 20000 39999 
9531.07 20000 40015 
9544.82 20000 40031 
9555.82 20000 40046 
9565.7 20000 40062 
9577.78 20000 40078 
9590.33 20000 40094 
9603.34 20000 40110 
9617.46 20000 40125 
9633.58 20000 40141 
9647.71 20000 40157 
9661.17 20000 40173 
9674 20000 40188 
9686.43 20000 40204 
9698.96 20000 40220 
9711.95 20000 40236 
9724.43 20000 40252 
9739.48 20000 40267 
9751.93 20000 40283 
9763.43 20000 40299 
9775.35 20000 40315 
9788.8 20000 40330 
9802.01 20000 40346 
9815.6 20000 40362 
9827.9 20000 40378 
9840.51 20000 40394 
9852.67 20000 40409 
9866.06 20000 40425 
9878.38 20000 40441 
9891.68 20000 40457 
9905.16 20000 40472 
9919.45 20000 40488 
9931.67 20000 40504 
9942.97 20000 40520 
9954.03 20000 40536 
9968.14 20000 40551 
9978.02 20000 40567 
9990.1 20000 40583 
10004.58 20000 40599 
10020.08 20000 40615 
10033.5 20000 40630 
10047.05 20000 40646 
10060.09 20000 40662 
10074.58 20000 40678 
10087.7 20000 40693 
10099.79 20000 40709 
10111.92 20000 40725 
10126.62 20000 40741 
10140.17 20000 40757 
10154.07 20000 40772 
10169.01 20000 40788 
10183.98 20000 40804 
10197.15 20000 40820 
10210.59 20000 40835 
10224.27 20000 40851 
10239.29 20000 40867 
10253.49 20000 40883 
10266.41 20000 40899 
10279.69 20000 40914 
10293.81 20000 40930 
10307.2 20000 40946 
10320.46 20000 40962 
10334.91 20000 40977 
10351.16 20000 40993 
10366.04 20000 41009 
10378.93 20000 41025 
10393.04 20000 41041 
10409.14 20000 41056 
10425.8 20000 41072 
10441.61 20000 41088 
10457.87 20000 41104 
10475.18 20000 41119 
10492.55 20000 41135 
10508.61 20000 41151 
10524.2 20000 41167 
10539.89 20000 41183 
10556.19 20000 41198 
10570.69 20000 41214 
10585.72 20000 41230 
10601.06 20000 41246 
10617.8 20000 41261 
10633.91 20000 41277 
10650.33 20000 41293 
10666.15 20000 41309 
10683.63 20000 41325 
10698.83 20000 41340 
10713.36 20000 41356 
10729.98 20000 41372 
10747.08 20000 41388 
10761.52 20000 41403 
10778.3 20000 41419 
10795.39 20000 41435 
10813.41 20000 41451 
10829.9 20000 41467 
10847.59 20000 41482 
10865.55 20000 41498 
10884.59 20000 41514 
10901.81 20000 41530 
10918.46 20000 41546 
10934.52 20000 41561 
10953.33 20000 41577 
10970.53 20000 41593 
10987.88 20000 41609 
11006.1 20000 41624 
11025.48 20000 41640 
11042.45 20000 41656 
11059.11 20000 41672 
11076.65 20000 41688 
11096.69 20000 41703 
11114.73 20000 41719 
11131.96 20000 41735 
11148.9 20000 41751 
11168.06 20000 41766 
11186.05 20000 41782 
11202.75 20000 41798 
11218.98 20000 41814 
11237.52 20000 41830 
11255.25 20000 41845 
11272.52 20000 41861 
11290.45 20000 41877 
11310.31 20000 41893 
11328.34 20000 41908 
11346.69 20000 41924 
11365.99 20000 41940 
11386.96 20000 41956 
11406.95 20000 41972 
11425.48 20000 41987 
11443.46 20000 42003 
11463.82 20000 42019 
11483.64 20000 42035 
11502.08 20000 42050 
11520.46 20000 42066 
11540.53 20000 42082 
11559.94 20000 42098 
11579.38 20000 42114 
11599.32 20000 42129 
11620.64 20000 42145 
11642.11 20000 42161 
11663.65 20000 42177 
11684.31 20000 42192 
11704.47 20000 42208 
11724.84 20000 42224 
11745.75 20000 42240 
11767.14 20000 42256 
11787.78 20000 42271 
11807.87 20000 42287 
11828.06 20000 42303 
11849.33 20000 42319 
11870.28 20000 42334 
11891.69 20000 42350 
11912.38 20000 42366 
11933.91 20000 42382 
11955.34 20000 42398 
11977.11 20000 42413 
11997.48 20000 42429 
12018.96 20000 42445 
12041.4 20000 42461 
12065.91 20000 42477 
12088.61 20000 42492 
12111.11 20000 42508 
12131.74 20000 42524 
12150.25 20000 42540 
12167.62 20000 42555 
12186.09 20000 42571 
12203.45 20000 42587 
12223.5 20000 42603 
12243.38 20000 42619 
12264.25 20000 42634 
12286.54 20000 42650 
12310.69 20000 42666 
12332.86 20000 42682 
12356.88 20000 42697 
12382.17 20000 42713 
12408.82 20000 42729 
12432.32 20000 42745 
12454.82 20000 42761 
12475.17 20000 42776 
12497.17 20000 42792 
12519.7 20000 42808 
12542.41 20000 42824 
12563.88 20000 42839 
12587.14 20000 42855 
12610.29 20000 42871 
12633.24 20000 42887 
12654.93 20000 42903 
12678.62 20000 42918 
12702.14 20000 42934 
12724.12 20000 42950 
12746.01 20000 42966 
12770.99 20000 42981 
12794.48 20000 42997 
12815.78 20000 43013 
12836.46 20000 43029 
12859.85 20000 43045 
12883.95 20000 43060 
12908.6 20000 43076 
12931.58 20000 43092 
12950.63 20000 43108 
12970.59 20000 43123 
12993.64 20000 43139 
13016.5 20000 43155 
13040.77 20000 43171 
13066.05 20000 43187 
13090.62 20000 43202 
13114.36 20000 43218 
13139.27 20000 43234 
13164.48 20000 43250 
13189.16 20000 43265 
13212.59 20000 43281 
13235.51 20000 43297 
13258.89 20000 43313 
13283.1 20000 43329 
13309.02 20000 43344 
13332.19 20000 43360 
13353.82 20000 43376 
13375.96 20000 43392 
13400.41 20000 43407 
13423.54 20000 43423 
13445.94 20000 43439 
13468.24 20000 43455 
13491.81 20000 43471 
13515.17 20000 43486 
13539.36 20000 43502 
13563.14 20000 43518 
13588 20000 43534 
13612.2 20000 43549 
13634.86 20000 43565 
13656.24 20000 43581 
13681 20000 43597 
13706.51 20000 43613 
13732.29 20000 43628 
13755.53 20000 43644 
13778.93 20000 43660 
13802.89 20000 43676 
13827.38 20000 43691 
13850.62 20000 43707 
13873.41 20000 43723 
13895.79 20000 43739 
13918.99 20000 43755 
13941.39 20000 43770 
13966.08 20000 43786 
13991.09 20000 43802 
14016.77 20000 43818 
14040.26 20000 43834 
14065.25 20000 43849 
14091.05 20000 43865 
14117.7 20000 43881 
14142.05 20000 43897 
14167.28 20000 43912 
14194.19 20000 43928 
14222.83 20000 43944 
14247 20000 43960 
14271.01 20000 43976 
14294.99 20000 43991 
14321.63 20000 44007 
14347.7 20000 44023 
14373.32 20000 44039 
14398.89 20000 44054 
14425.81 20000 44070 
14451.01 20000 44086 
14476.06 20000 44102 
14500.73 20000 44118 
14526.54 20000 44133 
14550.91 20000 44149 
14574.57 20000 44165 
14598.96 20000 44181 
14626.36 20000 44196 
14652.32 20000 44212 
14676.99 20000 44228 
14702.46 20000 44244 
14730.77 20000 44260 
14757.53 20000 44275 
14782.79 20000 44291 
14807.7 20000 44307 
14834.04 20000 44323 
14860.51 20000 44338 
14886.05 20000 44354 
14911.74 20000 44370 
14939.35 20000 44386 
14967.04 20000 44402 
14992.83 20000 44417 
15018.89 20000 44433 
15046.98 20000 44449 
15075.07 20000 44465 
15101.63 20000 44481 
15129.36 20000 44496 
15159.87 20000 44512 
15189.37 20000 44528 
15217.6 20000 44544 
15245.58 20000 44559 
15273.62 20000 44575 
15302.3 20000 44591 
15328.59 20000 44607 
15354.44 20000 44623 
15382.07 20000 44638 
15411.97 20000 44654 
15441.36 20000 44670 
15472.73 20000 44686 
15505.05 20000 44701 
15537.76 20000 44717 
15567.76 20000 44733 
15597.67 20000 44749 
15628.74 20000 44765 
15661.16 20000 44780 
15691.02 20000 44796 
15721.59 20000 44812 
15752.35 20000 44828 
15784.04 20000 44843 
15813.13 20000 44859 
15844.26 20000 44875 
15876.09 20000 44891 
15909.14 20000 44907 
15940.79 20000 44922 
15972.83 20000 44938 
16004.83 20000 44954 
16038.4 20000 44970 
16069.9 20000 44986 
16101.77 20000 45001 
16132.89 20000 45017 
16163.52 20000 45033 
16192.03 20000 45049 
16222.73 20000 45064 
16253.29 20000 45080 
16284.9 20000 45096 
16317.02 20000 45112 
16351.02 20000 45128 
16383.28 20000 45143 
16415.83 20000 45159 
16449.84 20000 45175 
16486.33 20000 45191 
16519.66 20000 45206 
16552.45 20000 45222 
16585.16 20000 45238 
16619.37 20000 45254 
16652.74 20000 45270 
16687.77 20000 45285 
16723 20000 45301 
16757.62 20000 45317 
16791.13 20000 45333 
16824.81 20000 45348 
16857.4 20000 45364 
16890.57 20000 45380 
16924.07 20000 45396 
16958.59 20000 45412 
16992.51 20000 45427 
17027.02 20000 45443 
17061.86 20000 45459 
17096.75 20000 45475 
17131.8 20000 45490 
17167.26 20000 45506 
17204.89 20000 45522 
17243.35 20000 45538 
17280.99 20000 45554 
17317.79 20000 45569 
17354.57 20000 45585 
17392.72 20000 45601 
17431.08 20000 45617 
17467.94 20000 45632 
17506.85 20000 45648 
17546.21 20000 45664 
17584.13 20000 45680 
17619.07 20000 45696 
17655.18 20000 45711 
17690.54 20000 45727 
17723.04 20000 45743 
17755.44 20000 45759 
17793.01 20000 45775 
17831.51 20000 45790 
17870.77 20000 45806 
17908.83 20000 45822 
17946.2 20000 45838 
17982.23 20000 45853 
18017.22 20000 45869 
18049.98 20000 45885 
18084.5 20000 45901 
18118.17 20000 45917 
18153.93 20000 45932 
18189.54 20000 45948 
18227.57 20000 45964 
18266.19 20000 45980 
18307.57 20000 45995 
18348.51 20000 46011 
18389.59 20000 46027 
18430.39 20000 46043 
18472.94 20000 46059 
18514.71 20000 46074 
18556.23 20000 46090 
18595.26 20000 46106 
18637.93 20000 46122 
18681.04 20000 46137 
18720.7 20000 46153 
18758.28 20000 46169 
18795.82 20000 46185 
18830.88 20000 46201 
18868.2 20000 46216 
18904.33 20000 46232 
18939.3 20000 46248 
18974.71 20000 46264 
19015.21 20000 46280 
19054.43 20000 46295 
19092.88 20000 46311 
19126.79 20000 46327 
19158.08 20000 46343 
19190.34 20000 46358 
19224.99 20000 46374 
19256.81 20000 46390 
19287.69 20000 46406 
19322.76 20000 46422 
19359.64 20000 46437 
19396.35 20000 46453 
19435.31 20000 46469 
19474.3 20000 46485 
19512.67 20000 46500 
19550.3 20000 46516 
19588.09 20000 46532 
19624.6 20000 46548 
19663.18 20000 46564 
19701.94 20000 46579 
19738.04 20000 46595 
19771.71 20000 46611 
19805.99 20000 46627 
19841.14 20000 46642 
19875.35 20000 46658 
19909.19 20000 46674 
19944.45 20000 46690 
19981.33 20000 46706 
20017.87 20000 46721 
20056.23 20000 46737 
20093.68 20000 46737 
20106.95 20000 46737 
20054.44 20000 46737 
19986.37 20000 46737 
19927.3 20000 46737 
19874.38 20000 46737 
19825.94 20000 46737 
19780.86 20000 46737 
19738.87 20000 46737 
19700.3 20000 46737 
19663.53 20000 46737 
19627.93 20000 46737 
19593.5 20000 46737 
19560.28 20000 46737 
19528.32 20000 46737 
19497.19 20000 46737 
19466.53 20000 46737 
19436.93 20000 46737 
19408.54 20000 46737 
19380.69 20000 46737 
19353.6 20000 46737 
19327.63 20000 46737 
19301.91 20000 46737 
19277.24 20000 46737 
19253.67 20000 46737 
19230.64 20000 46737 
19208.29 20000 46737 
19186.36 20000 46737 
19164.17 20000 46737 
19142.15 20000 46737 
19120.37 20000 46737 
19099.81 20000 46737 
19079.63 20000 46737 
19059.09 20000 46737 
19039.07 20000 46737 
19019.62 20000 46737 
19000.42 20000 46737 
18981.75 20000 46737 
18963.45 20000 46737 
18945.61 20000 46737 
18927.6 20000 46737 
18909.53 20000 46737 
18891.8 20000 46737 
18875.17 20000 46737 
18859.66 20000 46737 
18843.9 20000 46737 
18827.48 20000 46737 
18811.25 20000 46737 
18794.88 20000 46737 
18778.61 20000 46737 
18762.79 20000 46737 
18747.37 20000 46737 
18732.48 20000 46737 
18717.54 20000 46737 
18702.35 20000 46737 
18687.21 20000 46737 
18672.59 20000 46737 
18657.92 20000 46737 
18643.14 20000 46737 
18628.4 20000 46737 
18613.92 20000 46737 
18599.82 20000 46737 
18585.9 20000 46737 
18572.16 20000 46737 
18558.81 20000 46737 
18545.43 20000 46737 
18532.03 20000 46737 
18519.06 20000 46737 
18506.13 20000 46737 
18493.22 20000 46737 
18480.08 20000 46737 
18467.02 20000 46737 
18454.53 20000 46737 
18442.24 20000 46737 
18430.25 20000 46737 
18418.89 20000 46737 
18407.44 20000 46737 
18395.53 20000 46737 
18383.52 20000 46737 
18371.88 20000 46737 
18360.46 20000 46737 
18348.83 20000 46737 
18337.16 20000 46737 
18325.23 20000 46737 
18313.48 20000 46737 
18301.87 20000 46737 
18290.41 20000 46737 
18278.87 20000 46737 
18267.35 20000 46737 
18255.59 20000 46737 
18244.34 20000 46737 
18233.61 20000 46737 
18222.91 20000 46737 
18211.72 20000 46737 
18201.17 20000 46737 
18190.87 20000 46737 
18180.41 20000 46737 
18170.11 20000 46737 
18159.64 20000 46737 
18149.31 20000 46737 
18138.75 20000 46737 
18128.25 20000 46737 
18118.42 20000 46737 
18108.47 20000 46737 
18098.28 20000 46737 
18088.36 20000 46737 
18078.64 20000 46737 
18068.92 20000 46737 
18059.3 20000 46737 
18049.74 20000 46737 
18040.4 20000 46737 
18030.97 20000 46737 
18021.5 20000 46737 
