5.52 20000 30602 
5.36 20000 30602 
5.29 20000 30602 
5.32 20000 30602 
5.4 20000 30602 
5.65 20000 30602 
5.68 20000 30602 
5.54 20000 30602 
5.56 20000 30602 
5.45 20000 30602 
5.38 20000 30602 
5.35 20000 30602 
5.41 20000 30602 
5.62 20000 30761 
5.56 20000 30924 
5.54 20000 30944 
5.62 20000 30960 
5.52 20000 30975 
5.64 20000 30991 
5.5 20000 31007 
5.64 20000 31023 
5.71 20000 31039 
5.76 20000 31054 
5.77 20000 31070 
5.7 20000 31086 
5.45 20000 31102 
5.54 20000 31118 
5.79 20000 31133 
5.73 20000 31149 
5.58 20000 31165 
5.54 20000 31181 
5.53 20000 31196 
5.4 20000 31212 
5.29 20000 31228 
5.52 20000 31244 
5.65 20000 31260 
5.68 20000 31275 
5.42 20000 31291 
5.63 20000 31307 
5.71 20000 31323 
5.68 20000 31339 
5.58 20000 31354 
5.5 20000 31370 
5.48 20000 31386 
5.13 20000 31402 
4.98 20000 31418 
5.35 20000 31433 
5.44 20000 31449 
5.38 20000 31465 
4.98 20000 31481 
4.84 20000 31496 
5.32 20000 31512 
6.05 20000 31528 
6.56 20000 31544 
7.7 20000 31560 
8.9 20000 31575 
10.26 20000 31591 
11.97 20000 31607 
14.19 20000 31623 
16.6 20000 31639 
19.1 20000 31654 
21.55 20000 31670 
24.77 20000 31686 
28.52 20000 31702 
33.01 20000 31718 
37.48 20000 31733 
42.57 20000 31749 
47.72 20000 31765 
53.31 20000 31781 
59.28 20000 31796 
66.45 20000 31812 
73.72 20000 31828 
81.03 20000 31844 
88.65 20000 31860 
97.04 20000 31875 
105.54 20000 31891 
114.48 20000 31907 
123.5 20000 31923 
133.25 20000 31939 
143.28 20000 31954 
153.29 20000 31970 
162.86 20000 31986 
172.76 20000 32002 
183.15 20000 32018 
193.94 20000 32033 
204.46 20000 32049 
215.06 20000 32065 
225.89 20000 32081 
236.36 20000 32096 
246.17 20000 32112 
256.65 20000 32128 
267.18 20000 32144 
277.34 20000 32160 
286.89 20000 32175 
296.94 20000 32191 
308.05 20000 32207 
319.9 20000 32223 
332 20000 32239 
343.73 20000 32254 
355.5 20000 32270 
366.67 20000 32286 
375.01 20000 32302 
363.26 20000 32317 
354.47 20000 32333 
364.27 20000 32349 
375.62 20000 32365 
389.63 20000 32381 
405.05 20000 32396 
419.61 20000 32412 
433.06 20000 32428 
445.89 20000 32444 
458.98 20000 32460 
471.29 20000 32475 
483.09 20000 32491 
495.27 20000 32507 
507.86 20000 32523 
520.04 20000 32539 
532.04 20000 32554 
543.72 20000 32570 
555.85 20000 32586 
567.78 20000 32602 
579.52 20000 32617 
590.96 20000 32633 
602.7 20000 32649 
614.45 20000 32665 
625.86 20000 32681 
637.08 20000 32696 
649.19 20000 32712 
661.19 20000 32728 
672.93 20000 32744 
684.27 20000 32760 
696.47 20000 32775 
708.75 20000 32791 
720.61 20000 32807 
731.69 20000 32823 
743.38 20000 32839 
755.01 20000 32854 
766.45 20000 32870 
777.4 20000 32886 
789.02 20000 32902 
800.61 20000 32917 
812.07 20000 32933 
822.82 20000 32949 
834.44 20000 32965 
845.8 20000 32981 
857.03 20000 32996 
868.06 20000 33012 
879.53 20000 33028 
890.93 20000 33044 
902.39 20000 33060 
913.43 20000 33075 
924.98 20000 33091 
936.47 20000 33107 
947.8 20000 33123 
958.78 20000 33138 
970.19 20000 33154 
981.38 20000 33170 
992.56 20000 33186 
1003.6 20000 33202 
1014.94 20000 33217 
1026.02 20000 33233 
1037.06 20000 33249 
1048.09 20000 33265 
1059.41 20000 33281 
1070.61 20000 33296 
1081.64 20000 33312 
1092.61 20000 33328 
1103.47 20000 33344 
1114.48 20000 33360 
1125.61 20000 33375 
1136.36 20000 33391 
1147 20000 33407 
1157.44 20000 33423 
1168.06 20000 33438 
1178.84 20000 33454 
1189.33 20000 33470 
1199.94 20000 33486 
1210.12 20000 33502 
1220.67 20000 33517 
1231.17 20000 33533 
1241.42 20000 33549 
1251.67 20000 33565 
1261.97 20000 33581 
1272.06 20000 33596 
1282.25 20000 33612 
1292.13 20000 33628 
1302.66 20000 33644 
1312.56 20000 33660 
1322.72 20000 33675 
1333.05 20000 33691 
1343.26 20000 33707 
1352.7 20000 33723 
1362.17 20000 33738 
1371.92 20000 33754 
1382.07 20000 33770 
1391.21 20000 33786 
1400.9 20000 33802 
1410.68 20000 33817 
1420.86 20000 33833 
1430.07 20000 33849 
1439.68 20000 33865 
1449.71 20000 33881 
1460 20000 33896 
1469.77 20000 33912 
1479.54 20000 33928 
1489.23 20000 33944 
1498.86 20000 33960 
1508.29 20000 33975 
1518.71 20000 33991 
1528.83 20000 34007 
1539.18 20000 34023 
1549.27 20000 34038 
1559.72 20000 34054 
1569.85 20000 34070 
1580.13 20000 34086 
1589.84 20000 34102 
1599.99 20000 34117 
1610.01 20000 34133 
1619.76 20000 34149 
1628.68 20000 34165 
1637.8 20000 34181 
1646.96 20000 34196 
1655.83 20000 34212 
1665.16 20000 34228 
1675.26 20000 34244 
1684.85 20000 34260 
1693.83 20000 34275 
1702.95 20000 34291 
1712.48 20000 34307 
1721.49 20000 34323 
1729.84 20000 34338 
1737.48 20000 34354 
1746.03 20000 34370 
1755.14 20000 34386 
1764.94 20000 34402 
1774.69 20000 34417 
1784.63 20000 34433 
1794.47 20000 34449 
1804.51 20000 34465 
1814.08 20000 34480 
1824.19 20000 34496 
1834.12 20000 34512 
1843.81 20000 34528 
1853.13 20000 34544 
1862.83 20000 34559 
1872.81 20000 34575 
1882.09 20000 34591 
1891.44 20000 34607 
1900.69 20000 34623 
1910.05 20000 34638 
1919.21 20000 34654 
1929.05 20000 34670 
1938.83 20000 34686 
1948.96 20000 34702 
1959.23 20000 34717 
1968.85 20000 34733 
1978.37 20000 34749 
1988.22 20000 34765 
1997.6 20000 34780 
2007.58 20000 34796 
2016.91 20000 34812 
2026.69 20000 34828 
2036.55 20000 34844 
2046.3 20000 34859 
2055.72 20000 34875 
2065.73 20000 34891 
2075.62 20000 34907 
2086.01 20000 34923 
2096.13 20000 34938 
2106.64 20000 34954 
2116.49 20000 34970 
2126.55 20000 34986 
2136.19 20000 35001 
2146.55 20000 35017 
2156.2 20000 35033 
2166.02 20000 35049 
2175.7 20000 35065 
2185.76 20000 35080 
2195.42 20000 35096 
2205.48 20000 35112 
2215.59 20000 35128 
2225.78 20000 35144 
2235.06 20000 35159 
2244.62 20000 35175 
2254.03 20000 35191 
2264.72 20000 35207 
2274.43 20000 35223 
2284 20000 35238 
2294.29 20000 35254 
2304.99 20000 35270 
2314.54 20000 35286 
2324.52 20000 35301 
2334.62 20000 35317 
2345.15 20000 35333 
2354.65 20000 35349 
2364.73 20000 35365 
2374.19 20000 35380 
2383.86 20000 35396 
2393.4 20000 35412 
2403.47 20000 35428 
2412.94 20000 35444 
2422.69 20000 35459 
2432.68 20000 35475 
2442.9 20000 35491 
2452.51 20000 35507 
2462.88 20000 35523 
2472.7 20000 35538 
2482.48 20000 35554 
2492.77 20000 35570 
2503.6 20000 35586 
2514.19 20000 35601 
2524.5 20000 35617 
2533.8 20000 35633 
2543.59 20000 35649 
2553.78 20000 35665 
2563.98 20000 35680 
2573.69 20000 35696 
2583.66 20000 35712 
2593.38 20000 35728 
2603.01 20000 35744 
2613.07 20000 35759 
2623 20000 35775 
2632.52 20000 35791 
2642.67 20000 35807 
2653.32 20000 35822 
2663.36 20000 35838 
2674.13 20000 35854 
2684.9 20000 35870 
2695.66 20000 35886 
2706.09 20000 35901 
2716.98 20000 35917 
2727.78 20000 35933 
2739.02 20000 35949 
2749.11 20000 35965 
2760.17 20000 35980 
2770.97 20000 35996 
2782.19 20000 36012 
2793.35 20000 36028 
2804.55 20000 36043 
2815.18 20000 36059 
2826.09 20000 36075 
2836.41 20000 36091 
2847.12 20000 36107 
2857.4 20000 36122 
2868.7 20000 36138 
2879.56 20000 36154 
2890.66 20000 36170 
2901.58 20000 36186 
2913.16 20000 36201 
2923.87 20000 36217 
2934.79 20000 36233 
2945.19 20000 36249 
2956.19 20000 36265 
2966.69 20000 36280 
2977.33 20000 36296 
2987.49 20000 36312 
2998.77 20000 36328 
3009.74 20000 36343 
3021.03 20000 36359 
3031.53 20000 36375 
3042.8 20000 36391 
3054.16 20000 36407 
3065.69 20000 36422 
3076.24 20000 36438 
3087.98 20000 36454 
3099.53 20000 36470 
3110.55 20000 36486 
3120.51 20000 36501 
3131.29 20000 36517 
3142.26 20000 36533 
3153.93 20000 36549 
3164.74 20000 36565 
3175.94 20000 36580 
3186.69 20000 36596 
3197.12 20000 36612 
3207.67 20000 36628 
3218.59 20000 36643 
3229 20000 36659 
3240.12 20000 36675 
3250.26 20000 36691 
3261.08 20000 36707 
3272 20000 36722 
3283.41 20000 36738 
3293.94 20000 36754 
3304.21 20000 36770 
3314.67 20000 36786 
3325.95 20000 36801 
3337.81 20000 36817 
3349.71 20000 36833 
3360.46 20000 36849 
3371.5 20000 36864 
3382.04 20000 36880 
3392.32 20000 36896 
3402.58 20000 36912 
3413.18 20000 36928 
3424.02 20000 36943 
3435.52 20000 36959 
3447.39 20000 36975 
3458.77 20000 36991 
3469.94 20000 37007 
3481.53 20000 37022 
3493.17 20000 37038 
3504.08 20000 37054 
3514.84 20000 37070 
3525.79 20000 37086 
3536.79 20000 37101 
3547.14 20000 37117 
3557.81 20000 37133 
3567.95 20000 37149 
3578.01 20000 37164 
3587.41 20000 37180 
3597.64 20000 37196 
3607.9 20000 37212 
3618.72 20000 37228 
3628.63 20000 37243 
3639.81 20000 37259 
3651.39 20000 37275 
3663.53 20000 37291 
3675.26 20000 37307 
3687.69 20000 37322 
3699.4 20000 37338 
3711.24 20000 37354 
3721.88 20000 37370 
3733.18 20000 37385 
3743.97 20000 37401 
3755.46 20000 37417 
3766.44 20000 37433 
3778.07 20000 37449 
3789.39 20000 37464 
3801.54 20000 37480 
3813.43 20000 37496 
3825.78 20000 37512 
3837.28 20000 37528 
3849.2 20000 37543 
3860.32 20000 37559 
3872.03 20000 37575 
3883.34 20000 37591 
3894.96 20000 37607 
3905.59 20000 37622 
3917.36 20000 37638 
3928.75 20000 37654 
3940.66 20000 37670 
3951.8 20000 37685 
3963.52 20000 37701 
3974.98 20000 37717 
3987.54 20000 37733 
3998.66 20000 37749 
4010 20000 37764 
4021.38 20000 37780 
4033.61 20000 37796 
4044.76 20000 37812 
4056.5 20000 37828 
4068.53 20000 37843 
4080.92 20000 37859 
4092.9 20000 37875 
4104.85 20000 37891 
4116.69 20000 37906 
4129.17 20000 37922 
4140.52 20000 37938 
4151.82 20000 37954 
4163.85 20000 37970 
4176.49 20000 37985 
4188.29 20000 38001 
4200.25 20000 38017 
4212.73 20000 38033 
4225.13 20000 38049 
4237.1 20000 38064 
4249.14 20000 38080 
4261.01 20000 38096 
4273.91 20000 38112 
4286.2 20000 38128 
4297.51 20000 38143 
4308.88 20000 38159 
4320.94 20000 38175 
4333.15 20000 38191 
4344.96 20000 38206 
4357.2 20000 38222 
4369.68 20000 38238 
4382.18 20000 38254 
4393.61 20000 38270 
4405.5 20000 38285 
4417.36 20000 38301 
4429.81 20000 38317 
4441.63 20000 38333 
4453.75 20000 38349 
4466.04 20000 38364 
4478.9 20000 38380 
4491.93 20000 38396 
4504.92 20000 38412 
4518.23 20000 38427 
4532.8 20000 38443 
4547.98 20000 38459 
4562.22 20000 38475 
4574.33 20000 38491 
4586.94 20000 38506 
4599.04 20000 38522 
4612.06 20000 38538 
4624.73 20000 38554 
4638.97 20000 38570 
4651.61 20000 38585 
4663.84 20000 38601 
4676.74 20000 38617 
4691.45 20000 38633 
4704.85 20000 38648 
4718.43 20000 38664 
4732.04 20000 38680 
4746.59 20000 38696 
4759.64 20000 38712 
4773.55 20000 38727 
4787.58 20000 38743 
4802.74 20000 38759 
4816.2 20000 38775 
4829.19 20000 38791 
4841.64 20000 38806 
4855.37 20000 38822 
4867.98 20000 38838 
4879.56 20000 38854 
4890.43 20000 38870 
4903.43 20000 38885 
4917.31 20000 38901 
4932.05 20000 38917 
4945.9 20000 38933 
4959.82 20000 38948 
4974.22 20000 38964 
4989.9 20000 38980 
5004.62 20000 38996 
5019.22 20000 39012 
5033.88 20000 39027 
5049.8 20000 39043 
5063.6 20000 39059 
5077.52 20000 39075 
5091.96 20000 39091 
5107.41 20000 39106 
5122.13 20000 39122 
5137.47 20000 39138 
5152.94 20000 39154 
5168.47 20000 39170 
5183.07 20000 39185 
5198.3 20000 39201 
5213.33 20000 39217 
5228.02 20000 39233 
5242.71 20000 39248 
5257.98 20000 39264 
5272.92 20000 39280 
5287.42 20000 39296 
5302.04 20000 39312 
5317.24 20000 39327 
5332.36 20000 39343 
5346.18 20000 39359 
5360 20000 39375 
5374.6 20000 39391 
5389.23 20000 39406 
5403.21 20000 39422 
5417.67 20000 39438 
5432.73 20000 39454 
5448.99 20000 39469 
5465.14 20000 39485 
5481.22 20000 39501 
5496.64 20000 39517 
5512.44 20000 39533 
5527.75 20000 39548 
5543.53 20000 39564 
5558.75 20000 39580 
5574.7 20000 39596 
5590.06 20000 39612 
5605 20000 39627 
5619.81 20000 39643 
5636.34 20000 39659 
5652.75 20000 39675 
5668.8 20000 39690 
5683.53 20000 39706 
5699.82 20000 39722 
5716.12 20000 39738 
5732.14 20000 39754 
5746.86 20000 39769 
5763.63 20000 39785 
5780.48 20000 39801 
5796.58 20000 39817 
5811.5 20000 39833 
5828.83 20000 39848 
5845.13 20000 39864 
5861.07 20000 39880 
5877.13 20000 39896 
5895.05 20000 39912 
5911.37 20000 39927 
5927.98 20000 39943 
5944.16 20000 39959 
5961.37 20000 39975 
5977 20000 39990 
5991.49 20000 40006 
6003.57 20000 40022 
6020.73 20000 40038 
6038.12 20000 40054 
6056.57 20000 40069 
6074.06 20000 40085 
6091.82 20000 40101 
6108.53 20000 40117 
6125.39 20000 40133 
6141.86 20000 40148 
6160.24 20000 40164 
6177.27 20000 40180 
6194.31 20000 40196 
6210.95 20000 40212 
6228.92 20000 40227 
6244.95 20000 40243 
6261.39 20000 40259 
6277.81 20000 40275 
6294.22 20000 40290 
6310.13 20000 40306 
6326.87 20000 40322 
6344.37 20000 40338 
6361.77 20000 40354 
6378.57 20000 40369 
6395.32 20000 40385 
6412.47 20000 40401 
6430.35 20000 40417 
6448.09 20000 40433 
6464.85 20000 40448 
6481.78 20000 40464 
6499.78 20000 40480 
6517.03 20000 40496 
6532.75 20000 40512 
6549.26 20000 40527 
6567 20000 40543 
6584.48 20000 40559 
6600.5 20000 40575 
6617.23 20000 40590 
6635.75 20000 40606 
6653.55 20000 40622 
6663.66 20000 40638 
6673.05 20000 40654 
6693.13 20000 40669 
6713.07 20000 40685 
6730.69 20000 40701 
6749.35 20000 40717 
6768.5 20000 40733 
6787.31 20000 40748 
6804.47 20000 40764 
6823.47 20000 40780 
6842.73 20000 40796 
6861 20000 40812 
6877.54 20000 40827 
6896.48 20000 40843 
6916.59 20000 40859 
6937.38 20000 40875 
6955.07 20000 40890 
6972.93 20000 40906 
6990.86 20000 40922 
7010.01 20000 40938 
7027.08 20000 40954 
7045.01 20000 40969 
7063.97 20000 40985 
7083.64 20000 41001 
7101.64 20000 41017 
7121.13 20000 41033 
7141.39 20000 41048 
7162.45 20000 41064 
7181.23 20000 41080 
7200.57 20000 41096 
7220.03 20000 41112 
7241.39 20000 41127 
7260.97 20000 41143 
7280.79 20000 41159 
7300.62 20000 41175 
7321.81 20000 41190 
7341.16 20000 41206 
7361.12 20000 41222 
7381.86 20000 41238 
7403.81 20000 41254 
7422.99 20000 41269 
7441.84 20000 41285 
7461.91 20000 41301 
7484.18 20000 41317 
7503.69 20000 41332 
7521.78 20000 41348 
7540.74 20000 41364 
7562.64 20000 41380 
7583.75 20000 41396 
7604.67 20000 41411 
7625.31 20000 41427 
7647.03 20000 41443 
7668.37 20000 41459 
7687.94 20000 41475 
7706.76 20000 41490 
7727.65 20000 41506 
7748.67 20000 41522 
7768.36 20000 41538 
7787.56 20000 41553 
7809 20000 41569 
7831.2 20000 41585 
7851.72 20000 41601 
7871.96 20000 41617 
7895 20000 41632 
7918.44 20000 41648 
7939.61 20000 41664 
7959.83 20000 41680 
7981.33 20000 41696 
8003.84 20000 41711 
8024.49 20000 41727 
8045.32 20000 41743 
8067.91 20000 41759 
8091.82 20000 41775 
8112.88 20000 41790 
8133.33 20000 41806 
8154.11 20000 41822 
8176.09 20000 41838 
8197.08 20000 41853 
8217.89 20000 41869 
8240.67 20000 41885 
8265.01 20000 41901 
8286.13 20000 41917 
8306.33 20000 41932 
8327.23 20000 41948 
8350.25 20000 41964 
8372.37 20000 41980 
8395.08 20000 41996 
8419.02 20000 42011 
8443.72 20000 42027 
8466.21 20000 42043 
8488.14 20000 42059 
8509.17 20000 42075 
8533.22 20000 42090 
8556.98 20000 42106 
8580.15 20000 42122 
8603.04 20000 42138 
8627.67 20000 42153 
8652.24 20000 42169 
8677.2 20000 42185 
8701.72 20000 42201 
8726.45 20000 42217 
8749.85 20000 42232 
8773.93 20000 42248 
8797.77 20000 42264 
8822.75 20000 42280 
8846.06 20000 42296 
8870.18 20000 42311 
8894.59 20000 42327 
8920.97 20000 42343 
8945.09 20000 42359 
8969.61 20000 42374 
8994.6 20000 42390 
9021.58 20000 42406 
9046.44 20000 42422 
9071.67 20000 42438 
9096.79 20000 42453 
9124.07 20000 42469 
9150.38 20000 42485 
9176.37 20000 42501 
9200.67 20000 42516 
9223.8 20000 42532 
9244.68 20000 42548 
9266.73 20000 42564 
9289.82 20000 42580 
9314.47 20000 42595 
9338.02 20000 42611 
9362.22 20000 42627 
9388.41 20000 42643 
9414.97 20000 42659 
9440.8 20000 42674 
9467.37 20000 42690 
9494.1 20000 42706 
9519.6 20000 42722 
9543.24 20000 42737 
9564.87 20000 42753 
9589.05 20000 42769 
9611.66 20000 42785 
9639.29 20000 42801 
9672.74 20000 42816 
9702.17 20000 42832 
9730.5 20000 42848 
9758.64 20000 42864 
9785.26 20000 42880 
9810.66 20000 42895 
9835 20000 42911 
9860.2 20000 42927 
9884.79 20000 42943 
9908.9 20000 42959 
9932.87 20000 42974 
9959.12 20000 42990 
9985.71 20000 43006 
10012.77 20000 43022 
10039.99 20000 43038 
10070.09 20000 43053 
10097.64 20000 43069 
10122.96 20000 43085 
10147.21 20000 43101 
10173.64 20000 43116 
10199.71 20000 43132 
10226.18 20000 43148 
10250.28 20000 43164 
10272.83 20000 43180 
10295.34 20000 43195 
10321.48 20000 43211 
10348.29 20000 43227 
10377.33 20000 43243 
10405.71 20000 43259 
10433.57 20000 43274 
10461.15 20000 43290 
10490.1 20000 43306 
10517.43 20000 43322 
10548.02 20000 43338 
10577.93 20000 43353 
10605.09 20000 43369 
10629.53 20000 43385 
10655.26 20000 43401 
10680.75 20000 43416 
10705.92 20000 43432 
10729.08 20000 43448 
10753.41 20000 43464 
10778.6 20000 43480 
10805.57 20000 43495 
10831.93 20000 43511 
10860.12 20000 43527 
10887.07 20000 43543 
10913.54 20000 43559 
10936.07 20000 43574 
10958.43 20000 43590 
10981.64 20000 43606 
11008.29 20000 43622 
11033.66 20000 43638 
11060.17 20000 43653 
11085.63 20000 43669 
11111.19 20000 43685 
11135.14 20000 43701 
11160.17 20000 43716 
11185.82 20000 43732 
11211.73 20000 43748 
11236.25 20000 43764 
11261.09 20000 43780 
11286.55 20000 43795 
11312.96 20000 43811 
11338.02 20000 43827 
11363.86 20000 43843 
11391.3 20000 43859 
11420.02 20000 43874 
11447.03 20000 43890 
11473.7 20000 43906 
11501.87 20000 43922 
11532.49 20000 43938 
11560.86 20000 43953 
11588.26 20000 43969 
11615.89 20000 43985 
11644.21 20000 44001 
11672.18 20000 44017 
11699.21 20000 44032 
11728.4 20000 44048 
11758.53 20000 44064 
11786.91 20000 44080 
11813.38 20000 44095 
11841.54 20000 44111 
11871.23 20000 44127 
11901.61 20000 44143 
11928.45 20000 44159 
11953.09 20000 44174 
11978.88 20000 44190 
12006.84 20000 44206 
12033.33 20000 44222 
12060.99 20000 44238 
12090.42 20000 44253 
12119.93 20000 44269 
12146.96 20000 44285 
12173.11 20000 44301 
12199.09 20000 44317 
12227.13 20000 44332 
12253.45 20000 44348 
12279.44 20000 44364 
12306.37 20000 44380 
12335.53 20000 44395 
12363.21 20000 44411 
12390.77 20000 44427 
12419.32 20000 44443 
12450.68 20000 44459 
12480.8 20000 44474 
12512.99 20000 44490 
12544.83 20000 44506 
12576.26 20000 44522 
12604.41 20000 44538 
12633 20000 44553 
12660.93 20000 44569 
12687.56 20000 44585 
12710.75 20000 44601 
12735.95 20000 44617 
12762.98 20000 44632 
12790.49 20000 44648 
12816.23 20000 44664 
12843.41 20000 44680 
12873.98 20000 44696 
12907.48 20000 44711 
12938.64 20000 44727 
12969.99 20000 44743 
13002.29 20000 44759 
13037.32 20000 44774 
13069.86 20000 44790 
13101.48 20000 44806 
13132.85 20000 44822 
13165.64 20000 44838 
13196.61 20000 44853 
13227.53 20000 44869 
13258.09 20000 44885 
13291.51 20000 44901 
13323.92 20000 44917 
13354.71 20000 44932 
13386.08 20000 44948 
13419.55 20000 44964 
13451.14 20000 44980 
13481.63 20000 44996 
13512.11 20000 45011 
13544.12 20000 45027 
13575.33 20000 45043 
13605.99 20000 45059 
13637.33 20000 45074 
13669.92 20000 45090 
13702.14 20000 45106 
13734.71 20000 45122 
13768 20000 45138 
13802.26 20000 45153 
13836.16 20000 45169 
13869.83 20000 45185 
13904.72 20000 45201 
13939.41 20000 45217 
13973.36 20000 45232 
14007.38 20000 45248 
14041.78 20000 45264 
14075.74 20000 45280 
14109.77 20000 45295 
14143.31 20000 45311 
14176.2 20000 45327 
14209.35 20000 45343 
14242.58 20000 45359 
14275.09 20000 45374 
14309.22 20000 45390 
14343.26 20000 45406 
14378.02 20000 45422 
14411.62 20000 45438 
14446.03 20000 45453 
14480.13 20000 45469 
14514.85 20000 45485 
14548.53 20000 45501 
14585.34 20000 45517 
14620.53 20000 45532 
14655.04 20000 45548 
14687.85 20000 45564 
14722.86 20000 45580 
14758.73 20000 45595 
14796.42 20000 45611 
14832.68 20000 45627 
14872.18 20000 45643 
14910.6 20000 45659 
14949.46 20000 45674 
14986.19 20000 45690 
15020.39 20000 45706 
15051.97 20000 45722 
15084.02 20000 45738 
15116.01 20000 45753 
15155.7 20000 45769 
15195.31 20000 45785 
15230.95 20000 45801 
15262.88 20000 45817 
15296.02 20000 45832 
15329.81 20000 45848 
15363.57 20000 45864 
15393.13 20000 45880 
15422.15 20000 45895 
15452.67 20000 45911 
15486.97 20000 45927 
15523.09 20000 45943 
15561.53 20000 45959 
15598.82 20000 45974 
15637.8 20000 45990 
15678.03 20000 46006 
15720 20000 46022 
15761.73 20000 46038 
15805.69 20000 46053 
15848.5 20000 46069 
15889.54 20000 46085 
15926.76 20000 46101 
15964.42 20000 46116 
16003.36 20000 46132 
16041.29 20000 46148 
16077.98 20000 46164 
16114.94 20000 46180 
16152.31 20000 46195 
16188.67 20000 46211 
16223.94 20000 46227 
16259.01 20000 46243 
16296.17 20000 46259 
16333.67 20000 46274 
16371.03 20000 46290 
16410.31 20000 46306 
16446.6 20000 46322 
16476.9 20000 46338 
16506.7 20000 46353 
16540.73 20000 46369 
16575.58 20000 46385 
16610.24 20000 46401 
16645.46 20000 46416 
16679.23 20000 46432 
16713.77 20000 46448 
16750.78 20000 46464 
16788.62 20000 46480 
16824.69 20000 46495 
16861.95 20000 46511 
16900.35 20000 46527 
16939.58 20000 46543 
16977.11 20000 46559 
17013.94 20000 46574 
17047.97 20000 46590 
17079.94 20000 46606 
17111.16 20000 46622 
17144.59 20000 46637 
17175.81 20000 46653 
17207.41 20000 46669 
17239.49 20000 46685 
17272.89 20000 46701 
17303.34 20000 46716 
17334.97 20000 46732 
17370.23 20000 46748 
17408.56 20000 46764 
17444.43 20000 46780 
17480.59 20000 46795 
17515.83 20000 46811 
17550.9 20000 46827 
17583.12 20000 46843 
17615.5 20000 46859 
17647.81 20000 46874 
17681.35 20000 46890 
17713.41 20000 46906 
17746.64 20000 46922 
17779.58 20000 46937 
17813.93 20000 46953 
17846.83 20000 46969 
17881.67 20000 46985 
17918.41 20000 47001 
17956.19 20000 47016 
17991.5 20000 47032 
18028.09 20000 47048 
18063.65 20000 47064 
18100.75 20000 47080 
18137.12 20000 47095 
18173.37 20000 47111 
18209.21 20000 47127 
18247.3 20000 47143 
18282.94 20000 47158 
18318.71 20000 47174 
18354.27 20000 47190 
18392.77 20000 47206 
18429.12 20000 47222 
18464.99 20000 47237 
18501.38 20000 47253 
18539.89 20000 47269 
18575.65 20000 47285 
18610.02 20000 47301 
18645.16 20000 47316 
18684.25 20000 47332 
18723.26 20000 47348 
18760.7 20000 47364 
18799.8 20000 47380 
18842.83 20000 47395 
18885.39 20000 47411 
18924.61 20000 47427 
18963.47 20000 47443 
19003.08 20000 47458 
19042.35 20000 47474 
19080.05 20000 47490 
19118.32 20000 47506 
19159.38 20000 47522 
19200.07 20000 47537 
19237.06 20000 47553 
19273.39 20000 47569 
19310.69 20000 47585 
19347.59 20000 47601 
19381.31 20000 47616 
19415.84 20000 47632 
19452.51 20000 47648 
19491.57 20000 47664 
19527.85 20000 47680 
19565.18 20000 47695 
19605.22 20000 47711 
19647.58 20000 47727 
19686.11 20000 47743 
19725.41 20000 47758 
19767.65 20000 47774 
19811.48 20000 47790 
19851.28 20000 47806 
19891.82 20000 47822 
19934.41 20000 47837 
19978.77 20000 47853 
20019.41 20000 47869 
20059.54 20000 47885 
20099.03 20000 47885 
20112.97 20000 47885 
20048.38 20000 47885 
19964.74 20000 47885 
19893.45 20000 47885 
19830.26 20000 47885 
19773.2 20000 47885 
19717.53 20000 47885 
19659.86 20000 47885 
19611.72 20000 47885 
19569.5 20000 47885 
19528.35 20000 47885 
19488.87 20000 47885 
19450.86 20000 47885 
19414.22 20000 47885 
19379.13 20000 47885 
19345.53 20000 47885 
19313.03 20000 47885 
19281.34 20000 47885 
19250.6 20000 47885 
19221.23 20000 47885 
19193.1 20000 47885 
19165.36 20000 47885 
19137.58 20000 47885 
19110.77 20000 47885 
19084.52 20000 47885 
19059.13 20000 47885 
19034.31 20000 47885 
19010.07 20000 47885 
18986.35 20000 47885 
18963.23 20000 47885 
18940.86 20000 47885 
18919.1 20000 47885 
18897.74 20000 47885 
18876.45 20000 47885 
