5.38 20000 31055 
5.24 20000 31055 
5.35 20000 31055 
5.39 20000 31055 
5.23 20000 31055 
4.8 20000 31055 
4.3 20000 31055 
4.3 20000 31055 
4.69 20000 31055 
5.13 20000 31055 
5.33 20000 31055 
5.9 20000 31055 
6.68 20000 31055 
7.19 20000 31055 
7.57 20000 31055 
7.31 20000 31055 
6.56 20000 31055 
6.15 20000 31055 
6.02 20000 31055 
6.07 20000 31055 
6.34 20000 31055 
6.48 20000 31055 
6.62 20000 31055 
6.53 20000 31055 
5.61 20000 31055 
4.84 20000 31055 
4.96 20000 31055 
5.36 20000 31055 
5.32 20000 31055 
5.33 20000 31055 
5.66 20000 31055 
5.93 20000 31055 
6.28 20000 31055 
6.43 20000 31055 
6.42 20000 31055 
6.5 20000 31055 
6.4 20000 31055 
6.4 20000 31055 
6.61 20000 31055 
6.54 20000 31055 
6.39 20000 31055 
6.41 20000 31055 
6.24 20000 31055 
6.29 20000 31055 
6.49 20000 31055 
6.32 20000 31055 
6.48 20000 31055 
6.55 20000 31055 
6.63 20000 31055 
6.35 20000 31055 
6.07 20000 31055 
6.33 20000 31214 
6.43 20000 31377 
6.43 20000 31397 
6.51 20000 31413 
6.38 20000 31428 
6.64 20000 31444 
6.94 20000 31460 
6.47 20000 31476 
5.98 20000 31492 
6.2 20000 31507 
6.09 20000 31523 
5.48 20000 31539 
5.36 20000 31555 
5.51 20000 31571 
5.86 20000 31586 
5.79 20000 31602 
5.78 20000 31618 
5.85 20000 31634 
6.03 20000 31650 
5.58 20000 31665 
4.96 20000 31681 
4.71 20000 31697 
4.62 20000 31713 
5.21 20000 31728 
5.82 20000 31744 
6.49 20000 31760 
7.46 20000 31776 
8.17 20000 31792 
8.38 20000 31807 
9.21 20000 31823 
10.37 20000 31839 
11.86 20000 31855 
13.55 20000 31871 
15.29 20000 31886 
16.7 20000 31902 
18.29 20000 31918 
19.84 20000 31934 
21.69 20000 31950 
24.12 20000 31965 
26.62 20000 31981 
29.13 20000 31997 
31.62 20000 32013 
33.87 20000 32029 
35.7 20000 32044 
37.35 20000 32060 
40.2 20000 32076 
43.87 20000 32092 
47.66 20000 32107 
51.48 20000 32123 
55.76 20000 32139 
60.55 20000 32155 
65.75 20000 32171 
70.22 20000 32186 
74.84 20000 32202 
79.46 20000 32218 
84.57 20000 32234 
89.43 20000 32250 
94.53 20000 32265 
99.98 20000 32281 
105.67 20000 32297 
111.71 20000 32313 
118.07 20000 32329 
124.11 20000 32344 
130.57 20000 32360 
137.6 20000 32376 
144.81 20000 32392 
151.15 20000 32408 
157.31 20000 32423 
164.83 20000 32439 
172.97 20000 32455 
180.93 20000 32471 
188.71 20000 32486 
195.86 20000 32502 
202.55 20000 32518 
209.39 20000 32534 
216.41 20000 32550 
222.95 20000 32565 
229.54 20000 32581 
236.68 20000 32597 
244.11 20000 32613 
251.18 20000 32629 
258.54 20000 32644 
265.83 20000 32660 
273.19 20000 32676 
280.43 20000 32692 
287.79 20000 32708 
294.95 20000 32723 
302.04 20000 32739 
308.79 20000 32755 
315.9 20000 32771 
322.64 20000 32787 
329.45 20000 32802 
336.22 20000 32818 
343.28 20000 32834 
350.24 20000 32850 
356.81 20000 32865 
361.77 20000 32881 
367.1 20000 32897 
373.02 20000 32913 
379.34 20000 32929 
385.86 20000 32944 
392.19 20000 32960 
396.28 20000 32976 
398.55 20000 32992 
403.12 20000 33008 
408.87 20000 33023 
414.54 20000 33039 
420.61 20000 33055 
427.78 20000 33071 
436.2 20000 33087 
444.92 20000 33102 
453.34 20000 33118 
461.65 20000 33134 
469.58 20000 33150 
478.07 20000 33166 
486.44 20000 33181 
494.27 20000 33197 
501.94 20000 33213 
509.66 20000 33229 
517.22 20000 33244 
524.73 20000 33260 
532.02 20000 33276 
539.88 20000 33292 
547.53 20000 33308 
554.85 20000 33323 
562.31 20000 33339 
570.23 20000 33355 
577.71 20000 33371 
585.31 20000 33387 
592.78 20000 33402 
600.54 20000 33418 
607.99 20000 33434 
615.41 20000 33450 
622.43 20000 33466 
630.07 20000 33481 
637.63 20000 33497 
645.17 20000 33513 
652.83 20000 33529 
660.44 20000 33544 
668.1 20000 33560 
675.68 20000 33576 
683.02 20000 33592 
690.95 20000 33608 
698.74 20000 33623 
706.4 20000 33639 
713.71 20000 33655 
721.76 20000 33671 
729.57 20000 33687 
737.31 20000 33702 
744.59 20000 33718 
752.52 20000 33734 
760.41 20000 33750 
768.07 20000 33766 
775.21 20000 33781 
782.56 20000 33797 
790.43 20000 33813 
798.39 20000 33829 
805.61 20000 33845 
813.36 20000 33860 
820.99 20000 33876 
828.23 20000 33892 
835.25 20000 33908 
842.85 20000 33923 
850.6 20000 33939 
858.2 20000 33955 
865.96 20000 33971 
873.44 20000 33987 
880.6 20000 34002 
888.19 20000 34018 
895.36 20000 34034 
903.41 20000 34050 
911.68 20000 34066 
919.56 20000 34081 
927.01 20000 34097 
934.86 20000 34113 
943.05 20000 34129 
950.97 20000 34145 
958.5 20000 34160 
966.5 20000 34176 
974.52 20000 34192 
982.48 20000 34208 
990.27 20000 34223 
997.81 20000 34239 
1006.21 20000 34255 
1014.13 20000 34271 
1021.55 20000 34287 
1029.82 20000 34302 
1038.03 20000 34318 
1045.58 20000 34334 
1052.39 20000 34350 
1059.55 20000 34366 
1067.84 20000 34381 
1075.77 20000 34397 
1083.23 20000 34413 
1091.41 20000 34429 
1100.03 20000 34445 
1108.12 20000 34460 
1115.77 20000 34476 
1123.59 20000 34492 
1131.95 20000 34508 
1140.43 20000 34524 
1148.62 20000 34539 
1156.5 20000 34555 
1165.02 20000 34571 
1173.41 20000 34587 
1181.7 20000 34603 
1189.6 20000 34618 
1197.96 20000 34634 
1206.29 20000 34650 
1214.04 20000 34666 
1221.28 20000 34681 
1229.5 20000 34697 
1237.46 20000 34713 
1245.47 20000 34729 
1253.32 20000 34745 
1261.81 20000 34760 
1270.09 20000 34776 
1278.54 20000 34792 
1287.27 20000 34808 
1297.25 20000 34824 
1305.98 20000 34839 
1313.76 20000 34855 
1321.37 20000 34871 
1329.99 20000 34887 
1338.33 20000 34903 
1346.64 20000 34918 
1354.89 20000 34934 
1363.7 20000 34950 
1372.19 20000 34966 
1380.34 20000 34982 
1388.56 20000 34997 
1397.44 20000 35013 
1406.22 20000 35029 
1415.02 20000 35045 
1423.16 20000 35060 
1432.17 20000 35076 
1440.76 20000 35092 
1449.35 20000 35108 
1457.57 20000 35124 
1466.18 20000 35139 
1474.56 20000 35155 
1482.93 20000 35171 
1490.98 20000 35187 
1499.72 20000 35203 
1508.56 20000 35218 
1516.67 20000 35234 
1525.34 20000 35250 
1534.74 20000 35266 
1543.76 20000 35282 
1552.4 20000 35297 
1561.41 20000 35313 
1571.83 20000 35329 
1581.91 20000 35345 
1590.97 20000 35361 
1599.47 20000 35376 
1607.61 20000 35392 
1616.29 20000 35408 
1624.67 20000 35424 
1632.68 20000 35440 
1641.15 20000 35455 
1649.88 20000 35471 
1658.85 20000 35487 
1667.92 20000 35503 
1677.13 20000 35518 
1686.26 20000 35534 
1694.98 20000 35550 
1703.45 20000 35566 
1712.28 20000 35582 
1721.22 20000 35597 
1730.13 20000 35613 
1738.62 20000 35629 
1747.07 20000 35645 
1756.09 20000 35661 
1765.09 20000 35676 
1773.78 20000 35692 
1782.41 20000 35708 
1791.54 20000 35724 
1800.48 20000 35740 
1809.59 20000 35755 
1818.71 20000 35771 
1827.76 20000 35787 
1837.28 20000 35803 
1847.51 20000 35819 
1857.26 20000 35834 
1867.85 20000 35850 
1878.53 20000 35866 
1888.72 20000 35882 
1897.85 20000 35898 
1907.55 20000 35913 
1917.19 20000 35929 
1926.93 20000 35945 
1937.36 20000 35961 
1948.08 20000 35976 
1957.84 20000 35992 
1967.57 20000 36008 
1976.49 20000 36024 
1985.95 20000 36040 
1995.54 20000 36055 
2004.82 20000 36071 
2013.82 20000 36087 
2023.57 20000 36103 
2033.43 20000 36119 
2043.3 20000 36134 
2052.19 20000 36150 
2061.71 20000 36166 
2071.17 20000 36182 
2081.32 20000 36198 
2091.14 20000 36213 
2101.21 20000 36229 
2111.18 20000 36245 
2121.31 20000 36261 
2130.59 20000 36277 
2140.28 20000 36292 
2150.17 20000 36308 
2160.8 20000 36324 
2171.04 20000 36340 
2180.62 20000 36355 
2190 20000 36371 
2199.71 20000 36387 
2208.96 20000 36403 
2219.03 20000 36419 
2229.03 20000 36434 
2239.65 20000 36450 
2250.23 20000 36466 
2261.01 20000 36482 
2271.72 20000 36498 
2282.9 20000 36513 
2294.25 20000 36529 
2305.74 20000 36545 
2317.17 20000 36561 
2327.93 20000 36577 
2337.58 20000 36592 
2347.32 20000 36608 
2356.92 20000 36624 
2366.53 20000 36640 
2376.66 20000 36656 
2386.99 20000 36671 
2397.47 20000 36687 
2407.37 20000 36703 
2417.57 20000 36719 
2428.09 20000 36734 
2438.66 20000 36750 
2449.19 20000 36766 
2459.62 20000 36782 
2470.52 20000 36798 
2481.53 20000 36813 
2491.9 20000 36829 
2502.37 20000 36845 
2513.38 20000 36861 
2525.05 20000 36877 
2535.91 20000 36892 
2547.41 20000 36908 
2559.74 20000 36924 
2572.53 20000 36940 
2585.01 20000 36956 
2597.31 20000 36971 
2609.02 20000 36987 
2620.53 20000 37003 
2631.94 20000 37019 
2643.71 20000 37034 
2654.59 20000 37050 
2665.59 20000 37066 
2676.34 20000 37082 
2687.85 20000 37098 
2699.11 20000 37113 
2711.01 20000 37129 
2722.8 20000 37145 
2734.85 20000 37161 
2746 20000 37177 
2756.38 20000 37192 
2766.52 20000 37208 
2777.77 20000 37224 
2788.85 20000 37240 
2801.21 20000 37256 
2813.07 20000 37271 
2825 20000 37287 
2836.49 20000 37303 
2848.56 20000 37319 
2860.19 20000 37335 
2872.27 20000 37350 
2883.95 20000 37366 
2896.45 20000 37382 
2908.56 20000 37398 
2920.4 20000 37413 
2931.68 20000 37429 
2943.83 20000 37445 
2956.16 20000 37461 
2969.54 20000 37477 
2982.54 20000 37492 
2995.36 20000 37508 
3007.16 20000 37524 
3019.19 20000 37540 
3030.79 20000 37556 
3043.28 20000 37571 
3055.91 20000 37587 
3068.96 20000 37603 
3081.06 20000 37619 
3093.65 20000 37634 
3106.24 20000 37650 
3119.45 20000 37666 
3132.14 20000 37682 
3144.93 20000 37698 
3157.75 20000 37713 
3170.67 20000 37729 
3182.7 20000 37745 
3194.79 20000 37761 
3206.31 20000 37777 
3218.08 20000 37792 
3230.47 20000 37808 
3243.41 20000 37824 
3256.13 20000 37840 
3268.66 20000 37856 
3281.22 20000 37871 
3293.88 20000 37887 
3306.74 20000 37903 
3319.94 20000 37919 
3333.56 20000 37935 
3346.75 20000 37950 
3359.69 20000 37966 
3372.78 20000 37982 
3386.03 20000 37998 
3398.94 20000 38013 
3412.27 20000 38029 
3425.86 20000 38045 
3439.01 20000 38061 
3451.9 20000 38077 
3465.48 20000 38092 
3478.92 20000 38108 
3493.2 20000 38124 
3506.72 20000 38140 
3520.26 20000 38156 
3534.07 20000 38171 
3548.25 20000 38187 
3561.57 20000 38203 
3575.61 20000 38219 
3589.5 20000 38235 
3603.68 20000 38250 
3617.08 20000 38266 
3631.68 20000 38282 
3645.64 20000 38298 
3660.37 20000 38314 
3673.78 20000 38329 
3687.41 20000 38345 
3700.79 20000 38361 
3714.78 20000 38377 
3728.63 20000 38392 
3743.46 20000 38408 
3757.48 20000 38424 
3772.18 20000 38440 
3788.21 20000 38456 
3805.14 20000 38471 
3819.39 20000 38487 
3833.46 20000 38503 
3847.05 20000 38519 
3861.68 20000 38535 
3875.79 20000 38550 
3890.74 20000 38566 
3904.84 20000 38582 
3919.46 20000 38598 
3933.89 20000 38614 
3949.61 20000 38629 
3964.42 20000 38645 
3979.28 20000 38661 
3993.66 20000 38677 
4008.66 20000 38693 
4023 20000 38708 
4037.91 20000 38724 
4052.72 20000 38740 
4068.46 20000 38756 
4083.68 20000 38771 
4098.91 20000 38787 
4113.89 20000 38803 
4129.57 20000 38819 
4144.36 20000 38835 
4159.17 20000 38850 
4174.01 20000 38866 
4190.17 20000 38882 
4205.11 20000 38898 
4219.54 20000 38914 
4233.36 20000 38929 
4248.07 20000 38945 
4263.27 20000 38961 
4278.48 20000 38977 
4293.86 20000 38993 
4310.22 20000 39008 
4325.95 20000 39024 
4342.24 20000 39040 
4358.74 20000 39056 
4375.51 20000 39072 
4391.78 20000 39087 
4407.78 20000 39103 
4423.81 20000 39119 
4440.02 20000 39135 
4456.49 20000 39150 
4472.97 20000 39166 
4489.3 20000 39182 
4505.6 20000 39198 
4522.37 20000 39214 
4538.42 20000 39229 
4554.87 20000 39245 
4570.79 20000 39261 
4587.3 20000 39277 
4603.69 20000 39293 
4620.61 20000 39308 
4637.52 20000 39324 
4654.62 20000 39340 
4671.48 20000 39356 
4688.81 20000 39372 
4705.76 20000 39387 
4723.09 20000 39403 
4739.8 20000 39419 
4757.07 20000 39435 
4773.66 20000 39450 
4790.84 20000 39466 
4807.3 20000 39482 
4823.95 20000 39498 
4840.31 20000 39514 
4857.64 20000 39529 
4874.71 20000 39545 
4891.74 20000 39561 
4908.35 20000 39577 
4926.28 20000 39593 
4943.63 20000 39608 
4960.54 20000 39624 
4977.03 20000 39640 
4994.91 20000 39656 
5012.18 20000 39672 
5029.41 20000 39687 
5045.78 20000 39703 
5063.68 20000 39719 
5080.81 20000 39735 
5098.84 20000 39751 
5115.81 20000 39766 
5133.69 20000 39782 
5151.83 20000 39798 
5170.32 20000 39814 
5187.63 20000 39830 
5205.38 20000 39845 
5223.55 20000 39861 
5242.35 20000 39877 
5260.07 20000 39893 
5277.72 20000 39908 
5295.5 20000 39924 
5313.86 20000 39940 
5331.19 20000 39956 
5348.73 20000 39972 
5366.34 20000 39987 
5384.85 20000 40003 
5402.16 20000 40019 
5419.54 20000 40035 
5436.85 20000 40051 
5455.08 20000 40066 
5473.14 20000 40082 
5491.91 20000 40098 
5510.45 20000 40114 
5529.39 20000 40130 
5547.81 20000 40145 
5566.45 20000 40161 
5584.99 20000 40177 
5604.09 20000 40193 
5622.88 20000 40209 
5641.54 20000 40224 
5660.23 20000 40240 
5679.08 20000 40256 
5697.6 20000 40272 
5715.9 20000 40288 
5734.52 20000 40303 
5753.15 20000 40319 
5771.79 20000 40335 
5789.92 20000 40351 
5807.96 20000 40366 
5825.58 20000 40382 
5844.12 20000 40398 
5862.55 20000 40414 
5881.05 20000 40430 
5898.78 20000 40445 
5917.52 20000 40461 
5936.03 20000 40477 
5954.68 20000 40493 
5973.27 20000 40509 
5992.73 20000 40524 
6012.02 20000 40540 
6031 20000 40556 
6049.5 20000 40572 
6069.67 20000 40588 
6089.67 20000 40603 
6109.16 20000 40619 
6126.89 20000 40635 
6145.54 20000 40651 
6164.87 20000 40666 
6184.74 20000 40682 
6203.05 20000 40698 
6222 20000 40714 
6241.44 20000 40730 
6261.63 20000 40745 
6281.05 20000 40761 
6301.7 20000 40777 
6322.3 20000 40793 
6343.43 20000 40809 
6362.94 20000 40824 
6383.21 20000 40840 
6403.19 20000 40856 
6422.91 20000 40872 
6440.97 20000 40888 
6460.77 20000 40903 
6481.02 20000 40919 
6501.18 20000 40935 
6519.7 20000 40951 
6539.26 20000 40967 
6559.25 20000 40982 
6579.99 20000 40998 
6598.73 20000 41014 
6618.34 20000 41030 
6638.18 20000 41046 
6659.03 20000 41061 
6678.21 20000 41077 
6697.56 20000 41093 
6716.84 20000 41109 
6737.18 20000 41124 
6756.15 20000 41140 
6775.44 20000 41156 
6795.57 20000 41172 
6816.51 20000 41188 
6834.11 20000 41203 
6839.65 20000 41219 
6852.31 20000 41235 
6878.13 20000 41251 
6902.33 20000 41267 
6925.3 20000 41282 
6947.25 20000 41298 
6969.58 20000 41314 
6991.44 20000 41330 
7012.49 20000 41346 
7034.8 20000 41361 
7057.69 20000 41377 
7078.47 20000 41393 
7098.15 20000 41409 
7118.83 20000 41425 
7140.86 20000 41440 
7162.36 20000 41456 
7182.58 20000 41472 
7202.8 20000 41488 
7224.35 20000 41503 
7246.51 20000 41519 
7267.94 20000 41535 
7290.03 20000 41551 
7312.25 20000 41567 
7334.68 20000 41582 
7355.48 20000 41598 
7377.45 20000 41614 
7399.93 20000 41630 
7423.42 20000 41646 
7445.07 20000 41661 
7467.39 20000 41677 
7489.8 20000 41693 
7512.03 20000 41709 
7532.94 20000 41725 
7554.72 20000 41740 
7576.52 20000 41756 
7600.53 20000 41772 
7623.69 20000 41788 
7647.2 20000 41804 
7669.15 20000 41819 
7692.07 20000 41835 
7712.16 20000 41851 
7731.96 20000 41867 
7753.6 20000 41883 
7777.03 20000 41898 
7799.74 20000 41914 
7822.26 20000 41930 
7844.09 20000 41946 
7866.21 20000 41961 
7887.49 20000 41977 
7910.04 20000 41993 
7932.71 20000 42009 
7956.56 20000 42025 
7979.88 20000 42040 
8004.01 20000 42056 
8028.46 20000 42072 
8054.3 20000 42088 
8078.75 20000 42104 
8103.7 20000 42119 
8128.62 20000 42135 
8153.09 20000 42151 
8175.3 20000 42167 
8198.13 20000 42183 
8222.07 20000 42198 
8246.78 20000 42214 
8269.62 20000 42230 
8293.52 20000 42246 
8317.51 20000 42262 
8342.42 20000 42277 
8366.64 20000 42293 
8390.33 20000 42309 
8414.46 20000 42325 
8441.25 20000 42341 
8466.64 20000 42356 
8490.19 20000 42372 
8513.37 20000 42388 
8537.98 20000 42404 
8561.72 20000 42419 
8585.75 20000 42435 
8610.41 20000 42451 
8636.41 20000 42467 
8662.03 20000 42483 
8686.98 20000 42498 
8712.27 20000 42514 
8738.62 20000 42530 
8763.52 20000 42546 
8787.93 20000 42562 
8812.43 20000 42577 
8838.92 20000 42593 
8864.73 20000 42609 
8890.44 20000 42625 
8917.07 20000 42641 
8942.62 20000 42656 
8968.08 20000 42672 
8992.78 20000 42688 
9017.82 20000 42704 
9044.42 20000 42720 
9071.14 20000 42735 
9096.82 20000 42751 
9122.21 20000 42767 
9147.51 20000 42783 
9173.39 20000 42798 
9198.63 20000 42814 
9224.18 20000 42830 
9248.99 20000 42846 
9274.56 20000 42862 
9300.45 20000 42877 
9325.74 20000 42893 
9350.95 20000 42909 
9377.67 20000 42925 
9404.31 20000 42941 
9430.53 20000 42956 
9455.96 20000 42972 
9481.95 20000 42988 
9507.77 20000 43004 
9536 20000 43020 
9562.83 20000 43035 
9589.19 20000 43051 
9615.94 20000 43067 
9642.55 20000 43083 
9669.15 20000 43099 
9696.92 20000 43114 
9723.32 20000 43130 
9750.18 20000 43146 
9776.2 20000 43162 
9803.59 20000 43178 
9829.99 20000 43193 
9856.26 20000 43209 
9881.28 20000 43225 
9905.48 20000 43241 
9927.89 20000 43256 
9952.55 20000 43272 
9977.16 20000 43288 
10002.28 20000 43304 
10026.55 20000 43320 
10052.96 20000 43335 
10079.66 20000 43351 
10106.7 20000 43367 
10132.35 20000 43383 
10159.05 20000 43399 
10184.73 20000 43414 
10211.07 20000 43430 
10236.49 20000 43446 
10263.75 20000 43462 
10291.46 20000 43478 
10319.66 20000 43493 
10346.02 20000 43509 
10373.06 20000 43525 
10398.7 20000 43541 
10424.38 20000 43557 
10450.05 20000 43572 
10476.63 20000 43588 
10503.15 20000 43604 
10529.94 20000 43620 
10555.03 20000 43635 
10579.14 20000 43651 
10603.37 20000 43667 
10630.28 20000 43683 
10656.14 20000 43699 
10682.34 20000 43714 
10709.02 20000 43730 
10736.2 20000 43746 
10760.85 20000 43762 
10784.25 20000 43778 
10809.78 20000 43793 
10837.02 20000 43809 
10863.78 20000 43825 
10889.55 20000 43841 
10916.47 20000 43857 
10943.43 20000 43872 
10968.18 20000 43888 
10993.28 20000 43904 
11020.33 20000 43920 
11047.93 20000 43936 
11075.08 20000 43951 
11100.59 20000 43967 
11126.43 20000 43983 
11153.72 20000 43999 
11180.02 20000 44014 
11204.16 20000 44030 
11230.34 20000 44046 
11259.06 20000 44062 
11288.67 20000 44078 
11316 20000 44093 
11344.14 20000 44109 
11372.09 20000 44125 
11397.55 20000 44141 
11419.84 20000 44157 
11446.81 20000 44172 
11475.7 20000 44188 
11503.76 20000 44204 
11528.83 20000 44220 
11555.37 20000 44236 
11583.13 20000 44251 
11611.58 20000 44267 
11637.11 20000 44283 
11662.72 20000 44299 
11689.49 20000 44315 
11718.23 20000 44330 
11745.23 20000 44346 
11771.93 20000 44362 
11798.63 20000 44378 
11827.35 20000 44394 
11854.53 20000 44409 
11881.67 20000 44425 
11909.64 20000 44441 
11938.46 20000 44457 
11964.08 20000 44472 
11990.79 20000 44488 
12020.06 20000 44504 
12051.43 20000 44520 
12079.25 20000 44536 
12106.39 20000 44551 
12135.04 20000 44567 
12164.85 20000 44583 
12191.54 20000 44599 
12218.42 20000 44615 
12247.07 20000 44630 
12280.91 20000 44646 
12313.63 20000 44662 
12344.1 20000 44678 
12374.11 20000 44694 
12404.93 20000 44709 
12433.57 20000 44725 
12463.38 20000 44741 
12492.6 20000 44757 
12521.18 20000 44772 
12548.82 20000 44788 
12575.82 20000 44804 
12602.91 20000 44820 
12631.61 20000 44836 
12658.55 20000 44851 
12687.85 20000 44867 
12720.53 20000 44883 
12753.54 20000 44899 
12783.92 20000 44915 
12812.72 20000 44930 
12843.33 20000 44946 
12876.22 20000 44962 
12907.04 20000 44978 
12937.5 20000 44994 
12969.71 20000 45009 
13002.28 20000 45025 
13032.65 20000 45041 
13063.41 20000 45057 
13096.5 20000 45073 
13129.77 20000 45088 
13161.81 20000 45104 
13192.44 20000 45120 
13223.54 20000 45136 
13255.72 20000 45152 
13288.48 20000 45167 
13319.73 20000 45183 
13352.3 20000 45199 
13384.31 20000 45215 
13414.93 20000 45230 
13445.27 20000 45246 
13477.62 20000 45262 
13509.12 20000 45278 
13540.72 20000 45294 
13572.61 20000 45309 
13605.38 20000 45325 
13637.44 20000 45341 
13671.04 20000 45357 
13703.49 20000 45373 
13736.37 20000 45388 
13769.08 20000 45404 
13802.07 20000 45420 
13834.37 20000 45436 
13868.32 20000 45452 
13901.74 20000 45467 
13935.46 20000 45483 
13967.58 20000 45499 
14000.42 20000 45515 
14033.98 20000 45531 
14069.89 20000 45546 
14104.24 20000 45562 
14140.06 20000 45578 
14175.38 20000 45594 
14211.17 20000 45609 
14245.6 20000 45625 
14280.99 20000 45641 
14315.41 20000 45657 
14350.54 20000 45673 
14384.26 20000 45688 
14419.22 20000 45704 
14454.03 20000 45720 
14490.27 20000 45736 
14524.03 20000 45752 
14558.79 20000 45767 
14592.57 20000 45783 
14627.45 20000 45799 
14661.56 20000 45815 
14697.03 20000 45831 
14732.37 20000 45846 
14768.41 20000 45862 
14802.17 20000 45878 
14835.44 20000 45894 
14868.76 20000 45910 
14903.88 20000 45925 
14938.22 20000 45941 
14972.53 20000 45957 
15005.69 20000 45973 
15039.3 20000 45988 
15072.57 20000 46004 
15106.26 20000 46020 
15140.05 20000 46036 
15175.46 20000 46052 
15211 20000 46067 
15246.8 20000 46083 
15283.75 20000 46099 
15321.97 20000 46115 
15359.71 20000 46131 
15396.01 20000 46146 
15431.3 20000 46162 
15466.85 20000 46178 
15502.97 20000 46194 
15540.52 20000 46210 
15578.59 20000 46225 
15615.89 20000 46241 
15652.63 20000 46257 
15688.77 20000 46273 
15725.22 20000 46288 
15762.05 20000 46304 
15800.41 20000 46320 
15840.61 20000 46336 
15882.98 20000 46352 
15923.33 20000 46367 
15960.48 20000 46383 
15993.64 20000 46399 
16025.91 20000 46415 
16057.48 20000 46431 
16090.06 20000 46446 
16123.11 20000 46462 
16157.87 20000 46478 
16192.27 20000 46494 
16227.19 20000 46510 
16261.61 20000 46525 
16296.82 20000 46541 
16330.73 20000 46557 
16364.91 20000 46573 
16397.94 20000 46588 
16431.99 20000 46604 
16464.98 20000 46620 
16497.54 20000 46636 
16528.89 20000 46652 
16562.13 20000 46667 
16594.67 20000 46683 
16628.19 20000 46699 
16659.63 20000 46715 
16691.58 20000 46731 
16722.74 20000 46746 
16754.83 20000 46762 
16783.91 20000 46778 
16815.25 20000 46794 
16848.43 20000 46810 
16883.54 20000 46825 
16916.39 20000 46841 
16950.35 20000 46857 
16984.11 20000 46873 
17019.07 20000 46888 
17051.39 20000 46904 
17084.54 20000 46920 
17118.4 20000 46936 
17152.71 20000 46952 
17185.39 20000 46967 
17218.93 20000 46983 
17252.37 20000 46999 
17286.87 20000 47015 
17319.36 20000 47031 
17352.25 20000 47046 
17385.79 20000 47062 
17421.02 20000 47078 
17454.15 20000 47094 
17487.62 20000 47110 
17521.71 20000 47125 
17557.03 20000 47141 
17591.44 20000 47157 
17625.72 20000 47173 
17660.55 20000 47189 
17696.54 20000 47204 
17731.09 20000 47220 
17764.74 20000 47236 
17798.61 20000 47252 
17834.46 20000 47267 
17868.2 20000 47283 
17900.53 20000 47299 
17935.63 20000 47315 
17973.27 20000 47331 
18009.85 20000 47346 
18044.6 20000 47362 
18079.85 20000 47378 
18118.09 20000 47394 
18156.79 20000 47410 
18193.78 20000 47425 
18231.38 20000 47441 
18270.78 20000 47457 
18310.09 20000 47473 
18346.26 20000 47489 
18382.81 20000 47504 
18421.03 20000 47520 
18460.09 20000 47536 
18496.64 20000 47552 
18533.15 20000 47568 
18571.72 20000 47583 
18611.36 20000 47599 
18647.75 20000 47615 
18684.56 20000 47631 
18722.66 20000 47647 
18762.22 20000 47662 
18799.03 20000 47678 
18836.26 20000 47694 
18874.64 20000 47710 
18914.45 20000 47725 
18951.27 20000 47741 
18988.41 20000 47757 
19027.43 20000 47773 
19068.5 20000 47789 
19106.12 20000 47804 
19143.81 20000 47820 
19182.28 20000 47836 
19222.71 20000 47852 
19260.9 20000 47868 
19299.4 20000 47883 
19338.21 20000 47899 
19379.89 20000 47915 
19419.53 20000 47931 
19459.79 20000 47947 
19501.1 20000 47962 
19544.32 20000 47978 
19585.55 20000 47994 
9626.66 20000 48010 
19666.98 20000 48025 
19710.7 20000 48041 
19753.5 20000 48057 
19795.26 20000 48073 
19835.5 20000 48089 
19878.41 20000 48104 
19920.73 20000 48120 
19963.48 20000 48136 
20004.69 20000 48152 
20047.76 20000 48168 
20089.31 20000 48168 
20102.91 20000 48168 
20043.55 20000 48168 
19967.6 20000 48168 
19903.29 20000 48168 
19846.88 20000 48168 
19796.21 20000 48168 
19746.66 20000 48168 
19692.63 20000 48168 
19648.37 20000 48168 
19611.68 20000 48168 
19576.19 20000 48168 
19541.82 20000 48168 
19509.29 20000 48168 
19477.75 20000 48168 
19447.41 20000 48168 
19418.03 20000 48168 
19389.13 20000 48168 
19361.31 20000 48168 
19334.3 20000 48168 
19308 20000 48168 
19282.25 20000 48168 
19257.36 20000 48168 
19233.23 20000 48168 
19209.61 20000 48168 
19186.4 20000 48168 
19163.71 20000 48168 
19141.24 20000 48168 
19119.49 20000 48168 
19098.53 20000 48168 
19078.01 20000 48168 
19057.76 20000 48168 
19037.73 20000 48168 
19018.15 20000 48168 
18999.07 20000 48168 
18980.15 20000 48168 
18961.47 20000 48168 
18943.22 20000 48168 
18925.02 20000 48168 
18907.17 20000 48168 
18889.77 20000 48168 
18872.51 20000 48168 
18855.52 20000 48168 
18838.72 20000 48168 
18822.48 20000 48168 
18806.22 20000 48168 
18790.2 20000 48168 
18774.43 20000 48168 
18758.93 20000 48168 
18743.56 20000 48168 
18728.17 20000 48168 
18713.28 20000 48168 
18698.42 20000 48168 
18683.89 20000 48168 
18669.87 20000 48168 
18655.5 20000 48168 
18641.43 20000 48168 
18627.81 20000 48168 
18614.61 20000 48168 
18601.64 20000 48168 
18588.55 20000 48168 
18575.16 20000 48168 
18562.32 20000 48168 
