6.16 10000 42502 
6.03 10000 42502 
5.98 10000 42502 
5.94 10000 42502 
6.1 10000 42502 
6.18 10000 42502 
6.24 10000 42502 
6.09 10000 42502 
6.31 10000 42502 
6.19 10000 42502 
6.24 10000 42502 
6.24 10000 42502 
6.11 10000 42502 
6.14 10000 42661 
6.23 10000 42824 
6.15 10000 42844 
6.16 10000 42860 
6.67 10000 42875 
6.87 10000 42891 
6.42 10000 42907 
6.46 10000 42923 
6.51 10000 42939 
6.52 10000 42954 
6.41 10000 42970 
6.34 10000 42986 
6.27 10000 43002 
6.45 10000 43018 
6.54 10000 43033 
6.4 10000 43049 
6.46 10000 43065 
6.55 10000 43081 
6.63 10000 43096 
6.67 10000 43112 
6.28 10000 43128 
6.2 10000 43144 
6.58 10000 43160 
6.76 10000 43175 
6.76 10000 43191 
6.56 10000 43207 
6.66 10000 43223 
6.9 10000 43239 
7.05 10000 43254 
6.67 10000 43270 
6.84 10000 43286 
6.63 10000 43302 
6.67 10000 43317 
6.84 10000 43333 
6.85 10000 43349 
6.82 10000 43365 
6.96 10000 43381 
6.95 10000 43396 
6.93 10000 43412 
7.03 10000 43428 
7.07 10000 43444 
7.02 10000 43460 
7.04 10000 43475 
7.07 10000 43491 
7.08 10000 43507 
7.05 10000 43523 
6.8 10000 43538 
6.87 10000 43554 
6.94 10000 43570 
6.91 10000 43586 
6.93 10000 43602 
7.06 10000 43617 
7.03 10000 43633 
6.92 10000 43649 
6.91 10000 43665 
7.1 10000 43681 
7.08 10000 43696 
7.15 10000 43712 
7.23 10000 43728 
7.34 10000 43744 
7.3 10000 43760 
7.16 10000 43775 
6.88 10000 43791 
7.18 10000 43807 
7.39 10000 43823 
7.57 10000 43838 
7.13 10000 43854 
7.09 10000 43870 
7.21 10000 43886 
7.2 10000 43902 
7.33 10000 43917 
7.67 10000 43933 
7.55 10000 43949 
7.54 10000 43965 
7.37 10000 43981 
7.58 10000 43996 
7.65 10000 44012 
7.73 10000 44028 
7.79 10000 44044 
7.82 10000 44059 
7.96 10000 44075 
8.4 10000 44091 
8.77 10000 44107 
9.05 10000 44123 
9.48 10000 44138 
10.16 10000 44154 
11 10000 44170 
11.9 10000 44186 
13.31 10000 44202 
15.04 10000 44217 
16.46 10000 44233 
17.73 10000 44249 
19.31 10000 44265 
20.87 10000 44280 
22.2 10000 44296 
23.75 10000 44312 
25.18 10000 44328 
27.19 10000 44344 
29.07 10000 44359 
30.95 10000 44375 
32.5 10000 44391 
34.13 10000 44407 
35.92 10000 44423 
38.04 10000 44438 
40.43 10000 44454 
42.37 10000 44470 
44.28 10000 44486 
46.44 10000 44502 
48.73 10000 44517 
52.03 10000 44533 
55.71 10000 44549 
59.94 10000 44565 
64.58 10000 44580 
69.96 10000 44596 
75.16 10000 44612 
80.7 10000 44628 
86.77 10000 44644 
93.8 10000 44659 
100.9 10000 44675 
107.78 10000 44691 
114.79 10000 44707 
122.53 10000 44723 
129.76 10000 44738 
137.43 10000 44754 
145.3 10000 44770 
153.2 10000 44786 
161 10000 44801 
168.58 10000 44817 
175.86 10000 44833 
183.73 10000 44849 
191.46 10000 44865 
199.14 10000 44880 
206.77 10000 44896 
214.35 10000 44912 
221.6 10000 44928 
229.03 10000 44944 
236.41 10000 44959 
244.12 10000 44975 
251.95 10000 44991 
259.27 10000 45007 
266.68 10000 45022 
274.98 10000 45038 
282.9 10000 45054 
290.35 10000 45070 
297.97 10000 45086 
305.89 10000 45101 
313.39 10000 45117 
320.64 10000 45133 
328.03 10000 45149 
335.72 10000 45164 
343.48 10000 45180 
351.12 10000 45196 
358.61 10000 45212 
366.08 10000 45228 
373.75 10000 45243 
380.91 10000 45259 
388.09 10000 45275 
395.72 10000 45291 
403.41 10000 45307 
410.41 10000 45322 
417.9 10000 45338 
425.6 10000 45354 
433.15 10000 45370 
440.16 10000 45385 
447.39 10000 45401 
454.73 10000 45417 
462.47 10000 45433 
469.56 10000 45449 
476.93 10000 45464 
484.42 10000 45480 
492.13 10000 45496 
499.13 10000 45512 
506.18 10000 45528 
513.95 10000 45543 
521.57 10000 45559 
528.48 10000 45575 
535.48 10000 45591 
542.29 10000 45606 
549.94 10000 45622 
557.42 10000 45638 
564.79 10000 45654 
571.9 10000 45670 
579.57 10000 45685 
586.43 10000 45701 
593.17 10000 45717 
600.44 10000 45733 
608.63 10000 45749 
615.69 10000 45764 
622.91 10000 45780 
630.09 10000 45796 
637.89 10000 45812 
645.13 10000 45827 
652.46 10000 45843 
659.96 10000 45859 
668.06 10000 45875 
675.52 10000 45891 
682.92 10000 45906 
690.08 10000 45922 
697.14 10000 45938 
703.77 10000 45954 
710.67 10000 45970 
717.79 10000 45985 
725.13 10000 46001 
731.61 10000 46017 
737.67 10000 46033 
743.99 10000 46048 
751.75 10000 46064 
759.24 10000 46080 
765.93 10000 46096 
772.74 10000 46112 
780.1 10000 46127 
787.41 10000 46143 
794.72 10000 46159 
801.59 10000 46175 
809 10000 46191 
816.45 10000 46206 
822.92 10000 46222 
828.26 10000 46238 
835.92 10000 46254 
843.42 10000 46269 
849.72 10000 46285 
855.99 10000 46301 
863.23 10000 46317 
870.61 10000 46333 
877 10000 46348 
883.23 10000 46364 
889.68 10000 46380 
896.57 10000 46396 
903.94 10000 46412 
911.41 10000 46427 
919.02 10000 46443 
925.91 10000 46459 
932.48 10000 46475 
939.21 10000 46490 
946.02 10000 46506 
952.59 10000 46522 
959.1 10000 46538 
966.68 10000 46554 
975.2 10000 46569 
982.51 10000 46585 
988.11 10000 46601 
994.54 10000 46617 
1002.1 10000 46633 
1009.08 10000 46648 
1015.8 10000 46664 
1023.09 10000 46680 
1030.15 10000 46696 
1036.48 10000 46711 
1043.99 10000 46727 
1051.62 10000 46743 
1058.67 10000 46759 
1066.94 10000 46775 
1072.89 10000 46790 
1078.85 10000 46806 
1086.18 10000 46822 
1094.38 10000 46838 
1101.64 10000 46854 
1108.69 10000 46869 
1116.26 10000 46885 
1123.58 10000 46901 
1129.85 10000 46917 
1137.91 10000 46932 
1143.81 10000 46948 
1148.72 10000 46964 
1155.13 10000 46980 
1161.55 10000 46996 
1168.49 10000 47011 
1176.28 10000 47027 
1183.09 10000 47043 
1190.07 10000 47059 
1196.36 10000 47075 
1203.02 10000 47090 
1210.47 10000 47106 
1217.24 10000 47122 
1224.33 10000 47138 
1232.11 10000 47153 
1239.99 10000 47169 
1247.79 10000 47185 
1254.86 10000 47201 
1261.88 10000 47217 
1269.09 10000 47232 
1276.39 10000 47248 
1284.01 10000 47264 
1292.55 10000 47280 
1300.37 10000 47295 
1307.96 10000 47311 
1316.29 10000 47327 
1324.52 10000 47343 
1332.04 10000 47359 
1338.47 10000 47374 
1345.45 10000 47390 
1353.01 10000 47406 
1359.53 10000 47422 
1366.61 10000 47438 
1373.9 10000 47453 
1381.83 10000 47469 
1389.49 10000 47485 
1396.42 10000 47501 
1403.33 10000 47517 
1410.41 10000 47532 
1418.17 10000 47548 
1425.21 10000 47564 
1432.04 10000 47580 
1439.41 10000 47595 
1446.87 10000 47611 
1453.4 10000 47627 
1460.29 10000 47643 
1467.88 10000 47659 
1475.13 10000 47674 
1481.22 10000 47690 
1488.29 10000 47706 
1495.8 10000 47722 
1503.55 10000 47737 
1510.45 10000 47753 
1517.25 10000 47769 
1524.59 10000 47785 
1531.62 10000 47801 
1538.11 10000 47816 
1544.74 10000 47832 
1552.31 10000 47848 
1560.33 10000 47864 
1567.39 10000 47880 
1574.68 10000 47895 
1581.95 10000 47911 
1589.35 10000 47927 
1596.27 10000 47943 
1604.06 10000 47959 
1611.82 10000 47974 
1619.67 10000 47990 
1627.37 10000 48006 
1635.48 10000 48022 
1643.64 10000 48037 
1652.35 10000 48053 
1659.89 10000 48069 
1667.92 10000 48085 
1676.23 10000 48101 
1684.33 10000 48116 
1691.68 10000 48132 
1699.7 10000 48148 
1707.61 10000 48164 
1713.61 10000 48179 
1713.03 10000 48195 
1713.61 10000 48211 
1724.24 10000 48227 
1735.72 10000 48243 
1744.91 10000 48258 
1753.71 10000 48274 
1762.19 10000 48290 
1770.66 10000 48306 
1778.67 10000 48322 
1787.96 10000 48337 
1797.26 10000 48353 
1806.53 10000 48369 
1814.99 10000 48385 
1823.68 10000 48401 
1832.93 10000 48416 
1842.33 10000 48432 
1851.13 10000 48448 
1860.3 10000 48464 
1869.1 10000 48479 
1877.92 10000 48495 
1886.6 10000 48511 
1895.67 10000 48527 
1904.36 10000 48543 
1913.85 10000 48558 
1923.98 10000 48574 
1934.58 10000 48590 
1944.41 10000 48606 
1953.33 10000 48622 
1961.45 10000 48637 
1969.51 10000 48653 
1977.86 10000 48669 
1986.26 10000 48685 
1994.86 10000 48700 
2003.22 10000 48716 
2011.63 10000 48732 
2020.48 10000 48748 
2028.9 10000 48764 
2036.74 10000 48779 
2045.46 10000 48795 
2054.53 10000 48811 
2064.01 10000 48827 
2072.95 10000 48843 
2082.23 10000 48858 
2091.25 10000 48874 
2100.68 10000 48890 
2109.62 10000 48906 
2119.04 10000 48921 
2128.33 10000 48937 
2137.94 10000 48953 
2146.66 10000 48969 
2155.85 10000 48985 
2165.17 10000 49000 
2175.2 10000 49016 
2184.47 10000 49032 
2193.97 10000 49048 
2203.09 10000 49064 
2211.94 10000 49079 
2220.45 10000 49095 
2229.56 10000 49111 
2238.77 10000 49127 
2248.96 10000 49142 
2257.8 10000 49158 
2267.42 10000 49174 
2276.49 10000 49190 
2286.57 10000 49206 
2296.24 10000 49221 
2306.08 10000 49237 
2315.41 10000 49253 
2325.03 10000 49269 
2333.95 10000 49285 
2344.25 10000 49300 
2353.55 10000 49316 
2362.66 10000 49332 
2372.17 10000 49348 
2382.53 10000 49363 
2392.47 10000 49379 
2402.47 10000 49395 
2411.91 10000 49411 
2422.14 10000 49427 
2432.18 10000 49442 
2442.89 10000 49458 
2452.86 10000 49474 
2462.92 10000 49490 
2473.43 10000 49506 
2484.15 10000 49521 
2494.39 10000 49537 
2505.69 10000 49553 
2516.28 10000 49569 
2526.81 10000 49584 
2537.41 10000 49600 
2548.48 10000 49616 
2558.82 10000 49632 
2569.74 10000 49648 
2580.49 10000 49663 
2591.32 10000 49679 
2601.72 10000 49695 
2612.36 10000 49711 
2623.04 10000 49726 
2633.92 10000 49742 
2644.52 10000 49758 
2654.82 10000 49774 
2665.63 10000 49790 
2677.46 10000 49805 
2689.29 10000 49821 
2700.41 10000 49837 
2711.25 10000 49853 
2722.93 10000 49869 
2734.91 10000 49884 
2746.5 10000 49900 
2757.92 10000 49916 
2768.98 10000 49932 
2780.16 10000 49947 
2791 10000 49963 
2802.11 10000 49979 
2813.76 10000 49995 
2826.39 10000 50011 
2837.58 10000 50026 
2848.59 10000 50042 
2860.13 10000 50058 
2872.41 10000 50074 
2883.62 10000 50090 
2895.26 10000 50105 
2906.69 10000 50121 
2918.71 10000 50137 
2930.43 10000 50153 
2942.87 10000 50168 
2955.18 10000 50184 
2968.15 10000 50200 
2980.38 10000 50216 
2993.23 10000 50232 
3006.4 10000 50247 
3020.19 10000 50263 
3033.13 10000 50279 
3046.51 10000 50295 
3059.85 10000 50311 
3073.53 10000 50326 
3086.51 10000 50342 
3100.05 10000 50358 
3112.76 10000 50374 
3126.06 10000 50389 
3138.91 10000 50405 
3152.23 10000 50421 
3164.98 10000 50437 
3178.35 10000 50453 
3191.25 10000 50468 
3204.25 10000 50484 
3216.67 10000 50500 
3230.48 10000 50516 
3244.05 10000 50532 
3257.37 10000 50547 
3270.6 10000 50563 
3285.01 10000 50579 
3298.86 10000 50595 
3312.77 10000 50610 
3326.22 10000 50626 
3340.73 10000 50642 
3354.38 10000 50658 
3368.21 10000 50674 
3381.69 10000 50689 
3396.45 10000 50705 
3410.44 10000 50721 
3424.32 10000 50737 
3437.77 10000 50753 
3452.47 10000 50768 
3466.84 10000 50784 
3480.84 10000 50800 
3494.97 10000 50816 
3509.43 10000 50831 
3523.79 10000 50847 
3538.35 10000 50863 
3552.77 10000 50879 
3567.7 10000 50895 
3582.84 10000 50910 
3597.68 10000 50926 
3612.4 10000 50942 
3627.4 10000 50958 
3642.59 10000 50974 
3657.92 10000 50989 
3673.04 10000 51005 
3688.63 10000 51021 
3704.71 10000 51037 
3720.79 10000 51052 
3736.3 10000 51068 
3751.8 10000 51084 
3768.01 10000 51100 
3783.82 10000 51116 
3799.4 10000 51131 
3815.37 10000 51147 
3831.87 10000 51163 
3847.27 10000 51179 
3863.27 10000 51195 
3879.58 10000 51210 
3896.14 10000 51226 
3911.9 10000 51242 
3928.16 10000 51258 
3944.4 10000 51273 
3961.26 10000 51289 
3977.24 10000 51305 
3993.38 10000 51321 
4009.77 10000 51337 
4027.09 10000 51352 
4043.56 10000 51368 
4060.31 10000 51384 
4076.72 10000 51400 
4094.02 10000 51416 
4110.51 10000 51431 
4126.98 10000 51447 
4142.86 10000 51463 
4159.91 10000 51479 
4175.87 10000 51494 
4192.5 10000 51510 
4208.19 10000 51526 
4224.43 10000 51542 
4239.88 10000 51558 
4256.21 10000 51573 
4272.51 10000 51589 
4289.33 10000 51605 
4305.46 10000 51621 
4322.33 10000 51636 
4338.93 10000 51652 
4356.83 10000 51668 
4373.85 10000 51684 
4391.8 10000 51700 
4409.46 10000 51715 
4427.7 10000 51731 
4445.55 10000 51747 
4464.14 10000 51763 
4482.2 10000 51779 
4500.86 10000 51794 
4519.02 10000 51810 
4536.85 10000 51826 
4554.35 10000 51842 
4572.89 10000 51858 
4590.34 10000 51873 
4608.27 10000 51889 
4626.08 10000 51905 
4644.47 10000 51921 
4662.33 10000 51936 
4680.21 10000 51952 
4698.14 10000 51968 
4717.1 10000 51984 
4735.29 10000 52000 
4753.02 10000 52015 
4770.1 10000 52031 
4788.88 10000 52047 
4803.52 10000 52063 
4815.18 10000 52079 
4834.88 10000 52094 
4855.01 10000 52110 
4873.17 10000 52126 
4888.24 10000 52142 
4903.08 10000 52157 
4921.91 10000 52173 
4940 10000 52189 
4956.26 10000 52205 
4973.49 10000 52221 
4991.85 10000 52236 
5009.5 10000 52252 
5025.9 10000 52268 
5043.21 10000 52284 
5061.35 10000 52300 
5079.45 10000 52315 
5097.08 10000 52331 
5116.17 10000 52347 
5136.38 10000 52363 
5157 10000 52378 
5176.63 10000 52394 
5197.71 10000 52410 
5219.05 10000 52426 
5241.45 10000 52442 
5262.12 10000 52457 
5282.84 10000 52473 
5303.79 10000 52489 
5324.88 10000 52505 
5343.8 10000 52521 
5363.66 10000 52536 
5384.47 10000 52552 
5405.81 10000 52568 
5425.54 10000 52584 
5445.47 10000 52599 
5465.12 10000 52615 
5485.3 10000 52631 
5504.08 10000 52647 
5524.05 10000 52663 
5544.79 10000 52678 
5565.87 10000 52694 
5584.42 10000 52710 
5603.12 10000 52726 
5622.97 10000 52742 
5643.49 10000 52757 
5662.03 10000 52773 
5681.63 10000 52789 
5701.79 10000 52805 
5723.33 10000 52820 
5743.21 10000 52836 
5763.23 10000 52852 
5783.82 10000 52868 
5805.59 10000 52884 
5825.53 10000 52899 
5845.96 10000 52915 
5866.46 10000 52931 
5887.85 10000 52947 
5907.5 10000 52963 
5926.92 10000 52978 
5947.25 10000 52994 
5969.32 10000 53010 
5990.35 10000 53026 
6010.42 10000 53042 
6031.48 10000 53057 
6055.02 10000 53073 
6077.45 10000 53089 
6098.52 10000 53105 
6118.68 10000 53120 
6139.56 10000 53136 
6159.44 10000 53152 
6179.69 10000 53168 
6201.31 10000 53184 
6224.85 10000 53199 
6247.8 10000 53215 
6269.44 10000 53231 
6292.29 10000 53247 
6316.34 10000 53263 
6339.5 10000 53278 
6361.41 10000 53294 
6383.85 10000 53310 
6407.65 10000 53326 
6430.81 10000 53341 
6452.18 10000 53357 
6474.4 10000 53373 
6498.56 10000 53389 
6522.74 10000 53405 
6544.41 10000 53420 
6565.46 10000 53436 
6588.45 10000 53452 
6612.36 10000 53468 
6634.32 10000 53484 
6657.24 10000 53499 
6681.32 10000 53515 
6706.34 10000 53531 
6730.82 10000 53547 
6755.48 10000 53562 
6779.71 10000 53578 
6804.92 10000 53594 
6829.12 10000 53610 
6853.16 10000 53626 
6876.14 10000 53641 
6900.84 10000 53657 
6925.3 10000 53673 
6950.83 10000 53689 
6975.4 10000 53705 
7001.07 10000 53720 
7025.82 10000 53736 
7051.24 10000 53752 
7075.75 10000 53768 
7101.21 10000 53783 
7125.57 10000 53799 
7150.52 10000 53815 
7174.79 10000 53831 
7199.6 10000 53847 
7223.63 10000 53862 
7248.82 10000 53878 
7273.07 10000 53894 
7298.62 10000 53910 
7323.39 10000 53926 
7349.19 10000 53941 
7374.32 10000 53957 
7400.37 10000 53973 
7425.91 10000 53989 
7452.59 10000 54004 
7478.54 10000 54020 
7505.61 10000 54036 
7531.67 10000 54052 
7558.19 10000 54068 
7583.5 10000 54083 
7609.66 10000 54099 
7635.74 10000 54115 
7662.16 10000 54131 
7688.6 10000 54147 
7716.86 10000 54162 
7744.03 10000 54178 
7770.83 10000 54194 
7796.33 10000 54210 
7823.7 10000 54226 
7850.63 10000 54241 
7878.76 10000 54257 
7906.61 10000 54273 
7935.25 10000 54289 
7962.74 10000 54304 
7989.77 10000 54320 
8016.47 10000 54336 
8044.03 10000 54352 
8071.88 10000 54368 
8099.14 10000 54383 
8125.58 10000 54399 
8153.31 10000 54415 
8181.15 10000 54431 
8207.89 10000 54447 
8234.48 10000 54462 
8261.63 10000 54478 
8289.25 10000 54494 
8315.65 10000 54510 
8341.81 10000 54526 
8368.08 10000 54541 
8394.32 10000 54557 
8419.62 10000 54573 
8445.33 10000 54589 
8471.93 10000 54604 
8499.5 10000 54620 
8526.67 10000 54636 
8553.84 10000 54652 
8580.89 10000 54668 
8608.74 10000 54683 
8635.61 10000 54699 
8663.14 10000 54715 
8690.28 10000 54731 
8718.62 10000 54746 
8747.18 10000 54762 
8776.46 10000 54778 
8804.67 10000 54794 
8833.05 10000 54810 
8861.62 10000 54825 
8891.79 10000 54841 
8920.68 10000 54857 
8948.06 10000 54873 
8974.2 10000 54889 
9002.25 10000 54904 
9029.73 10000 54920 
9057.32 10000 54936 
9083.87 10000 54952 
9111.31 10000 54967 
9137.86 10000 54983 
9165.32 10000 54999 
9190.06 10000 55015 
9215.62 10000 55031 
9243.14 10000 55046 
9271.34 10000 55062 
9298.12 10000 55078 
9326.11 10000 55094 
9354.46 10000 55110 
9384.31 10000 55125 
9411.87 10000 55141 
9438.77 10000 55157 
9465.16 10000 55173 
9492.98 10000 55188 
9520.07 10000 55204 
9546.2 10000 55220 
9569.59 10000 55236 
9595.13 10000 55252 
9620.78 10000 55267 
9645.71 10000 55283 
9670.95 10000 55299 
9697.75 10000 55315 
9723.05 10000 55331 
9749.28 10000 55346 
9776.19 10000 55362 
9804.74 10000 55378 
9831.69 10000 55394 
9857.81 10000 55409 
9883.12 10000 55425 
9909.39 10000 55441 
9935.59 10000 55457 
9961.5 10000 55473 
9986.34 10000 55488 
10013.66 10000 55504 
10041.25 10000 55520 
10067.8 10000 55520 
10074.43 10000 55520 
10028.8 10000 55520 
9973.53 10000 55520 
9928.72 10000 55520 
9890.65 10000 55520 
9856.73 10000 55520 
9826.57 10000 55520 
9800 10000 55520 
9773.67 10000 55520 
9748.76 10000 55520 
9725.63 10000 55520 
9704.01 10000 55520 
9683.96 10000 55520 
9664.41 10000 55520 
9645.95 10000 55520 
9628.64 10000 55520 
9611.91 10000 55520 
9595.56 10000 55520 
9580.18 10000 55520 
9565.27 10000 55520 
9551.13 10000 55520 
9537.38 10000 55520 
9523.9 10000 55520 
9510.77 10000 55520 
9497.88 10000 55520 
9485.44 10000 55520 
9473.19 10000 55520 
9461.72 10000 55520 
9450.38 10000 55520 
9439.2 10000 55520 
9428.39 10000 55520 
9417.52 10000 55520 
9407.05 10000 55520 
