6.75 10000 41431 
6.84 10000 41431 
6.61 10000 41431 
6.34 10000 41431 
6.38 10000 41431 
6.66 10000 41431 
6.61 10000 41431 
6.71 10000 41431 
6.73 10000 41431 
6.78 10000 41431 
6.77 10000 41431 
6.62 10000 41431 
6.55 10000 41431 
6.63 10000 41431 
6.34 10000 41590 
6.28 10000 41753 
6.61 10000 41773 
6.79 10000 41789 
6.98 10000 41804 
7.24 10000 41820 
7.5 10000 41836 
7.93 10000 41852 
8.33 10000 41868 
9.06 10000 41883 
9.56 10000 41899 
9.81 10000 41915 
10.16 10000 41931 
10.86 10000 41947 
11.27 10000 41962 
11.68 10000 41978 
13.24 10000 41994 
14.77 10000 42010 
16.29 10000 42026 
17.1 10000 42041 
17.64 10000 42057 
18.57 10000 42073 
19.82 10000 42089 
21.39 10000 42105 
23.18 10000 42120 
24.94 10000 42136 
27.16 10000 42152 
29.71 10000 42168 
32.4 10000 42183 
35.87 10000 42199 
39.6 10000 42215 
43.98 10000 42231 
48.84 10000 42247 
53.68 10000 42262 
58.75 10000 42278 
64.66 10000 42294 
70.78 10000 42310 
78.15 10000 42326 
86.11 10000 42341 
94.03 10000 42357 
101.84 10000 42373 
109.64 10000 42389 
117.67 10000 42405 
126.26 10000 42420 
134.6 10000 42436 
143.65 10000 42452 
152.25 10000 42468 
161 10000 42484 
169.68 10000 42499 
178.83 10000 42515 
187.99 10000 42531 
197.23 10000 42547 
205.62 10000 42563 
213.88 10000 42578 
222.44 10000 42594 
231.23 10000 42610 
240.3 10000 42626 
248.94 10000 42641 
257.18 10000 42657 
265.93 10000 42673 
274.67 10000 42689 
282.99 10000 42705 
291.18 10000 42720 
300.45 10000 42736 
309.93 10000 42752 
319.04 10000 42768 
327.8 10000 42784 
337.78 10000 42799 
347.44 10000 42815 
356.63 10000 42831 
365.77 10000 42847 
375.05 10000 42863 
384.15 10000 42878 
393.26 10000 42894 
402.32 10000 42910 
411.92 10000 42926 
421.08 10000 42942 
429.78 10000 42957 
438.3 10000 42973 
447.35 10000 42989 
456.19 10000 43005 
464.98 10000 43021 
473.84 10000 43036 
483.24 10000 43052 
493 10000 43068 
502.29 10000 43084 
511.22 10000 43100 
520.6 10000 43115 
530.43 10000 43131 
539.64 10000 43147 
549.14 10000 43163 
558.75 10000 43178 
568.6 10000 43194 
578.09 10000 43210 
587.67 10000 43226 
597.24 10000 43242 
606.88 10000 43257 
616.09 10000 43273 
625.32 10000 43289 
634.76 10000 43305 
644.59 10000 43321 
653.33 10000 43336 
661.66 10000 43352 
669.78 10000 43368 
679.11 10000 43384 
688.77 10000 43400 
697.93 10000 43415 
706.75 10000 43431 
716.4 10000 43447 
725.91 10000 43463 
735.15 10000 43479 
744.6 10000 43494 
754.68 10000 43510 
763.67 10000 43526 
772.08 10000 43542 
780.06 10000 43558 
789.92 10000 43573 
799.03 10000 43589 
807.67 10000 43605 
817.15 10000 43621 
827.14 10000 43636 
835.12 10000 43652 
843.35 10000 43668 
852.57 10000 43684 
862.96 10000 43700 
872.27 10000 43715 
880.77 10000 43731 
889.57 10000 43747 
899 10000 43763 
908.33 10000 43779 
917.37 10000 43794 
926.25 10000 43810 
936.6 10000 43826 
946.35 10000 43842 
955.1 10000 43858 
964.22 10000 43873 
973.94 10000 43889 
983.13 10000 43905 
992.81 10000 43921 
1002.8 10000 43937 
1012.09 10000 43952 
1022.2 10000 43968 
1032.59 10000 43984 
1040.93 10000 44000 
1050.51 10000 44015 
1061.39 10000 44031 
1072.13 10000 44047 
1081.4 10000 44063 
1090.94 10000 44079 
1100.54 10000 44094 
1109.89 10000 44110 
1119.03 10000 44126 
1128.27 10000 44142 
1137.86 10000 44158 
1147.78 10000 44173 
1157.95 10000 44189 
1168.06 10000 44205 
1178.05 10000 44221 
1187.16 10000 44237 
1196.14 10000 44252 
1205.17 10000 44268 
1212.51 10000 44284 
1220.48 10000 44300 
1230.55 10000 44316 
1242.27 10000 44331 
1250.99 10000 44347 
1259.95 10000 44363 
1270.47 10000 44379 
1281.15 10000 44395 
1292.31 10000 44410 
1302.82 10000 44426 
1313.89 10000 44442 
1325.06 10000 44458 
1335.74 10000 44474 
1345.37 10000 44489 
1355.9 10000 44505 
1365.72 10000 44521 
1374.99 10000 44537 
1383.66 10000 44552 
1393.19 10000 44568 
1403.05 10000 44584 
1414.29 10000 44600 
1424.77 10000 44616 
1434.6 10000 44631 
1445.31 10000 44647 
1456.35 10000 44663 
1467.42 10000 44679 
1478.51 10000 44695 
1488.04 10000 44710 
1497.63 10000 44726 
1507.37 10000 44742 
1517.78 10000 44758 
1527.63 10000 44774 
1537.74 10000 44789 
1547.6 10000 44805 
1558.29 10000 44821 
1568.46 10000 44837 
1578.86 10000 44853 
1589.15 10000 44868 
1599.54 10000 44884 
1609.28 10000 44900 
1620 10000 44916 
1630.42 10000 44932 
1641.77 10000 44947 
1652.31 10000 44963 
1663.25 10000 44979 
1674.2 10000 44995 
1685.05 10000 45010 
1694.8 10000 45026 
1705.39 10000 45042 
1716.5 10000 45058 
1728.48 10000 45074 
1739.6 10000 45089 
1750.37 10000 45105 
1760.01 10000 45121 
1770.01 10000 45137 
1780.08 10000 45153 
1791.11 10000 45168 
1801.7 10000 45184 
1812.22 10000 45200 
1822.78 10000 45216 
1833.62 10000 45232 
1843.36 10000 45247 
1853.08 10000 45263 
1863.63 10000 45279 
1874.31 10000 45295 
1884.58 10000 45311 
1895.36 10000 45326 
1905.95 10000 45342 
1916.56 10000 45358 
1926.02 10000 45374 
1935.48 10000 45389 
1945.23 10000 45405 
1954.74 10000 45421 
1963.95 10000 45437 
1974.33 10000 45453 
1985.35 10000 45468 
1995.47 10000 45484 
2006.23 10000 45500 
2015.49 10000 45516 
2025.6 10000 45532 
2036.71 10000 45547 
2046.81 10000 45563 
2057.05 10000 45579 
2068.04 10000 45595 
2079.14 10000 45611 
2090.14 10000 45626 
2100.01 10000 45642 
2110.43 10000 45658 
2119.39 10000 45674 
2125.55 10000 45690 
2136.52 10000 45705 
2147.62 10000 45721 
2157.82 10000 45737 
2167.83 10000 45753 
2178.08 10000 45769 
2188.43 10000 45784 
2198.23 10000 45800 
2209.06 10000 45816 
2219.36 10000 45832 
2229.93 10000 45848 
2240.36 10000 45863 
2251.35 10000 45879 
2261.81 10000 45895 
2272.44 10000 45911 
2282.83 10000 45926 
2293.77 10000 45942 
2304.46 10000 45958 
2315.21 10000 45974 
2324.88 10000 45990 
2335.81 10000 46005 
2346.47 10000 46021 
2357.9 10000 46037 
2368.79 10000 46053 
2380 10000 46069 
2390.87 10000 46084 
2402.31 10000 46100 
2412.46 10000 46116 
2423.16 10000 46132 
2433.65 10000 46148 
2444.1 10000 46163 
2453.91 10000 46179 
2464.82 10000 46195 
2475.39 10000 46211 
2486.5 10000 46227 
2497.67 10000 46242 
2508.75 10000 46258 
2518.93 10000 46274 
2530.42 10000 46290 
2541.67 10000 46305 
2552.59 10000 46321 
2563.15 10000 46337 
2574.41 10000 46353 
2585.25 10000 46369 
2596.33 10000 46384 
2607.38 10000 46400 
2619.03 10000 46416 
2630.32 10000 46432 
2641.37 10000 46448 
2651.61 10000 46463 
2662.22 10000 46479 
2672.97 10000 46495 
2682.95 10000 46511 
2693.59 10000 46527 
2704.63 10000 46542 
2715.74 10000 46558 
2727.03 10000 46574 
2737.74 10000 46590 
2748.57 10000 46606 
2759.58 10000 46621 
2770.36 10000 46637 
2780.92 10000 46653 
2791.86 10000 46669 
2802.91 10000 46685 
2813.48 10000 46700 
2824.38 10000 46716 
2835.42 10000 46732 
2846.82 10000 46748 
2857.72 10000 46763 
2868.71 10000 46779 
2880.19 10000 46795 
2891.59 10000 46811 
2902.18 10000 46827 
2913.3 10000 46842 
2924.11 10000 46858 
2935.48 10000 46874 
2946.3 10000 46890 
2957.73 10000 46906 
2968.72 10000 46921 
2979.91 10000 46937 
2990.59 10000 46953 
3001.7 10000 46969 
3012.86 10000 46985 
3024.3 10000 47000 
3035.16 10000 47016 
3046.69 10000 47032 
3058.02 10000 47048 
3069.46 10000 47064 
3080.35 10000 47079 
3091.2 10000 47095 
3102.46 10000 47111 
3114.35 10000 47127 
3124.85 10000 47143 
3135.59 10000 47158 
3146.87 10000 47174 
3158.52 10000 47190 
3169.21 10000 47206 
3180.28 10000 47221 
3191.07 10000 47237 
3202.81 10000 47253 
3213.92 10000 47269 
3225.12 10000 47285 
3235.99 10000 47300 
3247.83 10000 47316 
3258.89 10000 47332 
3270.06 10000 47348 
3281.16 10000 47364 
3293.42 10000 47379 
3304.84 10000 47395 
3316.14 10000 47411 
3327.27 10000 47427 
3338.96 10000 47443 
3349.98 10000 47458 
3361.67 10000 47474 
3372.85 10000 47490 
3384.65 10000 47506 
3396.28 10000 47522 
3407.7 10000 47537 
3418.78 10000 47553 
3430.44 10000 47569 
3441.86 10000 47585 
3453.25 10000 47600 
3464.35 10000 47616 
3476.36 10000 47632 
3488.3 10000 47648 
3500.39 10000 47664 
3512.01 10000 47679 
3524.16 10000 47695 
3535.61 10000 47711 
3547.35 10000 47727 
3559.36 10000 47743 
3572.15 10000 47758 
3584.07 10000 47774 
3595.66 10000 47790 
3607.57 10000 47806 
3619.21 10000 47822 
3630.62 10000 47837 
3642.02 10000 47853 
3653.17 10000 47869 
3664.98 10000 47885 
3676.62 10000 47901 
3688.27 10000 47916 
3699.59 10000 47932 
3710.88 10000 47948 
3722.48 10000 47964 
3733.34 10000 47980 
3745.05 10000 47995 
3756.65 10000 48011 
3768.78 10000 48027 
3780.18 10000 48043 
3791.61 10000 48058 
3802.96 10000 48074 
3814.9 10000 48090 
3825.81 10000 48106 
3837.06 10000 48122 
3848.28 10000 48137 
3860.02 10000 48153 
3870.28 10000 48169 
3880.75 10000 48185 
3892.42 10000 48201 
3905.02 10000 48216 
3917.04 10000 48232 
3929.44 10000 48248 
3941.13 10000 48264 
3952.76 10000 48280 
3963.51 10000 48295 
3975.15 10000 48311 
3986.52 10000 48327 
3998.63 10000 48343 
4010.03 10000 48358 
4021.96 10000 48374 
4033.21 10000 48390 
4044.8 10000 48406 
4055.83 10000 48422 
4067.09 10000 48437 
4077.87 10000 48453 
4089.15 10000 48469 
4099.46 10000 48485 
4110.26 10000 48501 
4120.5 10000 48516 
4131.5 10000 48532 
4141.5 10000 48548 
4151.83 10000 48564 
4162.24 10000 48580 
4173.41 10000 48595 
4183.54 10000 48611 
4193.93 10000 48627 
4203.87 10000 48643 
4214.68 10000 48659 
4223.98 10000 48674 
4232.17 10000 48690 
4242.73 10000 48706 
4254.21 10000 48722 
4264.41 10000 48738 
4275.13 10000 48753 
4285.6 10000 48769 
4296.54 10000 48785 
4306.14 10000 48801 
4316.24 10000 48817 
4326.76 10000 48832 
4337.61 10000 48848 
4347.76 10000 48864 
4358.12 10000 48880 
4368.67 10000 48895 
4379.08 10000 48911 
4389.28 10000 48927 
4399.7 10000 48943 
4410.74 10000 48959 
4421.5 10000 48974 
4431.32 10000 48990 
4441.35 10000 49006 
4451.75 10000 49022 
4461.89 10000 49038 
4471.18 10000 49053 
4480.67 10000 49069 
4490.92 10000 49085 
4501.9 10000 49101 
4512.74 10000 49117 
4523.18 10000 49132 
4534.08 10000 49148 
4544.68 10000 49164 
4555.06 10000 49180 
4565.17 10000 49196 
4575.6 10000 49211 
4586.55 10000 49227 
4596.96 10000 49243 
4606.71 10000 49259 
4617.08 10000 49274 
4627.22 10000 49290 
4638.02 10000 49306 
4648.05 10000 49322 
4658.23 10000 49338 
4668.55 10000 49353 
4679.01 10000 49369 
4688.15 10000 49385 
4697.84 10000 49401 
4707.94 10000 49417 
4718.7 10000 49432 
4727.77 10000 49448 
4737.39 10000 49464 
4746.17 10000 49480 
4754.6 10000 49496 
4762.96 10000 49511 
4772.65 10000 49527 
4782.41 10000 49543 
4792.67 10000 49559 
4801.14 10000 49575 
4810.32 10000 49590 
4820.04 10000 49606 
4830.67 10000 49622 
4839.69 10000 49638 
4849.54 10000 49653 
4858.63 10000 49669 
4868.12 10000 49685 
4876.12 10000 49701 
4885.46 10000 49717 
4894.9 10000 49732 
4905.44 10000 49748 
4914.1 10000 49764 
4922.81 10000 49780 
4932.24 10000 49796 
4942.68 10000 49811 
4951.34 10000 49827 
4959.98 10000 49843 
4969.2 10000 49859 
4980.42 10000 49875 
4990.2 10000 49890 
4999.79 10000 49906 
5008.49 10000 49922 
5017.82 10000 49938 
5026.2 10000 49953 
5034.14 10000 49969 
5042.76 10000 49985 
5052.81 10000 50001 
5061.52 10000 50017 
5070.47 10000 50032 
5079.58 10000 50048 
5090.08 10000 50064 
5098.49 10000 50080 
5105.87 10000 50096 
5113.99 10000 50111 
5123.47 10000 50127 
5132.12 10000 50143 
5139.99 10000 50159 
5148.02 10000 50175 
5157.54 10000 50190 
5165.74 10000 50206 
5172.58 10000 50222 
5179.58 10000 50238 
5188.95 10000 50254 
5197.57 10000 50269 
5205.62 10000 50285 
5214.42 10000 50301 
5223.22 10000 50317 
5231.43 10000 50333 
5239.62 10000 50348 
5247.46 10000 50364 
5255.36 10000 50380 
5263.21 10000 50396 
5270.7 10000 50411 
5278.33 10000 50427 
5286.66 10000 50443 
5295.07 10000 50459 
5302.14 10000 50475 
5309.15 10000 50490 
5316.95 10000 50506 
5325.67 10000 50522 
5332.97 10000 50538 
5339.84 10000 50554 
5347.45 10000 50569 
5356.01 10000 50585 
5363.89 10000 50601 
5372.28 10000 50617 
5380.39 10000 50633 
5387.74 10000 50648 
5392.71 10000 50664 
5398.72 10000 50680 
5404.93 10000 50696 
5411.85 10000 50712 
5417.77 10000 50727 
5424.74 10000 50743 
5431.32 10000 50759 
5439.01 10000 50775 
5445.7 10000 50791 
5452.84 10000 50806 
5458.89 10000 50822 
5464.81 10000 50838 
5469.79 10000 50854 
5475.34 10000 50869 
5481.84 10000 50885 
5488.8 10000 50901 
5493.27 10000 50917 
5499.55 10000 50933 
5506.09 10000 50948 
5513.57 10000 50964 
5520.19 10000 50980 
5527.24 10000 50996 
5533.6 10000 51012 
5540.07 10000 51027 
5545.44 10000 51043 
5551.04 10000 51059 
5556.95 10000 51075 
5565.24 10000 51091 
5572.66 10000 51106 
5579.74 10000 51122 
5584.66 10000 51138 
5588.97 10000 51154 
5593.33 10000 51169 
5598.91 10000 51185 
5603.61 10000 51201 
5608.33 10000 51217 
5612.81 10000 51233 
5617.58 10000 51248 
5622.2 10000 51264 
5628.12 10000 51280 
5633.29 10000 51296 
5638.29 10000 51312 
5642.91 10000 51327 
5647.92 10000 51343 
5652.33 10000 51359 
5654.78 10000 51375 
5658.6 10000 51391 
5664.05 10000 51406 
5669.37 10000 51422 
5675.31 10000 51438 
5680.57 10000 51454 
5683.91 10000 51470 
5687.1 10000 51485 
5691.7 10000 51501 
5692.7 10000 51517 
5695.38 10000 51533 
5699.99 10000 51549 
5705.43 10000 51564 
5711.65 10000 51580 
5717.71 10000 51596 
5723.37 10000 51612 
5728.29 10000 51628 
5732.76 10000 51643 
5736.39 10000 51659 
5740.13 10000 51675 
5743.63 10000 51691 
5747.69 10000 51707 
5752.22 10000 51722 
5757.2 10000 51738 
5760.4 10000 51754 
5763.47 10000 51770 
5766.44 10000 51785 
5769.97 10000 51801 
5772.37 10000 51817 
5774.23 10000 51833 
5776.85 10000 51849 
5780.84 10000 51864 
5783.45 10000 51880 
5787.16 10000 51896 
5790.76 10000 51912 
5794.74 10000 51928 
5797.49 10000 51943 
5801.92 10000 51959 
5805.74 10000 51975 
5809.51 10000 51991 
5811.74 10000 52007 
5815.1 10000 52022 
5818.59 10000 52038 
5822.14 10000 52054 
5823.93 10000 52070 
5826.87 10000 52086 
5830.14 10000 52101 
5833.32 10000 52117 
5835.47 10000 52133 
5838.75 10000 52149 
5841.75 10000 52164 
5845.15 10000 52180 
5846.98 10000 52196 
5849.24 10000 52212 
5851.97 10000 52228 
5855.17 10000 52243 
5856.96 10000 52259 
5859.78 10000 52275 
5862.54 10000 52291 
5866.36 10000 52307 
5869.05 10000 52322 
5871.48 10000 52338 
5873.93 10000 52354 
5877.47 10000 52370 
5880.61 10000 52386 
5884.57 10000 52401 
5888.52 10000 52417 
5892.08 10000 52433 
5893.86 10000 52449 
5896.11 10000 52465 
5899.56 10000 52480 
5904.28 10000 52496 
5907.46 10000 52512 
5910.87 10000 52528 
5914.56 10000 52544 
5918.25 10000 52559 
5920.85 10000 52575 
5923.29 10000 52591 
5926.47 10000 52607 
5930.68 10000 52623 
5934.53 10000 52638 
5937.2 10000 52654 
5939.84 10000 52670 
5943.27 10000 52686 
5945.83 10000 52702 
5948.06 10000 52717 
5951.13 10000 52733 
5954.85 10000 52749 
5958.09 10000 52765 
5960.8 10000 52780 
5964.94 10000 52796 
5970.08 10000 52812 
5974.55 10000 52828 
5978.04 10000 52844 
5982.93 10000 52859 
5988.24 10000 52875 
5992.33 10000 52891 
5995.29 10000 52907 
5999.78 10000 52923 
6004.78 10000 52938 
6008.95 10000 52954 
6012.21 10000 52970 
6015.11 10000 52986 
6019.46 10000 53002 
6025.59 10000 53017 
6030.86 10000 53033 
6036.35 10000 53049 
6041.15 10000 53065 
6046.09 10000 53081 
6049 10000 53096 
6053 10000 53112 
6057.25 10000 53128 
6062.72 10000 53144 
6067.32 10000 53160 
6072.51 10000 53175 
6076.56 10000 53191 
6081.97 10000 53207 
6085.65 10000 53223 
6089.68 10000 53239 
6094.33 10000 53254 
6100.5 10000 53270 
6105.24 10000 53286 
6110.94 10000 53302 
6117.16 10000 53318 
6124.14 10000 53333 
6128.97 10000 53349 
6132.02 10000 53365 
6134.63 10000 53381 
6140.9 10000 53396 
6146.1 10000 53412 
6150.81 10000 53428 
6156.1 10000 53444 
6163.06 10000 53460 
6169.52 10000 53475 
6176.36 10000 53491 
6181.82 10000 53507 
6189.15 10000 53523 
6196.04 10000 53539 
6202.24 10000 53554 
6208.43 10000 53570 
6215.32 10000 53586 
6221.03 10000 53602 
6227.83 10000 53618 
6235.53 10000 53633 
6244.48 10000 53649 
6252.18 10000 53665 
6259.54 10000 53681 
6266.27 10000 53697 
6274.52 10000 53712 
6282.25 10000 53728 
6289.5 10000 53744 
6297.23 10000 53760 
6306.22 10000 53776 
6314.87 10000 53791 
6323.21 10000 53807 
6330.62 10000 53823 
6338.79 10000 53839 
6347.21 10000 53855 
6355.49 10000 53870 
6364.63 10000 53886 
6373.85 10000 53902 
6382.09 10000 53918 
6390.28 10000 53934 
6399.33 10000 53949 
6408.51 10000 53965 
6416.97 10000 53981 
6425.87 10000 53997 
6434.75 10000 54013 
6443.97 10000 54028 
6453.45 10000 54044 
6462.07 10000 54060 
6471.58 10000 54076 
6481.4 10000 54091 
6491.9 10000 54107 
6501.84 10000 54123 
6512.14 10000 54139 
6521.76 10000 54155 
6532.48 10000 54170 
6542.76 10000 54186 
6552.84 10000 54202 
6563.36 10000 54218 
6573.43 10000 54234 
6582.69 10000 54249 
6592.43 10000 54265 
6602.93 10000 54281 
6615.07 10000 54297 
6625.81 10000 54313 
6636.55 10000 54328 
6646.75 10000 54344 
6658.04 10000 54360 
6668.69 10000 54376 
6680.22 10000 54392 
6691.58 10000 54407 
6703.44 10000 54423 
6714.57 10000 54439 
6726.55 10000 54455 
6738.59 10000 54471 
6751.59 10000 54486 
6763.54 10000 54502 
6775.81 10000 54518 
6786.77 10000 54534 
6799.26 10000 54550 
6811.7 10000 54565 
6825.16 10000 54581 
6838.81 10000 54597 
6853.49 10000 54613 
6866.28 10000 54628 
6878.36 10000 54644 
6886.49 10000 54660 
6897.78 10000 54676 
6910.79 10000 54692 
6925.09 10000 54707 
6939.12 10000 54723 
6954.92 10000 54739 
6969.48 10000 54755 
6984.2 10000 54771 
6998.6 10000 54786 
7014.28 10000 54802 
7029.57 10000 54818 
7046.01 10000 54834 
7062.22 10000 54850 
7079.02 10000 54865 
7093.83 10000 54881 
7108.84 10000 54897 
7124.28 10000 54913 
7140.4 10000 54929 
7156.31 10000 54944 
7170.85 10000 54960 
7184.35 10000 54976 
7198.62 10000 54992 
7209.75 10000 55008 
7215.75 10000 55023 
7229.05 10000 55039 
7246.35 10000 55055 
7263.44 10000 55071 
7281.22 10000 55087 
7299.8 10000 55102 
7318.07 10000 55118 
7334.2 10000 55134 
7350.1 10000 55150 
7366.6 10000 55165 
7382.9 10000 55181 
7398.66 10000 55197 
7413.54 10000 55213 
7429.24 10000 55229 
7445.64 10000 55244 
7463.01 10000 55260 
7479.87 10000 55276 
7497.55 10000 55292 
7515.84 10000 55308 
7534.9 10000 55323 
7552.21 10000 55339 
7569.99 10000 55355 
7586.74 10000 55371 
7603.95 10000 55387 
7620.72 10000 55402 
7638.34 10000 55418 
7657.76 10000 55434 
7677.72 10000 55450 
7695.75 10000 55466 
7715.82 10000 55481 
7736.94 10000 55497 
7758.84 10000 55513 
7778.89 10000 55529 
7799.83 10000 55545 
7819.77 10000 55560 
7839.35 10000 55576 
7858.53 10000 55592 
7880.16 10000 55608 
7901.44 10000 55623 
7922.71 10000 55639 
7941.61 10000 55655 
7962.95 10000 55671 
7985.38 10000 55687 
8007.24 10000 55702 
8024.85 10000 55718 
8044.72 10000 55734 
8067.05 10000 55750 
8091.11 10000 55766 
8113.2 10000 55781 
8135.13 10000 55797 
8156.49 10000 55813 
8177.79 10000 55829 
8196.44 10000 55845 
8216.45 10000 55860 
8239.29 10000 55876 
8264.67 10000 55892 
8288.62 10000 55908 
8312.32 10000 55924 
8336.28 10000 55939 
8360.64 10000 55955 
8382.52 10000 55971 
8404.79 10000 55987 
8427.33 10000 56003 
8452.93 10000 56018 
8477.53 10000 56034 
8501.88 10000 56050 
8526.25 10000 56066 
8551.94 10000 56081 
8576.38 10000 56097 
8600.2 10000 56113 
8624.87 10000 56129 
8651.74 10000 56145 
8678.16 10000 56160 
8706.36 10000 56176 
8735.41 10000 56192 
8763.57 10000 56208 
8788.65 10000 56224 
8812.92 10000 56239 
8838.56 10000 56255 
8864.72 10000 56271 
8892.41 10000 56287 
8918.63 10000 56303 
8944.8 10000 56318 
8973.12 10000 56334 
9000.93 10000 56350 
9025.75 10000 56366 
9051.2 10000 56382 
9078.2 10000 56397 
9107.82 10000 56413 
9135.6 10000 56429 
9162.74 10000 56445 
9191.23 10000 56461 
9221.18 10000 56476 
248.72 10000 56492 
9276.36 10000 56508 
9304.36 10000 56524 
9332.27 10000 56540 
9358.61 10000 56555 
9386.61 10000 56571 
9415.97 10000 56587 
9446.7 10000 56603 
9475.65 10000 56618 
9504.42 10000 56634 
9533.89 10000 56650 
9564.47 10000 56666 
9594.8 10000 56682 
9626.52 10000 56697 
9657.19 10000 56713 
9688.94 10000 56729 
9719.62 10000 56745 
9750.61 10000 56761 
9782.18 10000 56776 
9814.83 10000 56792 
9845.69 10000 56808 
9878.18 10000 56824 
9910.02 10000 56839 
9942.58 10000 56855 
9975.08 10000 56871 
10008.51 10000 56887 
10039.39 10000 56903 
10070.34 10000 56903 
10079.16 10000 56903 
10035.46 10000 56903 
9980.96 10000 56903 
9935.29 10000 56903 
9895.78 10000 56903 
9860.75 10000 56903 
9827.38 10000 56903 
9794.19 10000 56903 
9766.58 10000 56903 
9741.32 10000 56903 
9717.38 10000 56903 
9694.48 10000 56903 
9672.39 10000 56903 
9651.43 10000 56903 
9631.67 10000 56903 
9612.75 10000 56903 
9594.11 10000 56903 
9576.53 10000 56903 
9559.88 10000 56903 
9543.55 10000 56903 
9527.4 10000 56903 
9511.65 10000 56903 
9496.49 10000 56903 
9481.95 10000 56903 
9467.54 10000 56903 
9453.78 10000 56903 
9440.35 10000 56903 
9426.51 10000 56903 
9413.2 10000 56903 
9399.97 10000 56903 
9387.26 10000 56903 
9374.47 10000 56903 
9361.85 10000 56903 
9349.34 10000 56903 
9337.41 10000 56903 
9325.51 10000 56903 
9313.75 10000 56903 
9302.33 10000 56903 
