8.85 10000 42935 
8.87 10000 42935 
8.78 10000 42935 
9.07 10000 42935 
9.1 10000 42935 
8.67 10000 42935 
8.44 10000 42935 
8.79 10000 42935 
8.75 10000 42935 
8.5 10000 42935 
8.49 10000 42935 
8.67 10000 42935 
8.55 10000 42935 
8.49 10000 42935 
8.32 10000 42935 
8.24 10000 42935 
8.48 10000 42935 
8.5 10000 42935 
8.5 10000 42935 
8.39 10000 43094 
8.44 10000 43257 
8.64 10000 43277 
8.8 10000 43293 
8.83 10000 43308 
8.85 10000 43324 
8.56 10000 43340 
8.53 10000 43356 
8.27 10000 43372 
8.06 10000 43387 
8.06 10000 43403 
8.33 10000 43419 
8.41 10000 43435 
8.27 10000 43451 
8.18 10000 43466 
8.07 10000 43482 
8.37 10000 43498 
8.92 10000 43514 
8.86 10000 43529 
9.35 10000 43545 
10.72 10000 43561 
12.45 10000 43577 
14.25 10000 43593 
16.18 10000 43608 
18.51 10000 43624 
21.07 10000 43640 
24.39 10000 43656 
28.31 10000 43672 
32.87 10000 43687 
37.89 10000 43703 
42.41 10000 43719 
47.71 10000 43735 
53.53 10000 43751 
59.4 10000 43766 
65.59 10000 43782 
72.75 10000 43798 
79.78 10000 43814 
87.08 10000 43829 
94.2 10000 43845 
101.77 10000 43861 
109.03 10000 43877 
116.67 10000 43893 
124 10000 43908 
131.45 10000 43924 
138.98 10000 43940 
146.54 10000 43956 
153.76 10000 43972 
161.49 10000 43987 
169.44 10000 44003 
177.33 10000 44019 
184.92 10000 44035 
192.71 10000 44051 
200.49 10000 44066 
208.39 10000 44082 
216.09 10000 44098 
223.53 10000 44114 
231.22 10000 44129 
239.41 10000 44145 
246.99 10000 44161 
255.03 10000 44177 
263.29 10000 44193 
271.49 10000 44208 
279.13 10000 44224 
287.18 10000 44240 
295.26 10000 44256 
303.57 10000 44272 
311.57 10000 44287 
319.19 10000 44303 
327.08 10000 44319 
335.5 10000 44335 
343.58 10000 44350 
351.79 10000 44366 
359.56 10000 44382 
367.79 10000 44398 
375.98 10000 44414 
383.96 10000 44429 
391.52 10000 44445 
399.27 10000 44461 
407.38 10000 44477 
415.15 10000 44493 
422.78 10000 44508 
430.98 10000 44524 
439.15 10000 44540 
446.72 10000 44556 
454.14 10000 44572 
462.13 10000 44587 
470.51 10000 44603 
478.59 10000 44619 
486.93 10000 44635 
495.16 10000 44650 
503.24 10000 44666 
511.3 10000 44682 
519.31 10000 44698 
527.15 10000 44714 
535.25 10000 44729 
543.21 10000 44745 
551.21 10000 44761 
559.21 10000 44777 
567.21 10000 44793 
574.83 10000 44808 
582.88 10000 44824 
590.79 10000 44840 
598.84 10000 44856 
606.32 10000 44872 
614.28 10000 44887 
622.32 10000 44903 
630.24 10000 44919 
637.61 10000 44935 
645.3 10000 44950 
653.16 10000 44966 
661.44 10000 44982 
668.92 10000 44998 
675.28 10000 45014 
682.75 10000 45029 
691.88 10000 45045 
700.11 10000 45061 
708.47 10000 45077 
716.78 10000 45093 
725.19 10000 45108 
732.83 10000 45124 
740.52 10000 45140 
748.55 10000 45156 
756.62 10000 45172 
764.76 10000 45187 
772.67 10000 45203 
779.98 10000 45219 
788.24 10000 45235 
796.11 10000 45250 
804.35 10000 45266 
812.36 10000 45282 
819.94 10000 45298 
826.65 10000 45314 
834.09 10000 45329 
841.96 10000 45345 
848.57 10000 45361 
854.97 10000 45377 
862.44 10000 45393 
870.19 10000 45408 
878.71 10000 45424 
886.13 10000 45440 
893.12 10000 45456 
900.66 10000 45472 
908.24 10000 45487 
916.3 10000 45503 
923.57 10000 45519 
929.91 10000 45535 
937.66 10000 45550 
945.13 10000 45566 
952.65 10000 45582 
960.9 10000 45598 
968.9 10000 45614 
976.88 10000 45629 
984.88 10000 45645 
993.42 10000 45661 
1001.66 10000 45677 
1008.86 10000 45693 
1015.27 10000 45708 
1022.83 10000 45724 
1031.59 10000 45740 
1040.59 10000 45756 
1048.02 10000 45772 
1054.79 10000 45787 
1062.72 10000 45803 
1071.3 10000 45819 
1079.06 10000 45835 
1086.4 10000 45850 
1094.39 10000 45866 
1103.11 10000 45882 
1110.75 10000 45898 
1118.82 10000 45914 
1126.58 10000 45929 
1133.32 10000 45945 
1140.16 10000 45961 
1147.11 10000 45977 
1154.57 10000 45993 
1162.89 10000 46008 
1171.07 10000 46024 
1179.44 10000 46040 
1187.29 10000 46056 
1195.05 10000 46072 
1202.94 10000 46087 
1210.63 10000 46103 
1218.15 10000 46119 
1226.68 10000 46135 
1234.81 10000 46150 
1243.07 10000 46166 
1250.66 10000 46182 
1258.31 10000 46198 
1265.29 10000 46214 
1273.07 10000 46229 
1280.69 10000 46245 
1288.92 10000 46261 
1296.14 10000 46277 
1303.6 10000 46293 
1310.96 10000 46308 
1317.87 10000 46324 
1324.91 10000 46340 
1332.15 10000 46356 
1339.22 10000 46372 
1347.95 10000 46387 
1356.06 10000 46403 
1363.37 10000 46419 
1371.44 10000 46435 
1379.74 10000 46450 
1387.01 10000 46466 
1395.39 10000 46482 
1404.08 10000 46498 
1412.86 10000 46514 
1420.12 10000 46529 
1427.04 10000 46545 
1434.85 10000 46561 
1444.05 10000 46577 
1453.15 10000 46593 
1461.62 10000 46608 
1469.84 10000 46624 
1479 10000 46640 
1487.46 10000 46656 
1495.71 10000 46672 
1504.29 10000 46687 
1512.9 10000 46703 
1521.22 10000 46719 
1529.46 10000 46735 
1537.93 10000 46750 
1547.06 10000 46766 
1555.91 10000 46782 
1564.44 10000 46798 
1573.15 10000 46814 
1581.54 10000 46829 
1590.14 10000 46845 
1598.71 10000 46861 
1607.22 10000 46877 
1615.87 10000 46893 
1624.16 10000 46908 
1632.37 10000 46924 
1640.36 10000 46940 
1648.12 10000 46956 
1655.94 10000 46971 
1664.24 10000 46987 
1672.92 10000 47003 
1681.93 10000 47019 
1690.69 10000 47035 
1698.73 10000 47050 
1707.26 10000 47066 
1716.28 10000 47082 
1725.53 10000 47098 
1734.58 10000 47114 
1743.63 10000 47129 
1752.69 10000 47145 
1761.61 10000 47161 
1769.78 10000 47177 
1777.79 10000 47193 
1785.85 10000 47208 
1794.62 10000 47224 
1803.12 10000 47240 
1811.56 10000 47256 
1820.3 10000 47272 
1829.37 10000 47287 
1837.93 10000 47303 
1846.71 10000 47319 
1855.91 10000 47335 
1865.2 10000 47350 
1874.19 10000 47366 
1883.21 10000 47382 
1892.16 10000 47398 
1901.63 10000 47414 
1910.34 10000 47429 
1919.35 10000 47445 
1928.34 10000 47461 
1938.1 10000 47477 
1947.55 10000 47493 
1957.75 10000 47508 
1967.9 10000 47524 
1978.68 10000 47540 
1989.56 10000 47556 
2000.76 10000 47572 
2011.5 10000 47587 
2022.56 10000 47603 
2033.21 10000 47619 
2044.36 10000 47635 
2055.01 10000 47650 
2065.94 10000 47666 
2076.64 10000 47682 
2087.66 10000 47698 
2098.2 10000 47714 
2109.15 10000 47729 
2119.83 10000 47745 
2131.15 10000 47761 
2142.07 10000 47777 
2153.27 10000 47793 
2164.03 10000 47808 
2175.02 10000 47824 
2186.26 10000 47840 
2197.74 10000 47856 
2208.6 10000 47872 
2220.12 10000 47887 
2231.91 10000 47903 
2243.19 10000 47919 
2253.97 10000 47935 
2264.84 10000 47950 
2276.8 10000 47966 
2289.06 10000 47982 
2300.42 10000 47998 
2311.66 10000 48014 
2323.23 10000 48029 
2334.95 10000 48045 
2346.38 10000 48061 
2357.87 10000 48077 
2370.3 10000 48093 
2382.25 10000 48108 
2393.41 10000 48124 
2404.67 10000 48140 
2416.78 10000 48156 
2428.64 10000 48172 
2440.45 10000 48187 
2452.55 10000 48203 
2465.36 10000 48219 
2477.32 10000 48235 
2489.21 10000 48250 
2500.97 10000 48266 
2513.13 10000 48282 
2525.1 10000 48298 
2537.21 10000 48314 
2548.63 10000 48329 
2560.27 10000 48345 
2571.76 10000 48361 
2583.35 10000 48377 
2594.29 10000 48392 
2606.16 10000 48408 
2617.46 10000 48424 
2629.31 10000 48440 
2641.18 10000 48456 
2654.07 10000 48471 
2666.87 10000 48487 
2680.13 10000 48503 
2692.62 10000 48519 
2705.97 10000 48535 
2718.76 10000 48550 
2732.6 10000 48566 
2745.43 10000 48582 
2758.92 10000 48598 
2771.93 10000 48613 
2785.07 10000 48629 
2797.6 10000 48645 
2811.35 10000 48661 
2823.89 10000 48677 
2836.65 10000 48692 
2849.83 10000 48708 
2863.01 10000 48724 
2875.26 10000 48740 
2888.61 10000 48756 
2901.61 10000 48771 
2914.9 10000 48787 
2927.97 10000 48803 
2941.91 10000 48819 
2955.05 10000 48835 
2968.49 10000 48850 
2981.44 10000 48866 
2994.81 10000 48882 
3007.65 10000 48898 
3020.92 10000 48913 
3034 10000 48929 
3047.53 10000 48945 
3060.87 10000 48961 
3074.94 10000 48977 
3088.98 10000 48992 
3104.2 10000 49008 
3118.89 10000 49024 
3133.1 10000 49040 
3146.01 10000 49056 
3158.6 10000 49071 
3171.55 10000 49087 
3184.85 10000 49103 
3198.9 10000 49119 
3213.33 10000 49135 
3227.33 10000 49150 
3241.35 10000 49166 
3255.23 10000 49182 
3267.91 10000 49198 
3279.83 10000 49213 
3295.56 10000 49229 
3312.16 10000 49245 
3327.66 10000 49261 
3342.45 10000 49277 
3356.58 10000 49292 
3370.45 10000 49308 
3384.23 10000 49324 
3398.21 10000 49340 
3412.25 10000 49356 
3426.24 10000 49371 
3440.15 10000 49387 
3454.95 10000 49403 
3469.57 10000 49419 
3483.91 10000 49435 
3492.37 10000 49450 
3496.66 10000 49466 
3514.84 10000 49482 
3533.76 10000 49498 
3549.9 10000 49513 
3565.14 10000 49529 
3579.72 10000 49545 
3594.84 10000 49561 
3608.95 10000 49577 
3623.96 10000 49592 
3638.23 10000 49608 
3652.88 10000 49624 
3668.31 10000 49640 
3684.7 10000 49656 
3700.32 10000 49671 
3716.09 10000 49687 
3730.76 10000 49703 
3745.98 10000 49719 
3761.16 10000 49734 
3777.44 10000 49750 
3792.99 10000 49766 
3808.39 10000 49782 
3823.54 10000 49798 
3840.41 10000 49813 
3856.09 10000 49829 
3871.68 10000 49845 
3886.86 10000 49861 
3903.17 10000 49877 
3918.55 10000 49892 
3934.65 10000 49908 
3950.57 10000 49924 
3967.44 10000 49940 
3984 10000 49956 
4001.02 10000 49971 
4017.6 10000 49987 
4034.38 10000 50003 
4050.3 10000 50019 
4066.18 10000 50034 
4081.62 10000 50050 
4099.03 10000 50066 
4115.63 10000 50082 
4132.19 10000 50098 
4148.03 10000 50113 
4164.78 10000 50129 
4181.19 10000 50145 
4197.21 10000 50161 
4213.44 10000 50177 
4231.1 10000 50192 
4248.17 10000 50208 
4264.65 10000 50224 
4280.93 10000 50240 
4298.88 10000 50256 
4316.17 10000 50271 
4332.27 10000 50287 
4348.46 10000 50303 
4366.23 10000 50319 
4384.43 10000 50334 
4401.21 10000 50350 
4417.25 10000 50366 
4435.23 10000 50382 
4454.4 10000 50398 
4473.04 10000 50413 
4490.09 10000 50429 
4506.72 10000 50445 
4524.3 10000 50461 
4541.3 10000 50477 
4558.13 10000 50492 
4575.72 10000 50508 
4594.1 10000 50524 
4611.66 10000 50540 
4629.04 10000 50556 
4647.1 10000 50571 
4665.76 10000 50587 
4683.48 10000 50603 
4700.87 10000 50619 
4718.8 10000 50634 
4737.75 10000 50650 
4755.81 10000 50666 
4773.77 10000 50682 
4792.3 10000 50698 
4811.37 10000 50713 
4829.01 10000 50729 
4847.66 10000 50745 
4866.12 10000 50761 
4885.64 10000 50777 
4903.65 10000 50792 
4921.33 10000 50808 
4939.52 10000 50824 
4958.76 10000 50840 
4976.58 10000 50856 
4994.46 10000 50871 
5012.62 10000 50887 
5031.73 10000 50903 
5049.66 10000 50919 
5067.99 10000 50934 
5086.32 10000 50950 
5105.82 10000 50966 
5124.44 10000 50982 
5144.01 10000 50998 
5162.62 10000 51013 
5182.2 10000 51029 
5201.22 10000 51045 
5220.01 10000 51061 
5238.85 10000 51077 
5259.58 10000 51092 
5279.56 10000 51108 
5299.89 10000 51124 
5319.66 10000 51140 
5340.79 10000 51155 
5361.5 10000 51171 
5382.29 10000 51187 
5402.03 10000 51203 
5423.08 10000 51219 
5443.46 10000 51234 
5463.35 10000 51250 
5482.75 10000 51266 
5503.33 10000 51282 
5523.5 10000 51298 
5543.33 10000 51313 
5562.73 10000 51329 
5583.2 10000 51345 
5603.22 10000 51361 
5622.8 10000 51376 
5642.34 10000 51392 
5662.84 10000 51408 
5683.04 10000 51424 
5702.61 10000 51440 
5721.6 10000 51455 
5741.31 10000 51471 
5760.96 10000 51487 
5780.96 10000 51503 
5800.64 10000 51519 
5820.56 10000 51534 
5840.55 10000 51550 
5860.46 10000 51566 
5880.88 10000 51582 
5901.14 10000 51597 
5921.57 10000 51613 
5941.47 10000 51629 
5961.3 10000 51645 
5981.46 10000 51661 
6001.72 10000 51676 
6021.61 10000 51692 
6042.15 10000 51708 
6062.71 10000 51724 
6083.04 10000 51740 
6102.83 10000 51755 
6123.65 10000 51771 
6144.1 10000 51787 
6165.35 10000 51803 
6185.97 10000 51819 
6207.84 10000 51834 
6229.56 10000 51850 
6251.39 10000 51866 
6271.44 10000 51882 
6292.99 10000 51898 
6314.93 10000 51913 
6337.12 10000 51929 
6357.94 10000 51945 
6379.54 10000 51961 
6400.85 10000 51976 
6422.16 10000 51992 
6437.93 10000 52008 
6454.61 10000 52024 
6475.89 10000 52040 
6495.43 10000 52055 
6511.8 10000 52071 
6531.1 10000 52087 
6551.97 10000 52103 
6573.49 10000 52119 
6592.89 10000 52134 
6613.12 10000 52150 
6633.69 10000 52166 
6654.49 10000 52182 
6673.88 10000 52198 
6693.88 10000 52213 
6713.73 10000 52229 
6734.39 10000 52245 
6753.51 10000 52261 
6774.08 10000 52277 
6794.97 10000 52292 
6816.57 10000 52308 
6835.76 10000 52324 
6855.7 10000 52340 
6876.47 10000 52355 
6898.16 10000 52371 
6918.15 10000 52387 
6938.42 10000 52403 
6959.95 10000 52419 
6984.66 10000 52434 
7008.83 10000 52450 
7033.68 10000 52466 
7058.4 10000 52482 
7083.42 10000 52498 
7107.06 10000 52513 
7130.43 10000 52529 
7153.13 10000 52545 
7176.77 10000 52561 
7199.52 10000 52577 
7221.11 10000 52592 
7242.6 10000 52608 
7266.28 10000 52624 
7289.48 10000 52640 
7307.56 10000 52655 
7323.89 10000 52671 
7345.96 10000 52687 
7369.22 10000 52703 
7390.95 10000 52719 
7412.17 10000 52734 
7434.53 10000 52750 
7456.82 10000 52766 
7479.27 10000 52782 
7502.76 10000 52798 
7527.29 10000 52813 
7551.09 10000 52829 
7573.3 10000 52845 
7596.08 10000 52861 
7619.6 10000 52877 
7643.75 10000 52892 
7666.66 10000 52908 
7688.46 10000 52924 
7711.68 10000 52940 
7735.79 10000 52955 
7758.96 10000 52971 
7783.28 10000 52987 
7807.75 10000 53003 
7831.89 10000 53019 
7853.91 10000 53034 
7877.59 10000 53050 
7901.25 10000 53066 
7925.45 10000 53082 
7948.29 10000 53098 
7972.47 10000 53113 
7997.57 10000 53129 
8023.84 10000 53145 
8047.38 10000 53161 
8071.12 10000 53177 
8095.23 10000 53192 
8121.4 10000 53208 
8144.56 10000 53224 
8167.9 10000 53240 
8192.56 10000 53255 
8219.3 10000 53271 
8243.09 10000 53287 
8265.72 10000 53303 
8290.08 10000 53319 
8316.76 10000 53334 
8340.71 10000 53350 
8364.74 10000 53366 
8390.01 10000 53382 
8416.72 10000 53398 
8442.38 10000 53413 
8468.82 10000 53429 
8494.24 10000 53445 
8521.21 10000 53461 
8547.7 10000 53477 
8575.13 10000 53492 
8602.46 10000 53508 
8630.9 10000 53524 
8658.22 10000 53540 
8685.99 10000 53555 
8712.81 10000 53571 
8739.93 10000 53587 
8766.85 10000 53603 
8794.05 10000 53619 
8819.93 10000 53634 
8845.94 10000 53650 
8871.45 10000 53666 
8897.84 10000 53682 
8923.38 10000 53698 
8949.45 10000 53713 
8975.65 10000 53729 
9002.83 10000 53745 
9029.95 10000 53761 
9057.19 10000 53777 
9084.55 10000 53792 
9111.87 10000 53808 
9138.29 10000 53824 
9165.57 10000 53840 
9192.68 10000 53855 
9218.83 10000 53871 
9244.83 10000 53887 
9270.9 10000 53903 
9297.22 10000 53919 
9322.92 10000 53934 
9348.48 10000 53950 
9374.44 10000 53966 
9400.55 10000 53982 
9426.65 10000 53998 
9452.9 10000 54013 
9480 10000 54029 
9507.91 10000 54045 
9535.26 10000 54061 
9563.76 10000 54077 
9592.56 10000 54092 
9621.87 10000 54108 
9650.52 10000 54124 
9678.94 10000 54140 
9707.06 10000 54156 
9736.14 10000 54171 
9763.33 10000 54187 
9790.35 10000 54203 
9817.92 10000 54219 
9847.19 10000 54234 
9876 10000 54250 
9905.78 10000 54266 
9934.22 10000 54282 
9963.96 10000 54298 
9992.13 10000 54313 
10019.56 10000 54329 
10047.3 10000 54345 
10076.08 10000 54345 
10082.57 10000 54345 
10033.74 10000 54345 
9972.84 10000 54345 
9922.75 10000 54345 
9880.29 10000 54345 
9842.73 10000 54345 
9809.86 10000 54345 
9780.75 10000 54345 
9752.36 10000 54345 
9726 10000 54345 
9701.27 10000 54345 
9677.76 10000 54345 
9655.82 10000 54345 
9635.13 10000 54345 
9615.75 10000 54345 
9597.55 10000 54345 
9580.41 10000 54345 
9564.85 10000 54345 
9549.43 10000 54345 
9534.11 10000 54345 
9519.08 10000 54345 
9504.26 10000 54345 
9489.7 10000 54345 
9475.66 10000 54345 
9462.53 10000 54345 
9450.44 10000 54345 
9439.11 10000 54345 
9428.2 10000 54345 
9417.42 10000 54345 
9406.67 10000 54345 
9395.61 10000 54345 
9384.98 10000 54345 
9374.64 10000 54345 
9363.93 10000 54345 
9353.65 10000 54345 
9343.97 10000 54345 
9334.34 10000 54345 
9324.65 10000 54345 
9315.08 10000 54345 
9305.81 10000 54345 
9296.39 10000 54345 
9286.97 10000 54345 
9277.83 10000 54345 
9269.1 10000 54345 
9260.53 10000 54345 
9252.43 10000 54345 
9244.56 10000 54345 
9236.91 10000 54345 
9229.09 10000 54345 
9221.31 10000 54345 
9213.75 10000 54345 
9206.04 10000 54345 
9198.46 10000 54345 
9190.83 10000 54345 
9183.31 10000 54345 
9175.81 10000 54345 
9168.5 10000 54345 
9161.8 10000 54345 
9155.01 10000 54345 
9148.16 10000 54345 
9141.36 10000 54345 
9134.67 10000 54345 
9127.94 10000 54345 
9121.27 10000 54345 
9114.56 10000 54345 
9107.87 10000 54345 
9101.32 10000 54345 
9094.86 10000 54345 
9088.43 10000 54345 
9081.97 10000 54345 
9075.39 10000 54345 
9068.81 10000 54345 
9062.49 10000 54345 
9056.12 10000 54345 
9049.91 10000 54345 
9043.83 10000 54345 
9037.84 10000 54345 
9031.51 10000 54345 
9025.26 10000 54345 
9019.25 10000 54345 
9013.52 10000 54345 
9007.52 10000 54345 
9001.82 10000 54345 
8996.26 10000 54345 
8990.5 10000 54345 
8984.97 10000 54345 
