6.49 20000 28041 
6.61 20000 28041 
6.45 20000 28041 
6.46 20000 28041 
6.59 20000 28041 
6.55 20000 28041 
6.56 20000 28041 
6.57 20000 28041 
6.52 20000 28041 
6.49 20000 28041 
6.37 20000 28041 
6.27 20000 28041 
6.51 20000 28041 
6.35 20000 28041 
6.57 20000 28199 
6.46 20000 28362 
6.59 20000 28382 
6.69 20000 28398 
6.52 20000 28413 
6.66 20000 28429 
6.92 20000 28445 
6.8 20000 28461 
6.5 20000 28476 
6.6 20000 28492 
6.81 20000 28508 
6.62 20000 28524 
6.33 20000 28539 
6.64 20000 28555 
6.84 20000 28571 
6.96 20000 28587 
6.71 20000 28602 
6.55 20000 28618 
6.56 20000 28634 
6.72 20000 28650 
6.63 20000 28665 
6.69 20000 28681 
6.94 20000 28697 
6.83 20000 28712 
6.68 20000 28728 
6.65 20000 28744 
7.1 20000 28760 
7.3 20000 28775 
7.58 20000 28791 
7.99 20000 28807 
9.04 20000 28823 
9.96 20000 28838 
10.58 20000 28854 
11.68 20000 28870 
13.23 20000 28886 
15.21 20000 28901 
17.69 20000 28917 
21.26 20000 28933 
25.69 20000 28949 
31 20000 28964 
37.18 20000 28980 
43.93 20000 28996 
51 20000 29012 
58.63 20000 29027 
66.39 20000 29043 
74.35 20000 29059 
82.77 20000 29075 
91.65 20000 29090 
100.44 20000 29106 
109.78 20000 29122 
119.57 20000 29138 
129.64 20000 29153 
139.51 20000 29169 
149.89 20000 29185 
161.18 20000 29201 
172.58 20000 29216 
183.52 20000 29232 
195.73 20000 29248 
208.41 20000 29264 
221.45 20000 29279 
235.03 20000 29295 
248.7 20000 29311 
261.99 20000 29327 
274.93 20000 29342 
287.63 20000 29358 
300.32 20000 29374 
313.65 20000 29390 
327.41 20000 29405 
339.88 20000 29421 
352.01 20000 29437 
363.96 20000 29453 
372.61 20000 29468 
381.8 20000 29484 
392.9 20000 29500 
408.06 20000 29516 
424.41 20000 29531 
440.15 20000 29547 
453.76 20000 29563 
466.49 20000 29579 
482.06 20000 29594 
498.34 20000 29610 
513.74 20000 29626 
530.33 20000 29642 
547.7 20000 29657 
564.9 20000 29673 
582.29 20000 29689 
600.28 20000 29705 
618.16 20000 29720 
636.2 20000 29736 
654.12 20000 29752 
672.44 20000 29768 
690.23 20000 29783 
708.1 20000 29799 
725.73 20000 29815 
743.58 20000 29831 
761.04 20000 29846 
778.38 20000 29862 
795.35 20000 29878 
812.47 20000 29894 
829.35 20000 29909 
846.06 20000 29925 
862.56 20000 29941 
879.32 20000 29957 
895.47 20000 29972 
911.51 20000 29988 
927.69 20000 30004 
944.91 20000 30020 
961.6 20000 30035 
977.96 20000 30051 
994.66 20000 30067 
1012.32 20000 30083 
1030.29 20000 30098 
1048.39 20000 30114 
1066.38 20000 30130 
1085.02 20000 30145 
1103.44 20000 30161 
1120.99 20000 30177 
1137.95 20000 30193 
1155.29 20000 30208 
1172.39 20000 30224 
1189.1 20000 30240 
1205.59 20000 30256 
1221.38 20000 30271 
1237.61 20000 30287 
1253.74 20000 30303 
1269.66 20000 30319 
1285.58 20000 30334 
1302 20000 30350 
1318.65 20000 30366 
1334.75 20000 30382 
1350.23 20000 30397 
1365.94 20000 30413 
1382.09 20000 30429 
1397.91 20000 30445 
1413.48 20000 30460 
1429.37 20000 30476 
1444.84 20000 30492 
1460.01 20000 30508 
1475.28 20000 30523 
1490.67 20000 30539 
1505.58 20000 30555 
1520.49 20000 30571 
1535.04 20000 30586 
1549.83 20000 30602 
1564.29 20000 30618 
1578.3 20000 30634 
1590.94 20000 30649 
1604.11 20000 30665 
1617.38 20000 30681 
1630.78 20000 30697 
1644.35 20000 30712 
1657.91 20000 30728 
1670.97 20000 30744 
1683.94 20000 30760 
1695.79 20000 30775 
1708.17 20000 30791 
1721.32 20000 30807 
1734.37 20000 30823 
1747.92 20000 30838 
1762.73 20000 30854 
1777.21 20000 30870 
1791.53 20000 30886 
1805.38 20000 30901 
1820.02 20000 30917 
1834.09 20000 30933 
1848.11 20000 30949 
1861.32 20000 30964 
1874.67 20000 30980 
1888.1 20000 30996 
1901.47 20000 31012 
1914.38 20000 31027 
1927.94 20000 31043 
1941.58 20000 31059 
1955.68 20000 31075 
1969.09 20000 31090 
1981.61 20000 31106 
1993.44 20000 31122 
2004.66 20000 31138 
2013.25 20000 31153 
2022.64 20000 31169 
2035.54 20000 31185 
2049.29 20000 31201 
2061.99 20000 31216 
2074.84 20000 31232 
2088.37 20000 31248 
2101.05 20000 31264 
2112.19 20000 31279 
2122.51 20000 31295 
2132.43 20000 31311 
2142.17 20000 31327 
2151.39 20000 31342 
2160.96 20000 31358 
2172.36 20000 31374 
2184.04 20000 31390 
2194.88 20000 31405 
2205.33 20000 31421 
2216.15 20000 31437 
2226.45 20000 31453 
2235.95 20000 31468 
2245.49 20000 31484 
2256.53 20000 31500 
2268.17 20000 31516 
2279.83 20000 31531 
2291.5 20000 31547 
2303.77 20000 31563 
2315.33 20000 31579 
2326.85 20000 31594 
2337.52 20000 31610 
2348.22 20000 31626 
2358.35 20000 31642 
2368.82 20000 31657 
2379.13 20000 31673 
2390.27 20000 31689 
2401.44 20000 31705 
2411.89 20000 31720 
2420.93 20000 31736 
2430.65 20000 31752 
2440.28 20000 31768 
2449.32 20000 31783 
2457.44 20000 31799 
2466.47 20000 31815 
2474.81 20000 31831 
2482.74 20000 31846 
2490.04 20000 31862 
2498.49 20000 31878 
2507.43 20000 31893 
2516.48 20000 31909 
2525.01 20000 31925 
2534.27 20000 31941 
2543.05 20000 31956 
2551.59 20000 31972 
2559.72 20000 31988 
2568.6 20000 32004 
2578.12 20000 32019 
2586.95 20000 32035 
2594.02 20000 32051 
2601.13 20000 32067 
2608.84 20000 32082 
2617.1 20000 32098 
2624.84 20000 32114 
2632.91 20000 32130 
2640.92 20000 32145 
2648.86 20000 32161 
2656.69 20000 32177 
2664.84 20000 32193 
2673.11 20000 32208 
2680.77 20000 32224 
2688.06 20000 32240 
2695.52 20000 32256 
2703.43 20000 32271 
2711.23 20000 32287 
2718.59 20000 32303 
2725.88 20000 32319 
2733.71 20000 32334 
2741.66 20000 32350 
2749.11 20000 32366 
2756.56 20000 32382 
2764.58 20000 32397 
2772.38 20000 32413 
2780.25 20000 32429 
2788.18 20000 32445 
2796.35 20000 32460 
2803.7 20000 32476 
2810.83 20000 32492 
2818.08 20000 32508 
2825.55 20000 32523 
2832.51 20000 32539 
2839.8 20000 32555 
2847.02 20000 32571 
2854.42 20000 32586 
2861.25 20000 32602 
2868.32 20000 32618 
2874.99 20000 32634 
2882.23 20000 32649 
2889.49 20000 32665 
2896.96 20000 32681 
2904.05 20000 32697 
2911.73 20000 32712 
2918.77 20000 32728 
2925.54 20000 32744 
2932.38 20000 32760 
2939.7 20000 32775 
2946.57 20000 32791 
2953.52 20000 32807 
2960.37 20000 32823 
2967.36 20000 32838 
2973.81 20000 32854 
2980.43 20000 32870 
2986.34 20000 32886 
2992.95 20000 32901 
2999.7 20000 32917 
3006.38 20000 32933 
3012.68 20000 32949 
3018.92 20000 32964 
3025.25 20000 32980 
3031.69 20000 32996 
3038.1 20000 33012 
3044.95 20000 33027 
3051.71 20000 33043 
3058.47 20000 33059 
3064.92 20000 33075 
3071.78 20000 33090 
3078.07 20000 33106 
3084.96 20000 33122 
3091.32 20000 33138 
3097.99 20000 33153 
3104.17 20000 33169 
3110.67 20000 33185 
3117.06 20000 33201 
3123.27 20000 33216 
3129.81 20000 33232 
3136.02 20000 33248 
3142.27 20000 33264 
3148.65 20000 33279 
3154.6 20000 33295 
3160.94 20000 33311 
3166.86 20000 33326 
3173.1 20000 33342 
3179.63 20000 33358 
3185.62 20000 33374 
3191.67 20000 33389 
3197.84 20000 33405 
3204.2 20000 33421 
3210.44 20000 33437 
3216.75 20000 33452 
3222.53 20000 33468 
3228.72 20000 33484 
3234.79 20000 33500 
3241.27 20000 33515 
3247.43 20000 33531 
3253.93 20000 33547 
3260.16 20000 33563 
3266.94 20000 33578 
3273.25 20000 33594 
3280.05 20000 33610 
3286.49 20000 33626 
3293.44 20000 33641 
3299.6 20000 33657 
3305.75 20000 33673 
3311.83 20000 33689 
3318.59 20000 33704 
3324.29 20000 33720 
3330.5 20000 33736 
3336.62 20000 33752 
3343.1 20000 33767 
3348.62 20000 33783 
3354.6 20000 33799 
3360.64 20000 33815 
3366.91 20000 33830 
3372.96 20000 33846 
3379.06 20000 33862 
3385.3 20000 33878 
3392.25 20000 33893 
3398.49 20000 33909 
3404.92 20000 33925 
3411.04 20000 33941 
3417.62 20000 33956 
3423.26 20000 33972 
3429.24 20000 33988 
3435.39 20000 34004 
3442.26 20000 34019 
3448.31 20000 34035 
3454.47 20000 34051 
3460.57 20000 34067 
3467.44 20000 34082 
3474.21 20000 34098 
3480.41 20000 34114 
3486.64 20000 34130 
3493.26 20000 34145 
3498.87 20000 34161 
3504.13 20000 34177 
3509.46 20000 34193 
3515.12 20000 34208 
3520.98 20000 34224 
3526.23 20000 34240 
3531.25 20000 34256 
3536.86 20000 34271 
3542.45 20000 34287 
3547.19 20000 34303 
3551.96 20000 34319 
3556.97 20000 34334 
3562.29 20000 34350 
3567.44 20000 34366 
3572.62 20000 34382 
3577.49 20000 34397 
3582.47 20000 34413 
3587.21 20000 34429 
3591.69 20000 34445 
3595.9 20000 34460 
3600.93 20000 34476 
3605.55 20000 34492 
3609.97 20000 34508 
3614.01 20000 34523 
3618.95 20000 34539 
3623.59 20000 34555 
3628.58 20000 34570 
3633.27 20000 34586 
3638.66 20000 34602 
3643.33 20000 34618 
3648.03 20000 34633 
3652.39 20000 34649 
3657.64 20000 34665 
3662.37 20000 34681 
3667.26 20000 34696 
3671.74 20000 34712 
3676.46 20000 34728 
3681.21 20000 34744 
3685.97 20000 34759 
3690.13 20000 34775 
3694.8 20000 34791 
3699.39 20000 34807 
3704.43 20000 34822 
3709.04 20000 34838 
3713.86 20000 34854 
3718.14 20000 34870 
3722.64 20000 34885 
3726.68 20000 34901 
3731.01 20000 34917 
3734.95 20000 34933 
3739.19 20000 34948 
3743.04 20000 34964 
3747.17 20000 34980 
3751.56 20000 34996 
3755.86 20000 35011 
3759.14 20000 35027 
3762.7 20000 35043 
3766.55 20000 35059 
3770.37 20000 35074 
3773.97 20000 35090 
3777.63 20000 35106 
3781.15 20000 35122 
3784.72 20000 35137 
3788.33 20000 35153 
3791.84 20000 35169 
3795.18 20000 35185 
3798.61 20000 35200 
3802.33 20000 35216 
3805.68 20000 35232 
3809.04 20000 35248 
3812.53 20000 35263 
3816.32 20000 35279 
3820.11 20000 35295 
3823.99 20000 35310 
3827.8 20000 35326 
3831.62 20000 35342 
3835.04 20000 35358 
3838.45 20000 35373 
3841.79 20000 35389 
3844.95 20000 35405 
3847.85 20000 35421 
3851.07 20000 35436 
3854.14 20000 35452 
3857.72 20000 35468 
3861.36 20000 35484 
3865.38 20000 35499 
3868.42 20000 35515 
3871.84 20000 35531 
3875.16 20000 35547 
3878.93 20000 35562 
3882.78 20000 35578 
3886.45 20000 35594 
3889.4 20000 35610 
3893.21 20000 35625 
3896.51 20000 35641 
3899.81 20000 35657 
3903.24 20000 35673 
3906.76 20000 35688 
3909.89 20000 35704 
3913.34 20000 35720 
3916.81 20000 35736 
3920.66 20000 35751 
3923.03 20000 35767 
3925.22 20000 35783 
3928.03 20000 35799 
3931.61 20000 35814 
3935.06 20000 35830 
3940.01 20000 35846 
3945.31 20000 35862 
3950.31 20000 35877 
3954.19 20000 35893 
3957.6 20000 35909 
3961.35 20000 35925 
3965.48 20000 35940 
3968.53 20000 35956 
3971.45 20000 35972 
3973.39 20000 35988 
3975.72 20000 36003 
3978.6 20000 36019 
3982.36 20000 36035 
3986 20000 36051 
3989.87 20000 36066 
3994.13 20000 36082 
3998.88 20000 36098 
4002.07 20000 36114 
4005.45 20000 36129 
4008.73 20000 36145 
4012.24 20000 36161 
4015.05 20000 36177 
4018.49 20000 36192 
4021.94 20000 36208 
4025.12 20000 36224 
4028.3 20000 36240 
4031.58 20000 36255 
4034.95 20000 36271 
4037.95 20000 36287 
4041.26 20000 36303 
4044.79 20000 36318 
4048.02 20000 36334 
4050.98 20000 36350 
4054.55 20000 36366 
4058.12 20000 36381 
4061.26 20000 36397 
4064.19 20000 36413 
4067.68 20000 36429 
4071.21 20000 36444 
4075.25 20000 36460 
4078.96 20000 36476 
4082.98 20000 36492 
4086.94 20000 36507 
4090.83 20000 36523 
4094.32 20000 36539 
4098.22 20000 36555 
4101.66 20000 36570 
4105.97 20000 36586 
4110.21 20000 36602 
4114.6 20000 36618 
4118.48 20000 36633 
4123.25 20000 36649 
4127.31 20000 36665 
4131.48 20000 36681 
4135.32 20000 36696 
4140.42 20000 36712 
4144.98 20000 36728 
4149.62 20000 36744 
4154.35 20000 36759 
4159.36 20000 36775 
4164.37 20000 36791 
4169.63 20000 36807 
4174.41 20000 36822 
4179.16 20000 36838 
4184.14 20000 36854 
4189.76 20000 36870 
4194.86 20000 36885 
4200.44 20000 36901 
4205.51 20000 36917 
4210.75 20000 36932 
4215.84 20000 36948 
4221.84 20000 36964 
4226.86 20000 36980 
4232.12 20000 36995 
4237.58 20000 37011 
4244.2 20000 37027 
4250.12 20000 37043 
4256.26 20000 37058 
4262.64 20000 37074 
4269.44 20000 37090 
4276.03 20000 37106 
4282.88 20000 37121 
4289.63 20000 37137 
4296.75 20000 37153 
4303.99 20000 37169 
4311.42 20000 37184 
4318.57 20000 37200 
4325.87 20000 37216 
4333.01 20000 37232 
4340.02 20000 37247 
4347.62 20000 37263 
4355.4 20000 37279 
4363.24 20000 37295 
4370.93 20000 37310 
4378.4 20000 37326 
4386.51 20000 37342 
4394.81 20000 37358 
4402.67 20000 37373 
4410.69 20000 37389 
4419.05 20000 37405 
4427.63 20000 37421 
4435.59 20000 37436 
4443.74 20000 37452 
4451.73 20000 37468 
4460.23 20000 37484 
4468.18 20000 37499 
4476.32 20000 37515 
4484.86 20000 37531 
4494.02 20000 37547 
4502.18 20000 37562 
4510.75 20000 37578 
4519.48 20000 37594 
4529.05 20000 37610 
4537.61 20000 37625 
4546 20000 37641 
4554.36 20000 37657 
4563.87 20000 37673 
4572.39 20000 37688 
4581.14 20000 37704 
4590.26 20000 37720 
4599.82 20000 37736 
4608.85 20000 37751 
4618.29 20000 37767 
4627.63 20000 37783 
4637.94 20000 37799 
4648.15 20000 37814 
4658.9 20000 37830 
4669.33 20000 37846 
4680.32 20000 37862 
4691.26 20000 37877 
4702.75 20000 37893 
4713.54 20000 37909 
4724.89 20000 37925 
4736.18 20000 37940 
4747.8 20000 37956 
4759.13 20000 37972 
4770.71 20000 37988 
4782.12 20000 38003 
4793.68 20000 38019 
4804.95 20000 38035 
4816.67 20000 38051 
4828.23 20000 38066 
4839.93 20000 38082 
4850.75 20000 38098 
4861.66 20000 38113 
4872.89 20000 38129 
4884.36 20000 38145 
4895.3 20000 38161 
4906 20000 38176 
4916.89 20000 38192 
4928.04 20000 38208 
4939.21 20000 38224 
4950.64 20000 38239 
4962.36 20000 38255 
4974.15 20000 38271 
4986.34 20000 38287 
4998.28 20000 38302 
5010.72 20000 38318 
5022.86 20000 38334 
5035.11 20000 38350 
5047.05 20000 38365 
5059.11 20000 38381 
5070.69 20000 38397 
5082.71 20000 38413 
5094.75 20000 38428 
5107.33 20000 38444 
5119.38 20000 38460 
5131.41 20000 38476 
5143.7 20000 38491 
5156.43 20000 38507 
5168.58 20000 38523 
5181.24 20000 38539 
5193.59 20000 38554 
5206.59 20000 38570 
5212.41 20000 38586 
5212.8 20000 38602 
5226.3 20000 38617 
5244.92 20000 38633 
5258.6 20000 38649 
5271.61 20000 38665 
5284.42 20000 38680 
5297.6 20000 38696 
5309.4 20000 38712 
5321.33 20000 38728 
5333.3 20000 38743 
5346.6 20000 38759 
5359.81 20000 38775 
5374.01 20000 38791 
5388.61 20000 38806 
5403.66 20000 38822 
5418.05 20000 38838 
5432.44 20000 38854 
5447.15 20000 38869 
5462.72 20000 38885 
5477.31 20000 38901 
5492.51 20000 38917 
5507.78 20000 38932 
5523.62 20000 38948 
5538.11 20000 38964 
5552.74 20000 38980 
5567.53 20000 38995 
5582.69 20000 39011 
5597 20000 39027 
5611.49 20000 39043 
5626.23 20000 39058 
5641.49 20000 39074 
5656.51 20000 39090 
5672.37 20000 39106 
5689.74 20000 39121 
5707.75 20000 39137 
5724.51 20000 39153 
5740.53 20000 39169 
5756.34 20000 39184 
5772.45 20000 39200 
5787.89 20000 39216 
5802.92 20000 39232 
5817.85 20000 39247 
5833.55 20000 39263 
5849.81 20000 39279 
5866.2 20000 39295 
5882.65 20000 39310 
5898.92 20000 39326 
5915.25 20000 39342 
5930.76 20000 39358 
5947.22 20000 39373 
5964.51 20000 39389 
5982.33 20000 39405 
5999.34 20000 39421 
6016.57 20000 39436 
6032.43 20000 39452 
6046.91 20000 39468 
6056.9 20000 39484 
6070.53 20000 39499 
6089.69 20000 39515 
6109.66 20000 39531 
6127.48 20000 39547 
6145.12 20000 39562 
6161.95 20000 39578 
6179.27 20000 39594 
6195.09 20000 39610 
6211.32 20000 39625 
6227.7 20000 39641 
6245.38 20000 39657 
6262.31 20000 39673 
6279.33 20000 39688 
6295.9 20000 39704 
6313.4 20000 39720 
6329.99 20000 39736 
6346.45 20000 39751 
6362.86 20000 39767 
6380.83 20000 39783 
6398.56 20000 39798 
6416.09 20000 39814 
6432.61 20000 39830 
6450.01 20000 39846 
6466.99 20000 39861 
6483.74 20000 39877 
6500.54 20000 39893 
6518.38 20000 39909 
6535.41 20000 39924 
6552.8 20000 39940 
6569.78 20000 39956 
6588.06 20000 39972 
6606.03 20000 39987 
6624.43 20000 40003 
6642.32 20000 40019 
6660.7 20000 40035 
6678.83 20000 40050 
6697.08 20000 40066 
6715.48 20000 40082 
6734.65 20000 40098 
6753.31 20000 40113 
6771.88 20000 40129 
6790.04 20000 40145 
6808.86 20000 40161 
6828.33 20000 40176 
6847.26 20000 40192 
6866.25 20000 40208 
6885.47 20000 40224 
6905.37 20000 40239 
6925.08 20000 40255 
6944.19 20000 40271 
6963.1 20000 40287 
6982.39 20000 40302 
7001.22 20000 40318 
7020.01 20000 40334 
7038.95 20000 40350 
7058.38 20000 40365 
7076.77 20000 40381 
7095.63 20000 40397 
7115.12 20000 40413 
7135.42 20000 40428 
7154.72 20000 40444 
7174.42 20000 40460 
7194.71 20000 40476 
7215.93 20000 40491 
7235.52 20000 40507 
7255.28 20000 40523 
7275.97 20000 40539 
7297.34 20000 40554 
7316.82 20000 40570 
7336.44 20000 40586 
7355.4 20000 40602 
7375.6 20000 40617 
7394.52 20000 40633 
7413.61 20000 40649 
7432.4 20000 40665 
7453.31 20000 40680 
7473.64 20000 40696 
7493.85 20000 40712 
7513.77 20000 40728 
7534.76 20000 40743 
7554.79 20000 40759 
7574.62 20000 40775 
7594.45 20000 40791 
7615.61 20000 40806 
7635.96 20000 40822 
7656.2 20000 40838 
7676.34 20000 40854 
7697.85 20000 40869 
7717.99 20000 40885 
7737.8 20000 40901 
7758.15 20000 40917 
7780.02 20000 40932 
7800.65 20000 40948 
7820.91 20000 40964 
7841.55 20000 40980 
7863.56 20000 40995 
7884.64 20000 41011 
7905.62 20000 41027 
7926.92 20000 41043 
7949.57 20000 41058 
7972.33 20000 41074 
7995.11 20000 41090 
8017.73 20000 41106 
8040.61 20000 41121 
8062.91 20000 41137 
8083.03 20000 41153 
8103.72 20000 41168 
8125.29 20000 41184 
8146.69 20000 41200 
8167.34 20000 41216 
8188.38 20000 41231 
8209.27 20000 41247 
8230.46 20000 41263 
8250.49 20000 41279 
8270.75 20000 41294 
8291.09 20000 41310 
8311.74 20000 41326 
8331.97 20000 41342 
8352.81 20000 41357 
8374.47 20000 41373 
8397.23 20000 41389 
8419.22 20000 41405 
8442.01 20000 41420 
8463.64 20000 41436 
8484.91 20000 41452 
8505.2 20000 41468 
8526.75 20000 41483 
8547.41 20000 41499 
8568.55 20000 41515 
8589.07 20000 41531 
8610.67 20000 41546 
8631.83 20000 41562 
8652.62 20000 41578 
8671.36 20000 41594 
8691.63 20000 41609 
8712.04 20000 41625 
8733.24 20000 41641 
8753.28 20000 41657 
8775.14 20000 41672 
8798.45 20000 41688 
8823.37 20000 41704 
8846.02 20000 41720 
8867.87 20000 41735 
8890.09 20000 41751 
8914.24 20000 41767 
8935.77 20000 41783 
8956.88 20000 41798 
8978.19 20000 41814 
9000.32 20000 41830 
9020.42 20000 41846 
9040.57 20000 41861 
9061.08 20000 41877 
9083.64 20000 41893 
9104.99 20000 41909 
9126.43 20000 41924 
9148.68 20000 41940 
9173.02 20000 41956 
9197.16 20000 41972 
9220.3 20000 41987 
9241.69 20000 42003 
9264.54 20000 42019 
9287.73 20000 42035 
9311.15 20000 42050 
9335.19 20000 42066 
9360.09 20000 42082 
9384.62 20000 42098 
9408.54 20000 42113 
9433.32 20000 42129 
9459.9 20000 42145 
9484.96 20000 42161 
9501.12 20000 42176 
9519.81 20000 42192 
9544.32 20000 42208 
9567.89 20000 42224 
9589.49 20000 42239 
9612.09 20000 42255 
9637 20000 42271 
9662.71 20000 42287 
9686.4 20000 42302 
9710.36 20000 42318 
9735.09 20000 42334 
9760.87 20000 42350 
9783.59 20000 42365 
9807.05 20000 42381 
9831.85 20000 42397 
9856.94 20000 42413 
9879.54 20000 42428 
9903.82 20000 42444 
9929.84 20000 42460 
9957.66 20000 42476 
9983.08 20000 42491 
10010.33 20000 42507 
10038.88 20000 42523 
10067.95 20000 42539 
10093.14 20000 42554 
10118.74 20000 42570 
10145.62 20000 42586 
10174.32 20000 42602 
10200.08 20000 42617 
10225.79 20000 42633 
10252.45 20000 42649 
10280.92 20000 42665 
10308.4 20000 42680 
10336.15 20000 42696 
10364.29 20000 42712 
10394.95 20000 42728 
10423.77 20000 42743 
10452.23 20000 42759 
10479.06 20000 42775 
10506.21 20000 42791 
10532.79 20000 42806 
10560.3 20000 42822 
10588.27 20000 42838 
10618.39 20000 42854 
10647.11 20000 42869 
10676.19 20000 42885 
10705.88 20000 42901 
10735.89 20000 42917 
10764.62 20000 42932 
10792.74 20000 42948 
10820.86 20000 42964 
10849.79 20000 42980 
10878.33 20000 42995 
10906.99 20000 43011 
10936.42 20000 43027 
10967.07 20000 43042 
10997.26 20000 43058 
11027.1 20000 43074 
11057.22 20000 43090 
11088.16 20000 43105 
11118.58 20000 43121 
11147.36 20000 43137 
11177.08 20000 43153 
11207.74 20000 43168 
11237.52 20000 43184 
11266.24 20000 43200 
11297.29 20000 43216 
11328.5 20000 43231 
11360.75 20000 43247 
11390.28 20000 43263 
11419.4 20000 43279 
11448.79 20000 43294 
11478.78 20000 43310 
11508.4 20000 43326 
11539.95 20000 43342 
11571.28 20000 43357 
11604.22 20000 43373 
11636.18 20000 43389 
11669.07 20000 43405 
11700.25 20000 43420 
11704.6 20000 43436 
11650.94 20000 43452 
11639.25 20000 43468 
11678.27 20000 43483 
11724.37 20000 43499 
11765 20000 43515 
11803.68 20000 43531 
11840.43 20000 43546 
11878.15 20000 43562 
11913.7 20000 43578 
11948.5 20000 43594 
11983.35 20000 43609 
12020.19 20000 43625 
12056.1 20000 43641 
12092.25 20000 43657 
12128.49 20000 43672 
12165.75 20000 43688 
12201.18 20000 43704 
12236.18 20000 43720 
12271 20000 43735 
12306.64 20000 43751 
12340.38 20000 43767 
12373.44 20000 43783 
12406.06 20000 43798 
12439.93 20000 43814 
12474.5 20000 43830 
12509.38 20000 43846 
12543.81 20000 43861 
12579.55 20000 43877 
12614.72 20000 43893 
12649.06 20000 43909 
12682.92 20000 43924 
12716.35 20000 43940 
12749.21 20000 43956 
12781.8 20000 43972 
12813.66 20000 43987 
12845.22 20000 44003 
12871.53 20000 44019 
12880.91 20000 44035 
12889.28 20000 44050 
12922.17 20000 44066 
12962.73 20000 44082 
13001.62 20000 44098 
13040.8 20000 44113 
13079.96 20000 44129 
13119.13 20000 44145 
13155.84 20000 44161 
13192.15 20000 44176 
13227.74 20000 44192 
13262.58 20000 44208 
13295.94 20000 44224 
13331.75 20000 44239 
13367.24 20000 44255 
13402.83 20000 44271 
13436.97 20000 44287 
13471.52 20000 44302 
13504.51 20000 44318 
13537.5 20000 44334 
13569.17 20000 44350 
13602.89 20000 44365 
13636.91 20000 44381 
13672.45 20000 44397 
13705.79 20000 44413 
13740.56 20000 44428 
13774.79 20000 44444 
13809.03 20000 44460 
13841.72 20000 44476 
13875.31 20000 44491 
13907.05 20000 44507 
13939.89 20000 44523 
13971.27 20000 44539 
14003.63 20000 44554 
14036.01 20000 44570 
14069.44 20000 44586 
14102.01 20000 44602 
14135.26 20000 44617 
14167.82 20000 44633 
14201.27 20000 44649 
14233.62 20000 44665 
14267.49 20000 44680 
14300.89 20000 44696 
14333.71 20000 44712 
14366.17 20000 44728 
14399.89 20000 44743 
14434.23 20000 44759 
14469.89 20000 44775 
14504.65 20000 44790 
14539.9 20000 44806 
14575.01 20000 44822 
14609.83 20000 44838 
14643.5 20000 44853 
14678.66 20000 44869 
14713.26 20000 44885 
14746.76 20000 44901 
14780.04 20000 44916 
14814.47 20000 44932 
14849.76 20000 44948 
14885.23 20000 44964 
14919.74 20000 44979 
14953.19 20000 44995 
14986.79 20000 45011 
15021.39 20000 45027 
15056.81 20000 45042 
15091.08 20000 45058 
15126.54 20000 45074 
15162.57 20000 45090 
15198.98 20000 45105 
15233.77 20000 45121 
15269.63 20000 45137 
15307.11 20000 45153 
15346.09 20000 45168 
15383.79 20000 45184 
15421.78 20000 45200 
15460.58 20000 45216 
15500.59 20000 45231 
15538.15 20000 45247 
15576.16 20000 45263 
15614.51 20000 45279 
15652.14 20000 45294 
15679.16 20000 45310 
15710.71 20000 45326 
15751.05 20000 45342 
15791.59 20000 45357 
15827.85 20000 45373 
15864.89 20000 45389 
15901.76 20000 45405 
15938.87 20000 45420 
15972.8 20000 45436 
16007.73 20000 45452 
16044.02 20000 45468 
16082.38 20000 45483 
16118.58 20000 45499 
16155.47 20000 45515 
16192.98 20000 45531 
16231.92 20000 45546 
16268.24 20000 45562 
16304.58 20000 45578 
16341.76 20000 45594 
16381.35 20000 45609 
16418.66 20000 45625 
16456.77 20000 45641 
16496.23 20000 45657 
16537.79 20000 45672 
16577.61 20000 45688 
16617.33 20000 45704 
16658.68 20000 45720 
16702.66 20000 45735 
16743.22 20000 45751 
16782.14 20000 45767 
16823.05 20000 45783 
16865.7 20000 45798 
16906.47 20000 45814 
16945.77 20000 45830 
16984.64 20000 45846 
17026.26 20000 45861 
17068.63 20000 45877 
17110.52 20000 45893 
17152.69 20000 45909 
17196.07 20000 45924 
17239.49 20000 45940 
17281.85 20000 45956 
17323.45 20000 45972 
17366.29 20000 45987 
17411.02 20000 46003 
17454.52 20000 46019 
17498.98 20000 46035 
17543.43 20000 46050 
17588.33 20000 46066 
17632.78 20000 46082 
17678.41 20000 46098 
17722.13 20000 46113 
17766.89 20000 46129 
17810.33 20000 46145 
17855.49 20000 46161 
17900.33 20000 46176 
17946 20000 46192 
17989.64 20000 46208 
18034.26 20000 46224 
18077.17 20000 46239 
18120.59 20000 46255 
18160.15 20000 46271 
18182.65 20000 46287 
18164.39 20000 46302 
18112.08 20000 46318 
18087.98 20000 46334 
18102.53 20000 46350 
18110.61 20000 46365 
18092.85 20000 46381 
18091.86 20000 46397 
18115.22 20000 46413 
18127.11 20000 46428 
18117.01 20000 46444 
18116.75 20000 46460 
18135.13 20000 46476 
18144.11 20000 46491 
18139.32 20000 46507 
18134.07 20000 46523 
18140.1 20000 46539 
18139.56 20000 46554 
18137.82 20000 46570 
18138.02 20000 46586 
18168.94 20000 46601 
18188.33 20000 46617 
18191.61 20000 46633 
18186.42 20000 46649 
18216.21 20000 46664 
18242.05 20000 46680 
18252.3 20000 46696 
18242.59 20000 46712 
18272.76 20000 46727 
18342.28 20000 46743 
18422.84 20000 46759 
18494.97 20000 46775 
18559.47 20000 46790 
18616.26 20000 46806 
18629.96 20000 46822 
18621.58 20000 46838 
18599.05 20000 46853 
18613.39 20000 46869 
18631.77 20000 46885 
18642.69 20000 46901 
18636.65 20000 46916 
18663.14 20000 46932 
18686.16 20000 46948 
18696.09 20000 46964 
18689.4 20000 46979 
18713.05 20000 46995 
18738.75 20000 47011 
18750.05 20000 47027 
18744.61 20000 47042 
18768.82 20000 47058 
18796.46 20000 47074 
18809.29 20000 47090 
18805.09 20000 47105 
18826.97 20000 47121 
18850.36 20000 47137 
18860.28 20000 47153 
18824.87 20000 47168 
18694.92 20000 47184 
18558.03 20000 47200 
18579.74 20000 47216 
18559.9 20000 47231 
18464.04 20000 47247 
18413.28 20000 47263 
18446.12 20000 47279 
18430.2 20000 47294 
18344.22 20000 47310 
18315.58 20000 47326 
18344.48 20000 47342 
18326 20000 47357 
18249.16 20000 47373 
18228.57 20000 47389 
18267.31 20000 47405 
18253.52 20000 47420 
18169.49 20000 47436 
18155.46 20000 47452 
18195.93 20000 47468 
18170.49 20000 47483 
18082.39 20000 47499 
18088.67 20000 47515 
18117.73 20000 47531 
18043.36 20000 47546 
17981.17 20000 47562 
18028.81 20000 47578 
18006.67 20000 47594 
17904.55 20000 47609 
17919.02 20000 47625 
17928.45 20000 47641 
17882.21 20000 47657 
17858.48 20000 47672 
17879.1 20000 47688 
17862.47 20000 47704 
17808.75 20000 47720 
17803.88 20000 47735 
17822.34 20000 47751 
17809.76 20000 47767 
17750.89 20000 47783 
17757.16 20000 47798 
17747.48 20000 47814 
17705.92 20000 47830 
17685.47 20000 47846 
17721.41 20000 47861 
17702.89 20000 47877 
17637.96 20000 47893 
17620.68 20000 47909 
17654.92 20000 47924 
17638.63 20000 47940 
17582.73 20000 47956 
17573.65 20000 47972 
17612.48 20000 47987 
17596.55 20000 48003 
17540.19 20000 48019 
17528 20000 48035 
17565.45 20000 48050 
17544.86 20000 48066 
17489.28 20000 48082 
17482.5 20000 48098 
17517.77 20000 48113 
17483.84 20000 48129 
17429.46 20000 48145 
17440.78 20000 48161 
17487.69 20000 48176 
17459.73 20000 48192 
17394.61 20000 48208 
17397.99 20000 48224 
17448.22 20000 48239 
17422.92 20000 48255 
17358.17 20000 48271 
17356.72 20000 48287 
17409.46 20000 48302 
17387.32 20000 48318 
17324.1 20000 48334 
17317.13 20000 48350 
17371.19 20000 48365 
17351.27 20000 48381 
17289.49 20000 48397 
17277.75 20000 48413 
17332.15 20000 48428 
17316.24 20000 48444 
17255.96 20000 48460 
17240.57 20000 48476 
17296.66 20000 48491 
17284.66 20000 48507 
17226.17 20000 48523 
17205.82 20000 48539 
17261.61 20000 48554 
17252.57 20000 48570 
17195 20000 48586 
17173.62 20000 48602 
17229.21 20000 48602 
17229.25 20000 48602 
17202.34 20000 48602 
17180.8 20000 48602 
17178.08 20000 48602 
17163.46 20000 48602 
17158.44 20000 48602 
17145.65 20000 48602 
17132.53 20000 48602 
17119.57 20000 48602 
17109.77 20000 48602 
17101.27 20000 48602 
17092.49 20000 48602 
17084.25 20000 48602 
17076.42 20000 48602 
17068.38 20000 48602 
17060.57 20000 48602 
17052.49 20000 48602 
17044.81 20000 48602 
17037.04 20000 48602 
17029.52 20000 48602 
17022 20000 48602 
17014.3 20000 48602 
17006.47 20000 48602 
16999.23 20000 48602 
16991.8 20000 48602 
16984.51 20000 48602 
16977.19 20000 48602 
16969.86 20000 48602 
16962.63 20000 48602 
16954.86 20000 48602 
16948 20000 48602 
16940.78 20000 48602 
16933.35 20000 48602 
16925.91 20000 48602 
16919.09 20000 48602 
16912.13 20000 48602 
16904.8 20000 48602 
16897.41 20000 48602 
16890.52 20000 48602 
16883.62 20000 48602 
16876.54 20000 48602 
16870 20000 48602 
16863.12 20000 48602 
16855.95 20000 48602 
16849.38 20000 48602 
16842.9 20000 48602 
16836.15 20000 48602 
16829.43 20000 48602 
16823.32 20000 48602 
16820.23 20000 48602 
16807.72 20000 48602 
16793.1 20000 48602 
16786.07 20000 48602 
16790.13 20000 48602 
16782.42 20000 48602 
16759.71 20000 48602 
16764.52 20000 48602 
16742.75 20000 48602 
16715.44 20000 48602 
16689.72 20000 48602 
16672.12 20000 48602 
16693.48 20000 48602 
16720.06 20000 48602 
16723.87 20000 48602 
16691.41 20000 48602 
16662.35 20000 48602 
16668.33 20000 48602 
16681.46 20000 48602 
16694.6 20000 48602 
16667.37 20000 48602 
16638.12 20000 48602 
16651.04 20000 48602 
16667.13 20000 48602 
16671.22 20000 48602 
16670.57 20000 48602 
16678.73 20000 48602 
16672.25 20000 48602 
16672.35 20000 48602 
16648.81 20000 48602 
16614.27 20000 48602 
16584.52 20000 48602 
16556.52 20000 48602 
16524.83 20000 48602 
16509.4 20000 48602 
16500.04 20000 48602 
16484.47 20000 48602 
16488.57 20000 48602 
16484.66 20000 48602 
16474.01 20000 48602 
16475.18 20000 48602 
16488.85 20000 48602 
16485.77 20000 48602 
16488.63 20000 48602 
16499.05 20000 48602 
16502.31 20000 48602 
16496.47 20000 48602 
16476.48 20000 48602 
16450.48 20000 48602 
16482.39 20000 48602 
16479.79 20000 48602 
16474.71 20000 48602 
16483.79 20000 48602 
16489.94 20000 48602 
16468.07 20000 48602 
16442.12 20000 48602 
16467.31 20000 48602 
16448.24 20000 48602 
16438.7 20000 48602 
16441.71 20000 48602 
16434.49 20000 48602 
16437.1 20000 48602 
16458.34 20000 48602 
16436.6 20000 48602 
16429.52 20000 48602 
16396.89 20000 48602 
16380.47 20000 48602 
16382.47 20000 48602 
16386.39 20000 48602 
16397.27 20000 48602 
16413.26 20000 48602 
16419.51 20000 48602 
16410.21 20000 48602 
16421.84 20000 48602 
16430.59 20000 48602 
16411.68 20000 48602 
16379.79 20000 48602 
16399.03 20000 48602 
16390.52 20000 48602 
16380.41 20000 48602 
16364.99 20000 48602 
16391.82 20000 48602 
16393.96 20000 48602 
16372.39 20000 48602 
16387.34 20000 48602 
16392.54 20000 48602 
16387.54 20000 48602 
16388.11 20000 48602 
16364.62 20000 48602 
16350.4 20000 48602 
16369.03 20000 48602 
16382.83 20000 48602 
16346.16 20000 48602 
16317.17 20000 48602 
16316.41 20000 48602 
16306.33 20000 48602 
16308.59 20000 48602 
16301.66 20000 48602 
16300.09 20000 48602 
16295.92 20000 48602 
16291.49 20000 48602 
16288.34 20000 48602 
16284.37 20000 48602 
16280.36 20000 48602 
16276.29 20000 48602 
16271.98 20000 48602 
16267.72 20000 48602 
16263.57 20000 48602 
16259.9 20000 48602 
16256.1 20000 48602 
16251.71 20000 48602 
16247.71 20000 48602 
16243.67 20000 48602 
16239.8 20000 48602 
16236.12 20000 48602 
16231.97 20000 48602 
16227.7 20000 48602 
16223.85 20000 48602 
16220 20000 48602 
16216.6 20000 48602 
16213.01 20000 48602 
16209.21 20000 48602 
16205.39 20000 48602 
16201.8 20000 48602 
16198.48 20000 48602 
16194.41 20000 48602 
16190.27 20000 48602 
16185.73 20000 48602 
16181.39 20000 48602 
16177.02 20000 48602 
16172.63 20000 48602 
16168.59 20000 48602 
16164.17 20000 48602 
16159.64 20000 48602 
16155.09 20000 48602 
16150.93 20000 48602 
16146.77 20000 48602 
16142.56 20000 48602 
16138.53 20000 48602 
16134.6 20000 48602 
16130.33 20000 48602 
16126.04 20000 48602 
16122.34 20000 48602 
16118.48 20000 48602 
16114.45 20000 48602 
16110.72 20000 48602 
16107.52 20000 48602 
16104.26 20000 48602 
16099.87 20000 48602 
16095.54 20000 48602 
16092.09 20000 48602 
16088.26 20000 48602 
16084.37 20000 48602 
16080.95 20000 48602 
16077.2 20000 48602 
16073.36 20000 48602 
16069.45 20000 48602 
16065.92 20000 48602 
16062.25 20000 48602 
16058.41 20000 48602 
16054.72 20000 48602 
16050.93 20000 48602 
16047.24 20000 48602 
16048.86 20000 48602 
16055.2 20000 48602 
16033.78 20000 48602 
16037.12 20000 48602 
16063.72 20000 48602 
16048.26 20000 48602 
16022.41 20000 48602 
16001.29 20000 48602 
15998.91 20000 48602 
15969.53 20000 48602 
15982.95 20000 48602 
16030.2 20000 48602 
15991.19 20000 48602 
15963.9 20000 48602 
15974.98 20000 48602 
15992.93 20000 48602 
16001.37 20000 48602 
15963.6 20000 48602 
15954.99 20000 48602 
15957.51 20000 48602 
16047.44 20000 48602 
16042.83 20000 48602 
16027.83 20000 48602 
16034.72 20000 48602 
16060.06 20000 48602 
16064.67 20000 48602 
16045.25 20000 48602 
16084.02 20000 48602 
16115.67 20000 48602 
16089.42 20000 48602 
16075.14 20000 48602 
16029.86 20000 48602 
16039.36 20000 48602 
16019.97 20000 48602 
16018.1 20000 48602 
16033.69 20000 48602 
16034.57 20000 48602 
16003.82 20000 48602 
15986.07 20000 48602 
15995.15 20000 48602 
15970.32 20000 48602 
15951.78 20000 48602 
15965.51 20000 48602 
15962.57 20000 48602 
15934.31 20000 48602 
15915.89 20000 48602 
15920.86 20000 48602 
15912.93 20000 48602 
15911.53 20000 48602 
15923.05 20000 48602 
15932.66 20000 48602 
15934.22 20000 48602 
15961.88 20000 48602 
15957.68 20000 48602 
15933.07 20000 48602 
15924.12 20000 48602 
15882.32 20000 48602 
15876.52 20000 48602 
15864.82 20000 48602 
15834.62 20000 48602 
15817.77 20000 48602 
15809.14 20000 48602 
15837.82 20000 48602 
15852.88 20000 48602 
15840.11 20000 48602 
15853.6 20000 48602 
15871.54 20000 48602 
15827.62 20000 48602 
15830.31 20000 48602 
15790.74 20000 48602 
15806.64 20000 48602 
15819.65 20000 48602 
15818.51 20000 48602 
15818.16 20000 48602 
15802.91 20000 48602 
15794.29 20000 48602 
15798.58 20000 48602 
15797.33 20000 48602 
15794.43 20000 48602 
15792.93 20000 48602 
15790.11 20000 48602 
15787.48 20000 48602 
15785.15 20000 48602 
15781.89 20000 48602 
15770.1 20000 48602 
15758.76 20000 48602 
15757.87 20000 48602 
15744.08 20000 48602 
15725.03 20000 48602 
15704.63 20000 48602 
15696.15 20000 48602 
15691.8 20000 48602 
15680.5 20000 48602 
15667.98 20000 48602 
15659.74 20000 48602 
15651.17 20000 48602 
15642.48 20000 48602 
15633.18 20000 48602 
15624.29 20000 48602 
15616.5 20000 48602 
15610.19 20000 48602 
15603.39 20000 48602 
15595.46 20000 48602 
15587.7 20000 48602 
15582.06 20000 48602 
15578.5 20000 48602 
15574.5 20000 48602 
15568.85 20000 48602 
15563.87 20000 48602 
15560.45 20000 48602 
15557.26 20000 48602 
15554.26 20000 48602 
15550.78 20000 48602 
15547.23 20000 48602 
15543.85 20000 48602 
15540.59 20000 48602 
15537.03 20000 48602 
15532.74 20000 48602 
15528.93 20000 48602 
15525.61 20000 48602 
15522.31 20000 48602 
15518.64 20000 48602 
15514.89 20000 48602 
15511.04 20000 48602 
15507.2 20000 48602 
15503.42 20000 48602 
15499.66 20000 48602 
15495.65 20000 48602 
15491.64 20000 48602 
15487.79 20000 48602 
15484.87 20000 48602 
15480.91 20000 48602 
15476.87 20000 48602 
15473.3 20000 48602 
15469.93 20000 48602 
15466.65 20000 48602 
15463.19 20000 48602 
15459.39 20000 48602 
15455.6 20000 48602 
15451.97 20000 48602 
15448.53 20000 48602 
15445.19 20000 48602 
15441.72 20000 48602 
15438.16 20000 48602 
15434.53 20000 48602 
15431.14 20000 48602 
15427.85 20000 48602 
15424.69 20000 48602 
15421.4 20000 48602 
15418.31 20000 48602 
15415.54 20000 48602 
15412.58 20000 48602 
15411.75 20000 48602 
15414 20000 48602 
15410.52 20000 48602 
15406.55 20000 48602 
15403.02 20000 48602 
15399.45 20000 48602 
15396.03 20000 48602 
15392.71 20000 48602 
15389.13 20000 48602 
15386.12 20000 48602 
15383.29 20000 48602 
15380.45 20000 48602 
15377.76 20000 48602 
15374.72 20000 48602 
15371.53 20000 48602 
15368.24 20000 48602 
15365.26 20000 48602 
15362.84 20000 48602 
15360.17 20000 48602 
15357.43 20000 48602 
15354.47 20000 48602 
15351.56 20000 48602 
15348.57 20000 48602 
15345.27 20000 48602 
15341.91 20000 48602 
15339.03 20000 48602 
15335.79 20000 48602 
15332.62 20000 48602 
15329.38 20000 48602 
15326.33 20000 48602 
15323.41 20000 48602 
15320.55 20000 48602 
15317.36 20000 48602 
15313.99 20000 48602 
15311.14 20000 48602 
15308.27 20000 48602 
15305.15 20000 48602 
15302.19 20000 48602 
15299.41 20000 48602 
15296.52 20000 48602 
15293.53 20000 48602 
15290.88 20000 48602 
15287.68 20000 48602 
15284.88 20000 48602 
15281.98 20000 48602 
15279.25 20000 48602 
15276.66 20000 48602 
15274.09 20000 48602 
15271.55 20000 48602 
15269.1 20000 48602 
15266.41 20000 48602 
15263.83 20000 48602 
15260.96 20000 48602 
15258.47 20000 48602 
15255.7 20000 48602 
15253.01 20000 48602 
15250.62 20000 48602 
15247.88 20000 48602 
15245.33 20000 48602 
15242.87 20000 48602 
15240.11 20000 48602 
15237.66 20000 48602 
15235.22 20000 48602 
15232.84 20000 48602 
15230.43 20000 48602 
15228.1 20000 48602 
15225.86 20000 48602 
15223.74 20000 48602 
15221.52 20000 48602 
15219.31 20000 48602 
15216.99 20000 48602 
15214.68 20000 48602 
15212.34 20000 48602 
15210.27 20000 48602 
15207.94 20000 48602 
15205.69 20000 48602 
15203.22 20000 48602 
15200.77 20000 48602 
15198.92 20000 48602 
15196.54 20000 48602 
15194.27 20000 48602 
15192.02 20000 48602 
15189.83 20000 48602 
15188.1 20000 48602 
15185.93 20000 48602 
15183.8 20000 48602 
15181.45 20000 48602 
15179.1 20000 48602 
15176.87 20000 48602 
15174.57 20000 48602 
15172.13 20000 48602 
15170.19 20000 48602 
15168.15 20000 48602 
15165.91 20000 48602 
15163.63 20000 48602 
15161.5 20000 48602 
15159.39 20000 48602 
15157.09 20000 48602 
15156.01 20000 48602 
15155.09 20000 48602 
15147.13 20000 48602 
15144.69 20000 48602 
15142.45 20000 48602 
15140.24 20000 48602 
15137.82 20000 48602 
15135.74 20000 48602 
15133.71 20000 48602 
15131.74 20000 48602 
15129.85 20000 48602 
15128.39 20000 48602 
15126.74 20000 48602 
15124.89 20000 48602 
15122.88 20000 48602 
15121.26 20000 48602 
15119.52 20000 48602 
15117.67 20000 48602 
15115.84 20000 48602 
15114.18 20000 48602 
15112.37 20000 48602 
15110.64 20000 48602 
15108.78 20000 48602 
15106.83 20000 48602 
15099.09 20000 48602 
15096.19 20000 48602 
15100.52 20000 48602 
15100.94 20000 48602 
15107.87 20000 48602 
15100.36 20000 48602 
15088.39 20000 48602 
15094.95 20000 48602 
15116.52 20000 48602 
15134.69 20000 48602 
15160.25 20000 48602 
15137.92 20000 48602 
15102.95 20000 48602 
15089.01 20000 48602 
15053.41 20000 48602 
15074.63 20000 48602 
15116.63 20000 48602 
15079.13 20000 48602 
15065.85 20000 48602 
15091.97 20000 48602 
15118.23 20000 48602 
15090.54 20000 48602 
15077.49 20000 48602 
15098.96 20000 48602 
15092.59 20000 48602 
15085.15 20000 48602 
15114.41 20000 48602 
15132.48 20000 48602 
15149.33 20000 48602 
15167.39 20000 48602 
15174.4 20000 48602 
15183.98 20000 48602 
15169.17 20000 48602 
15154.72 20000 48602 
15165.49 20000 48602 
15140.32 20000 48602 
15127.08 20000 48602 
15156.2 20000 48602 
15153.29 20000 48602 
15147.83 20000 48602 
15149.72 20000 48602 
15132.77 20000 48602 
15113.43 20000 48602 
15116.45 20000 48602 
15130.75 20000 48602 
15126.28 20000 48602 
15122.53 20000 48602 
15128.93 20000 48602 
15130.02 20000 48602 
15121.42 20000 48602 
15130.16 20000 48602 
15143.78 20000 48602 
15144.14 20000 48602 
15148.53 20000 48602 
15147.81 20000 48602 
15139.54 20000 48602 
15128.48 20000 48602 
15089.39 20000 48602 
15063.98 20000 48602 
15047.1 20000 48602 
15044.29 20000 48602 
15041.8 20000 48602 
15042.18 20000 48602 
15039.97 20000 48602 
15039.14 20000 48602 
15037.95 20000 48602 
15035.98 20000 48602 
15034.27 20000 48602 
15033.6 20000 48602 
15032 20000 48602 
15030.77 20000 48602 
15028.72 20000 48602 
15027.15 20000 48602 
15025.38 20000 48602 
15023.59 20000 48602 
15021.7 20000 48602 
15019.74 20000 48602 
15017.79 20000 48602 
15015.34 20000 48602 
15013.76 20000 48602 
15012.59 20000 48602 
15011.24 20000 48602 
15009.8 20000 48602 
15008.02 20000 48602 
15006.77 20000 48602 
15005.81 20000 48602 
15004.38 20000 48602 
15002.91 20000 48602 
15001.84 20000 48602 
15000.63 20000 48602 
14998.98 20000 48602 
14997.6 20000 48602 
14996.13 20000 48602 
14995.03 20000 48602 
14994.01 20000 48602 
14992.9 20000 48602 
14991.83 20000 48602 
14990.68 20000 48602 
14989.27 20000 48602 
14988.04 20000 48602 
14987.08 20000 48602 
14985.9 20000 48602 
14984.71 20000 48602 
14983.46 20000 48602 
14982.24 20000 48602 
14980.86 20000 48602 
14979.6 20000 48602 
14978.27 20000 48602 
14976.79 20000 48602 
14975.3 20000 48602 
14973.99 20000 48602 
14972.3 20000 48602 
14970.73 20000 48602 
14969.34 20000 48602 
14968.13 20000 48602 
14966.78 20000 48602 
14965.32 20000 48602 
14964.09 20000 48602 
14962.96 20000 48602 
14961.62 20000 48602 
14959.97 20000 48602 
14959.49 20000 48602 
14957.2 20000 48602 
14955.28 20000 48602 
14954.27 20000 48602 
14952.69 20000 48602 
14951.22 20000 48602 
14949.75 20000 48602 
14948.03 20000 48602 
14946.42 20000 48602 
14942.73 20000 48602 
14936.55 20000 48602 
14928.8 20000 48602 
14929.41 20000 48602 
14923.57 20000 48602 
14909.37 20000 48602 
14897.6 20000 48602 
14887.94 20000 48602 
14882.23 20000 48602 
14879.77 20000 48602 
14876.84 20000 48602 
14873.68 20000 48602 
14870.91 20000 48602 
14867.8 20000 48602 
14865.2 20000 48602 
14862.71 20000 48602 
14860.41 20000 48602 
14857.81 20000 48602 
14854.85 20000 48602 
14852.16 20000 48602 
14849.6 20000 48602 
14847.02 20000 48602 
14843.53 20000 48602 
14840.03 20000 48602 
14836.55 20000 48602 
14833.53 20000 48602 
14830.57 20000 48602 
14827.59 20000 48602 
14824.34 20000 48602 
14821.47 20000 48602 
14818.78 20000 48602 
14816.32 20000 48602 
14814.02 20000 48602 
14811.47 20000 48602 
14808.85 20000 48602 
14806.34 20000 48602 
14803.89 20000 48602 
14801.34 20000 48602 
14798.79 20000 48602 
14796.31 20000 48602 
14793.87 20000 48602 
14791.31 20000 48602 
14788.83 20000 48602 
14786.31 20000 48602 
14783.37 20000 48602 
14781.53 20000 48602 
14779.9 20000 48602 
14777.91 20000 48602 
14775.41 20000 48602 
14773.7 20000 48602 
14772.2 20000 48602 
14768.2 20000 48602 
14767.44 20000 48602 
14765.82 20000 48602 
14764.08 20000 48602 
14762.2 20000 48602 
14760.47 20000 48602 
14758.64 20000 48602 
14756.9 20000 48602 
14755.04 20000 48602 
14753.32 20000 48602 
14751.77 20000 48602 
14750 20000 48602 
14747.76 20000 48602 
14746.01 20000 48602 
14744.46 20000 48602 
14742.71 20000 48602 
14740.97 20000 48602 
14739.31 20000 48602 
14737.36 20000 48602 
14735.7 20000 48602 
14734.32 20000 48602 
14732.76 20000 48602 
14730.78 20000 48602 
14728.84 20000 48602 
14727.17 20000 48602 
14725.38 20000 48602 
14723.58 20000 48602 
14721.72 20000 48602 
14719.95 20000 48602 
14718.5 20000 48602 
14717.16 20000 48602 
14715.65 20000 48602 
14713.86 20000 48602 
14712.21 20000 48602 
14710.64 20000 48602 
14708.9 20000 48602 
14707.11 20000 48602 
14705.74 20000 48602 
14704.31 20000 48602 
14702.43 20000 48602 
14701.04 20000 48602 
14699.37 20000 48602 
14697.55 20000 48602 
14695.94 20000 48602 
14694.22 20000 48602 
14692.7 20000 48602 
14691.29 20000 48602 
14689.79 20000 48602 
14688.25 20000 48602 
14686.9 20000 48602 
14685.63 20000 48602 
14684.42 20000 48602 
14683.11 20000 48602 
14681.6 20000 48602 
14680.37 20000 48602 
14678.81 20000 48602 
14677.52 20000 48602 
14676.25 20000 48602 
14674.85 20000 48602 
14673.7 20000 48602 
14672.26 20000 48602 
14670.92 20000 48602 
14669.5 20000 48602 
14668.01 20000 48602 
14666.83 20000 48602 
14665.89 20000 48602 
14664.68 20000 48602 
14664.01 20000 48602 
14666.21 20000 48602 
14668.07 20000 48602 
14669.98 20000 48602 
14670.38 20000 48602 
14672.3 20000 48602 
14674.95 20000 48602 
14670.5 20000 48602 
14663.55 20000 48602 
14660.66 20000 48602 
14659.01 20000 48602 
14657.59 20000 48602 
14654.91 20000 48602 
14652.38 20000 48602 
14651.1 20000 48602 
14648.53 20000 48602 
14647.24 20000 48602 
14646.51 20000 48602 
14644.21 20000 48602 
14641.98 20000 48602 
14638.29 20000 48602 
14638.76 20000 48602 
14642.97 20000 48602 
14650.84 20000 48602 
14652.69 20000 48602 
14660.43 20000 48602 
14690.71 20000 48602 
14681.53 20000 48602 
14663.7 20000 48602 
14636.99 20000 48602 
14634.43 20000 48602 
14639.24 20000 48602 
14646.28 20000 48602 
14651.93 20000 48602 
14654.45 20000 48602 
14657.97 20000 48602 
14660.13 20000 48602 
14654.12 20000 48602 
14643.61 20000 48602 
14638.44 20000 48602 
14635.29 20000 48602 
14632.26 20000 48602 
14630.8 20000 48602 
14629.11 20000 48602 
14629.42 20000 48602 
14626.77 20000 48602 
14625.17 20000 48602 
14624.63 20000 48602 
14622.22 20000 48602 
14622.45 20000 48602 
14622.79 20000 48602 
14622.15 20000 48602 
14620.63 20000 48602 
14616.87 20000 48602 
14613.55 20000 48602 
14612.18 20000 48602 
14610.25 20000 48602 
14601.46 20000 48602 
14605 20000 48602 
14606.48 20000 48602 
14606.35 20000 48602 
14605.77 20000 48602 
14605.76 20000 48602 
14605.25 20000 48602 
14603.53 20000 48602 
14602.46 20000 48602 
14601.35 20000 48602 
14598.89 20000 48602 
14597.67 20000 48602 
14596.41 20000 48602 
14595.27 20000 48602 
14594.38 20000 48602 
14593.75 20000 48602 
14593.07 20000 48602 
14591.9 20000 48602 
14590.83 20000 48602 
14590.74 20000 48602 
14589.47 20000 48602 
14588.25 20000 48602 
14587.2 20000 48602 
14586.01 20000 48602 
14585.33 20000 48602 
14584.61 20000 48602 
14583.65 20000 48602 
14582.63 20000 48602 
14581.58 20000 48602 
14581.17 20000 48602 
14580.16 20000 48602 
14579.05 20000 48602 
