7.68 10000 43335 
7.84 10000 43335 
7.63 10000 43335 
7.46 10000 43335 
7.74 10000 43335 
7.83 10000 43335 
7.8 10000 43335 
8.02 10000 43335 
8.16 10000 43335 
8.01 10000 43335 
8.04 10000 43335 
7.99 10000 43335 
7.86 10000 43335 
7.91 10000 43335 
7.91 10000 43335 
7.83 10000 43335 
7.6 10000 43335 
7.94 10000 43335 
8.28 10000 43335 
8.2 10000 43335 
8.17 10000 43335 
7.96 10000 43335 
8.03 10000 43335 
7.84 10000 43335 
7.78 10000 43335 
7.74 10000 43335 
7.86 10000 43335 
8.39 10000 43335 
8.53 10000 43335 
8.31 10000 43335 
7.85 10000 43335 
7.99 10000 43335 
7.84 10000 43335 
7.29 10000 43335 
7.38 10000 43335 
7.64 10000 43335 
8.06 10000 43335 
8.36 10000 43335 
8.45 10000 43335 
8.61 10000 43335 
8.74 10000 43335 
8.17 10000 43335 
8.11 10000 43335 
8.61 10000 43335 
8.46 10000 43335 
8.36 10000 43335 
8.25 10000 43335 
8.22 10000 43335 
8.39 10000 43335 
8.3 10000 43335 
8.3 10000 43335 
8.49 10000 43335 
8.68 10000 43335 
8.72 10000 43335 
8.76 10000 43335 
8.79 10000 43335 
8.63 10000 43335 
8.28 10000 43335 
8.02 10000 43335 
8.19 10000 43335 
8.33 10000 43335 
8.41 10000 43335 
8.64 10000 43335 
8.73 10000 43335 
8.43 10000 43335 
8.44 10000 43335 
8.37 10000 43335 
8.18 10000 43335 
8.15 10000 43335 
8.15 10000 43335 
7.94 10000 43335 
8.06 10000 43335 
7.98 10000 43335 
8.14 10000 43335 
8.09 10000 43335 
8.02 10000 43335 
7.91 10000 43335 
7.68 10000 43335 
7.64 10000 43335 
7.51 10000 43335 
7.66 10000 43335 
7.92 10000 43335 
7.52 10000 43335 
7.39 10000 43335 
7.52 10000 43335 
7.74 10000 43335 
7.56 10000 43335 
7.19 10000 43494 
7.08 10000 43657 
7.25 10000 43677 
7.35 10000 43693 
7.41 10000 43708 
7.65 10000 43724 
7.81 10000 43740 
7.69 10000 43756 
7.9 10000 43772 
7.82 10000 43787 
7.7 10000 43803 
7.53 10000 43819 
7.68 10000 43835 
7.74 10000 43851 
7.88 10000 43866 
7.99 10000 43882 
7.96 10000 43898 
7.89 10000 43914 
7.93 10000 43930 
7.98 10000 43945 
8.1 10000 43961 
8.05 10000 43977 
8.13 10000 43993 
8.23 10000 44009 
8.23 10000 44024 
8.11 10000 44040 
7.86 10000 44056 
7.99 10000 44072 
8.04 10000 44088 
8.15 10000 44103 
8.04 10000 44119 
7.9 10000 44135 
8.07 10000 44151 
7.91 10000 44167 
7.71 10000 44182 
8.05 10000 44198 
8.11 10000 44214 
7.77 10000 44230 
7.8 10000 44246 
7.78 10000 44261 
7.94 10000 44277 
8.06 10000 44293 
8.41 10000 44309 
8.69 10000 44325 
8.97 10000 44340 
9.28 10000 44356 
9.69 10000 44372 
10.21 10000 44388 
10.65 10000 44404 
11.15 10000 44419 
11.85 10000 44435 
13.36 10000 44451 
15.51 10000 44467 
17.09 10000 44483 
18.87 10000 44498 
21.05 10000 44514 
23.84 10000 44530 
27.01 10000 44546 
30.07 10000 44562 
33.64 10000 44577 
36.94 10000 44593 
40.15 10000 44609 
44.4 10000 44625 
49.64 10000 44641 
54.96 10000 44656 
61.08 10000 44672 
67.89 10000 44688 
75.01 10000 44704 
81.61 10000 44720 
88.68 10000 44735 
95.56 10000 44751 
102.07 10000 44767 
108.91 10000 44783 
115.66 10000 44799 
122.33 10000 44814 
129.11 10000 44830 
135.99 10000 44846 
142.82 10000 44862 
149.28 10000 44878 
155.95 10000 44893 
162.64 10000 44909 
169.38 10000 44925 
175.94 10000 44941 
182.37 10000 44957 
189.19 10000 44972 
196.02 10000 44988 
202.92 10000 45004 
209.51 10000 45020 
216.35 10000 45036 
222.98 10000 45051 
229.67 10000 45067 
236.8 10000 45083 
243.93 10000 45099 
250.98 10000 45115 
256.64 10000 45130 
262.79 10000 45146 
268.88 10000 45162 
275.35 10000 45178 
281.47 10000 45194 
288.08 10000 45209 
294.72 10000 45225 
301.63 10000 45241 
308.16 10000 45257 
314.26 10000 45273 
320.79 10000 45288 
327.92 10000 45304 
334.66 10000 45320 
341.99 10000 45336 
349.61 10000 45352 
356.69 10000 45367 
363.22 10000 45383 
370.14 10000 45399 
377.13 10000 45415 
384.59 10000 45431 
391.35 10000 45446 
398.02 10000 45462 
404.9 10000 45478 
412.4 10000 45494 
419.41 10000 45510 
426.38 10000 45525 
433.3 10000 45541 
440.52 10000 45557 
447.53 10000 45573 
454.4 10000 45589 
461.34 10000 45604 
468.42 10000 45620 
475.13 10000 45636 
481.83 10000 45652 
488.17 10000 45668 
495.11 10000 45683 
502.33 10000 45699 
509.27 10000 45715 
516.2 10000 45731 
523.49 10000 45747 
529.88 10000 45762 
536.49 10000 45778 
543.19 10000 45794 
550.44 10000 45810 
557.3 10000 45826 
564.08 10000 45841 
570.59 10000 45857 
577.77 10000 45873 
584.72 10000 45889 
591.38 10000 45905 
598.08 10000 45920 
604.98 10000 45936 
611.58 10000 45952 
618.36 10000 45968 
624.56 10000 45984 
631.19 10000 45999 
638.04 10000 46015 
644.9 10000 46031 
651.9 10000 46047 
659.32 10000 46063 
666.61 10000 46078 
673.62 10000 46094 
679.94 10000 46110 
687.1 10000 46126 
694.65 10000 46142 
701.45 10000 46157 
707.87 10000 46173 
714.57 10000 46189 
720.95 10000 46205 
727.7 10000 46221 
734.56 10000 46236 
741.66 10000 46252 
749.22 10000 46268 
756.2 10000 46284 
762.52 10000 46299 
769.18 10000 46315 
776.12 10000 46331 
782.64 10000 46347 
789.52 10000 46363 
796.53 10000 46378 
803.54 10000 46394 
809.83 10000 46410 
815.86 10000 46426 
822.5 10000 46442 
829.79 10000 46457 
836.55 10000 46473 
843.44 10000 46489 
850.5 10000 46505 
857.71 10000 46521 
864.27 10000 46536 
870.96 10000 46552 
877.8 10000 46568 
884.74 10000 46584 
891.34 10000 46600 
897.78 10000 46615 
904.25 10000 46631 
911.52 10000 46647 
918.44 10000 46663 
925.05 10000 46679 
931.71 10000 46694 
938.92 10000 46710 
945.38 10000 46726 
951.88 10000 46742 
958.41 10000 46758 
965.31 10000 46773 
971.63 10000 46789 
977.62 10000 46805 
983.01 10000 46821 
989.55 10000 46837 
997.31 10000 46852 
1004.71 10000 46868 
1011.87 10000 46884 
1019.63 10000 46900 
1026.9 10000 46916 
1034.35 10000 46931 
1041.51 10000 46947 
1048.87 10000 46963 
1055.83 10000 46979 
1062.74 10000 46995 
1069.81 10000 47010 
1077.19 10000 47026 
1083.92 10000 47042 
1090.69 10000 47058 
1097.39 10000 47074 
1104.85 10000 47089 
1112.37 10000 47105 
1119.92 10000 47121 
1126.52 10000 47137 
1133.48 10000 47153 
1140.42 10000 47168 
1147.42 10000 47184 
1154.54 10000 47200 
1161.79 10000 47216 
1169.39 10000 47232 
1176.69 10000 47247 
1183.75 10000 47263 
1191.12 10000 47279 
1198.38 10000 47295 
1205.52 10000 47311 
1212.43 10000 47326 
1219.61 10000 47342 
1226.62 10000 47358 
1233.82 10000 47374 
1240.53 10000 47390 
1247.71 10000 47405 
1255.53 10000 47421 
1263.32 10000 47437 
1270.81 10000 47453 
1277.78 10000 47469 
1284.63 10000 47484 
1292.45 10000 47500 
1300.06 10000 47516 
1306.9 10000 47532 
1314.33 10000 47548 
1321.69 10000 47563 
1329.11 10000 47579 
1336.44 10000 47595 
1343.73 10000 47611 
1351.03 10000 47627 
1358.94 10000 47642 
1366.61 10000 47658 
1374.04 10000 47674 
1381.52 10000 47690 
1388.62 10000 47706 
1395.92 10000 47721 
1403.58 10000 47737 
1411.36 10000 47753 
1420 10000 47769 
1427.96 10000 47785 
1435.08 10000 47800 
1442.48 10000 47816 
1450.41 10000 47832 
1458.35 10000 47848 
1466.61 10000 47864 
1474.97 10000 47879 
1483.78 10000 47895 
1491.73 10000 47911 
1500.33 10000 47927 
1508.29 10000 47943 
1516.49 10000 47958 
1524.56 10000 47974 
1532.79 10000 47990 
1540.47 10000 48006 
1548.57 10000 48022 
1556.44 10000 48037 
1564.48 10000 48053 
1571.88 10000 48069 
1579.71 10000 48085 
1587.16 10000 48101 
1595.38 10000 48116 
1603.04 10000 48132 
1611.24 10000 48148 
1619.47 10000 48164 
1627.73 10000 48179 
1635.15 10000 48195 
1642.59 10000 48211 
1650.39 10000 48227 
1658.26 10000 48243 
1665.79 10000 48258 
1674.15 10000 48274 
1682.55 10000 48290 
1690.59 10000 48306 
1698.28 10000 48322 
1706.66 10000 48337 
1714.89 10000 48353 
1723.35 10000 48369 
1731.75 10000 48385 
1740.68 10000 48401 
1749.73 10000 48416 
1758.87 10000 48432 
1766.91 10000 48448 
1775.62 10000 48464 
1784.62 10000 48480 
1793.31 10000 48495 
1801.18 10000 48511 
1809.36 10000 48527 
1817.87 10000 48543 
1826.32 10000 48559 
1834.59 10000 48574 
1843.32 10000 48590 
1851.63 10000 48606 
1859.97 10000 48622 
1868.17 10000 48638 
1876.54 10000 48653 
1884.87 10000 48669 
1892.88 10000 48685 
1901.32 10000 48701 
1909.65 10000 48717 
1917.84 10000 48732 
1926.09 10000 48748 
1934.1 10000 48764 
1942.17 10000 48780 
1950.37 10000 48796 
1958.88 10000 48811 
1967.17 10000 48827 
1975.72 10000 48843 
1984.86 10000 48859 
1993.72 10000 48875 
2002.43 10000 48890 
2010.83 10000 48906 
2019.19 10000 48922 
2027.26 10000 48938 
2035.49 10000 48954 
2043.89 10000 48969 
2052.71 10000 48985 
2059.14 10000 49001 
2062.53 10000 49017 
2071.48 10000 49033 
2081.67 10000 49048 
2090.94 10000 49064 
2100.62 10000 49080 
2109.77 10000 49096 
2118.75 10000 49112 
2127.47 10000 49127 
2136.77 10000 49143 
2146.03 10000 49159 
2155.2 10000 49175 
2163.81 10000 49191 
2173.33 10000 49206 
2182.6 10000 49222 
2192.5 10000 49238 
2202.04 10000 49254 
2211.63 10000 49269 
2220.71 10000 49285 
2229.88 10000 49301 
2239.01 10000 49317 
2248.7 10000 49333 
2258.1 10000 49348 
2268.47 10000 49364 
2277.86 10000 49380 
2287.9 10000 49396 
2297.88 10000 49412 
2308.13 10000 49427 
2318.17 10000 49443 
2328.45 10000 49459 
2337.84 10000 49475 
2348.18 10000 49491 
2357.67 10000 49506 
2367.33 10000 49522 
2377.2 10000 49538 
2387.57 10000 49554 
2397.06 10000 49570 
2407.04 10000 49585 
2416.77 10000 49601 
2426.66 10000 49617 
2436.77 10000 49633 
2446.96 10000 49649 
2457.14 10000 49664 
2467.59 10000 49680 
2477.63 10000 49696 
2487.35 10000 49712 
2497.51 10000 49728 
2508.49 10000 49743 
2518.98 10000 49759 
2530.43 10000 49775 
2542.23 10000 49791 
2553.86 10000 49807 
2564.79 10000 49822 
2575.22 10000 49838 
2585.48 10000 49854 
2596.46 10000 49870 
2607.13 10000 49886 
2617.32 10000 49901 
2627.18 10000 49917 
2637.34 10000 49933 
2648.55 10000 49949 
2660.33 10000 49965 
2672.52 10000 49980 
2684.92 10000 49996 
2696.84 10000 50012 
2708.15 10000 50028 
2719.63 10000 50044 
2731.32 10000 50059 
2743.48 10000 50075 
2755.16 10000 50091 
2766.88 10000 50107 
2778.85 10000 50123 
2790.86 10000 50138 
2802.46 10000 50154 
2814.11 10000 50170 
2825.73 10000 50186 
2837.84 10000 50202 
2849.26 10000 50217 
2861.23 10000 50233 
2873.21 10000 50249 
2885.74 10000 50265 
2897.45 10000 50281 
2909.14 10000 50296 
2921.3 10000 50312 
2934.08 10000 50328 
2945.66 10000 50344 
2957.43 10000 50360 
2969.67 10000 50375 
2982.65 10000 50391 
2994.91 10000 50407 
3007.63 10000 50423 
3020.11 10000 50439 
3032.74 10000 50454 
3044.73 10000 50470 
3057.36 10000 50486 
3069.79 10000 50502 
3083.01 10000 50518 
3095.39 10000 50533 
3108.38 10000 50549 
3120.97 10000 50565 
3134.36 10000 50581 
3146.87 10000 50597 
3159.91 10000 50612 
3173.15 10000 50628 
3187.58 10000 50644 
3201.47 10000 50660 
3215.46 10000 50676 
3228.59 10000 50691 
3242.73 10000 50707 
3256.88 10000 50723 
3270.4 10000 50739 
3283.39 10000 50755 
3297.67 10000 50770 
3311.56 10000 50786 
3325.43 10000 50802 
3339.2 10000 50818 
3354.08 10000 50834 
3368.3 10000 50849 
3383.02 10000 50865 
3397.74 10000 50881 
3413 10000 50897 
3427.49 10000 50913 
3442.51 10000 50928 
3457.86 10000 50944 
3474.26 10000 50960 
3489.64 10000 50976 
3504.54 10000 50992 
3519.25 10000 51007 
3534.87 10000 51023 
3550.19 10000 51039 
3565.34 10000 51055 
3580.75 10000 51070 
3596.65 10000 51086 
3612.29 10000 51102 
3627.78 10000 51118 
3643.22 10000 51134 
3659.09 10000 51149 
3675.22 10000 51165 
3690.74 10000 51181 
3706.44 10000 51197 
3722.51 10000 51213 
3738.98 10000 51228 
3755.02 10000 51244 
3771.09 10000 51260 
3787.39 10000 51276 
3804.01 10000 51292 
3819.8 10000 51307 
3835.2 10000 51323 
3851.03 10000 51339 
3867.43 10000 51355 
3883.16 10000 51371 
3898.94 10000 51386 
3914.52 10000 51402 
3930.61 10000 51418 
3946.4 10000 51434 
3962.37 10000 51450 
3978.12 10000 51465 
3994.35 10000 51481 
4010.13 10000 51497 
4027.1 10000 51513 
4043.19 10000 51529 
4059.46 10000 51544 
4075.4 10000 51560 
4092.07 10000 51576 
4107.95 10000 51592 
4124.42 10000 51608 
4140.5 10000 51623 
4157.17 10000 51639 
4173.29 10000 51655 
4189.78 10000 51671 
4206.03 10000 51687 
4222.71 10000 51702 
4238.73 10000 51718 
4255.89 10000 51734 
4272.88 10000 51750 
4290.21 10000 51766 
4306.56 10000 51781 
4324.37 10000 51797 
4341.1 10000 51813 
4358.49 10000 51829 
4375.44 10000 51845 
4393.34 10000 51860 
4409.9 10000 51876 
4426.99 10000 51892 
4444.04 10000 51908 
4461.25 10000 51924 
4476.69 10000 51939 
4490.67 10000 51955 
4508.4 10000 51971 
4526.76 10000 51987 
4543.39 10000 52003 
4560.3 10000 52018 
4577.54 10000 52034 
4595.27 10000 52050 
4612.05 10000 52066 
4629.41 10000 52082 
4647.03 10000 52097 
4664.82 10000 52113 
4681.31 10000 52129 
4698.47 10000 52145 
4716.19 10000 52161 
4733.63 10000 52176 
4747.79 10000 52192 
4762.93 10000 52208 
4780.6 10000 52224 
4798.16 10000 52240 
4814.48 10000 52255 
4831.48 10000 52271 
4848.97 10000 52287 
4866.87 10000 52303 
4883.87 10000 52319 
4900.78 10000 52334 
4919.06 10000 52350 
4938.57 10000 52366 
4957.35 10000 52382 
4975.71 10000 52398 
4994.33 10000 52413 
5013.54 10000 52429 
5032.68 10000 52445 
5051.36 10000 52461 
5071.04 10000 52477 
5091.18 10000 52492 
5110.96 10000 52508 
5129.92 10000 52524 
5149.53 10000 52540 
5169.6 10000 52556 
5188.99 10000 52571 
5207.46 10000 52587 
5227.24 10000 52603 
5246.9 10000 52619 
5266.58 10000 52635 
5284.69 10000 52650 
5302.19 10000 52666 
5320.71 10000 52682 
5340.41 10000 52698 
5359.34 10000 52714 
5379.33 10000 52729 
5399.49 10000 52745 
5419.47 10000 52761 
5438.29 10000 52777 
5458.18 10000 52793 
5478.28 10000 52808 
5499.27 10000 52824 
5519.03 10000 52840 
5539.14 10000 52856 
5559.04 10000 52872 
5579.85 10000 52887 
5599.79 10000 52903 
5619.54 10000 52919 
5638.85 10000 52935 
5659.36 10000 52950 
5678.61 10000 52966 
5699.05 10000 52982 
5719.13 10000 52998 
5740.02 10000 53014 
5759.39 10000 53029 
5779.55 10000 53045 
5799.71 10000 53061 
5820.23 10000 53077 
5838.95 10000 53093 
5858.93 10000 53108 
5879.37 10000 53124 
5900.66 10000 53140 
5920.47 10000 53156 
5940.85 10000 53172 
5962.41 10000 53187 
5985.55 10000 53203 
6006.53 10000 53219 
6027.12 10000 53235 
6048.04 10000 53251 
6070.32 10000 53266 
6089.99 10000 53282 
6108.95 10000 53298 
6130.02 10000 53314 
6153.84 10000 53330 
6176.19 10000 53345 
6198.56 10000 53361 
6220.78 10000 53377 
6244.57 10000 53393 
6267.74 10000 53409 
6290.47 10000 53424 
6312.72 10000 53440 
6336.2 10000 53456 
6359.32 10000 53472 
6382.92 10000 53488 
6406.08 10000 53503 
6429.01 10000 53519 
6452.02 10000 53535 
6475.44 10000 53551 
6498.71 10000 53567 
6522.12 10000 53582 
6545.25 10000 53598 
6569.26 10000 53614 
6593.74 10000 53630 
6617.76 10000 53646 
6641.5 10000 53661 
6665.14 10000 53677 
6688.87 10000 53693 
6712.73 10000 53709 
6737.85 10000 53725 
6763.14 10000 53740 
6788.06 10000 53756 
6813.23 10000 53772 
6838.7 10000 53788 
6862.79 10000 53804 
6887.86 10000 53819 
6912.64 10000 53835 
6937.81 10000 53851 
6962.55 10000 53867 
6987.24 10000 53883 
7011.79 10000 53898 
7037.1 10000 53914 
7060.99 10000 53930 
7085.14 10000 53946 
7109.02 10000 53962 
7133.95 10000 53977 
7158.15 10000 53993 
7182.7 10000 54009 
7207.56 10000 54025 
7233.17 10000 54041 
7257.39 10000 54056 
7282.34 10000 54072 
7307.41 10000 54088 
7333.33 10000 54104 
7357.79 10000 54120 
7383.12 10000 54135 
7407.48 10000 54151 
7432.79 10000 54167 
7457.27 10000 54183 
7481.95 10000 54199 
7506.67 10000 54214 
7532.52 10000 54230 
7558.03 10000 54246 
7584.02 10000 54262 
7609.55 10000 54278 
7635.64 10000 54293 
7661 10000 54309 
7688.01 10000 54325 
7714.86 10000 54341 
7742.61 10000 54357 
7769.41 10000 54372 
7796.2 10000 54388 
7821.71 10000 54404 
7848.36 10000 54420 
7873.97 10000 54436 
7898.93 10000 54451 
7924.22 10000 54467 
7950.91 10000 54483 
7976.92 10000 54499 
8002.03 10000 54515 
8026.61 10000 54530 
8052.23 10000 54546 
8077.19 10000 54562 
8102.44 10000 54578 
8127.04 10000 54594 
8152.51 10000 54609 
8178.27 10000 54625 
8204.55 10000 54641 
8229.63 10000 54657 
8255.59 10000 54673 
8281.11 10000 54688 
8307.16 10000 54704 
8332.77 10000 54720 
8358.76 10000 54736 
8385.28 10000 54752 
8412.63 10000 54767 
8439.34 10000 54783 
8465.4 10000 54799 
8491.62 10000 54815 
8518.34 10000 54831 
8543.8 10000 54846 
8569.27 10000 54862 
8595.02 10000 54878 
8620.72 10000 54894 
8647.21 10000 54910 
8674.29 10000 54925 
8701.11 10000 54941 
8727.24 10000 54957 
8753.28 10000 54973 
8779.26 10000 54989 
8804.51 10000 55004 
8828.53 10000 55020 
8855.17 10000 55036 
8881.72 10000 55052 
8908.59 10000 55068 
8934.43 10000 55083 
8961.13 10000 55099 
8987.53 10000 55115 
9014.22 10000 55131 
9039.94 10000 55147 
9066.87 10000 55162 
9093.31 10000 55178 
9119.04 10000 55194 
9143.75 10000 55210 
9168.57 10000 55226 
9191.76 10000 55241 
9215.76 10000 55257 
9240.43 10000 55273 
9266.52 10000 55289 
9292.14 10000 55305 
9318.33 10000 55320 
9342.75 10000 55336 
9368.34 10000 55352 
9394.25 10000 55368 
9420.95 10000 55384 
9446.69 10000 55399 
9474.07 10000 55415 
9501.59 10000 55431 
9529.22 10000 55447 
9555.25 10000 55463 
9581.24 10000 55478 
9607.69 10000 55494 
9635.96 10000 55510 
9661.69 10000 55526 
9688.47 10000 55542 
9715.6 10000 55557 
9742.55 10000 55573 
9768.31 10000 55589 
9795.07 10000 55605 
9821.79 10000 55621 
9850.29 10000 55636 
9876.61 10000 55652 
9902.65 10000 55668 
9929.17 10000 55684 
9957.88 10000 55700 
9984.1 10000 55715 
10010.24 10000 55731 
10037.29 10000 55747 
10065.16 10000 55747 
10073.44 10000 55747 
10034.34 10000 55747 
9989.01 10000 55747 
9954.15 10000 55747 
9925.16 10000 55747 
9899.88 10000 55747 
9877.67 10000 55747 
9857.3 10000 55747 
9835.63 10000 55747 
9816.78 10000 55747 
9799.62 10000 55747 
9783.34 10000 55747 
9767.35 10000 55747 
9751.93 10000 55747 
9736.98 10000 55747 
9723.12 10000 55747 
9709.46 10000 55747 
9696.14 10000 55747 
9683.16 10000 55747 
9670.69 10000 55747 
9658.3 10000 55747 
9646.26 10000 55747 
9634.38 10000 55747 
9623.13 10000 55747 
9612.18 10000 55747 
9601.21 10000 55747 
9590.28 10000 55747 
9579.39 10000 55747 
9568.51 10000 55747 
9558.29 10000 55747 
9548.27 10000 55747 
