5.33 20000 28793 
5.37 20000 28793 
5.21 20000 28793 
5.55 20000 28793 
5.53 20000 28793 
5.35 20000 28793 
5.18 20000 28793 
5.05 20000 28793 
5.38 20000 28793 
5.55 20000 28793 
5.59 20000 28793 
5.45 20000 28793 
5.33 20000 28793 
5.33 20000 28793 
5.25 20000 28793 
5.36 20000 28793 
5.16 20000 28793 
5.31 20000 28793 
5.61 20000 28793 
5.64 20000 28793 
5.3 20000 28793 
5.01 20000 28793 
5.26 20000 28793 
5.49 20000 28793 
5.55 20000 28793 
5.67 20000 28793 
5.34 20000 28793 
5.29 20000 28793 
5.4 20000 28793 
5.37 20000 28793 
5.49 20000 28793 
5.21 20000 28793 
4.94 20000 28793 
5.21 20000 28793 
5.65 20000 28793 
5.45 20000 28793 
5.08 20000 28793 
5.21 20000 28793 
5.08 20000 28793 
5.29 20000 28793 
5.26 20000 28793 
5.37 20000 28793 
5.44 20000 28793 
5.45 20000 28793 
5.42 20000 28793 
5.31 20000 28793 
5.34 20000 28793 
5.24 20000 28793 
5.12 20000 28793 
5.1 20000 28793 
5.1 20000 28793 
5.27 20000 28793 
5.18 20000 28793 
5.05 20000 28793 
5.15 20000 28793 
5.4 20000 28793 
5.42 20000 28793 
5.66 20000 28793 
5.78 20000 28793 
5.65 20000 28793 
5.4 20000 28793 
5.26 20000 28793 
5.16 20000 28793 
5.17 20000 28793 
5.27 20000 28793 
5.51 20000 28793 
5.69 20000 28793 
5.58 20000 28793 
5.46 20000 28793 
5.54 20000 28793 
5.59 20000 28793 
5.65 20000 28793 
5.73 20000 28793 
5.55 20000 28793 
5.54 20000 28793 
5.78 20000 28793 
5.76 20000 28793 
5.61 20000 28793 
5.59 20000 28793 
5.43 20000 28793 
5.14 20000 28793 
5.48 20000 28793 
5.43 20000 28793 
5.19 20000 28793 
5.34 20000 28793 
5.37 20000 28793 
5.46 20000 28793 
5.5 20000 28793 
5.6 20000 28793 
5.75 20000 28793 
5.74 20000 28793 
5.72 20000 28793 
5.64 20000 28793 
5.71 20000 28793 
5.63 20000 28793 
5.7 20000 28793 
5.85 20000 28793 
5.63 20000 28793 
5.52 20000 28793 
5.49 20000 28793 
5.59 20000 28793 
5.64 20000 28793 
5.64 20000 28793 
5.67 20000 28793 
5.58 20000 28793 
5.59 20000 28793 
5.61 20000 28793 
5.83 20000 28793 
5.68 20000 28793 
5.68 20000 28793 
5.64 20000 28793 
5.67 20000 28793 
5.6 20000 28793 
5.48 20000 28793 
5.68 20000 28793 
5.5 20000 28793 
5.47 20000 28793 
5.67 20000 28793 
5.77 20000 28793 
5.7 20000 28793 
5.59 20000 28793 
5.52 20000 28793 
5.7 20000 28793 
5.55 20000 28793 
5.41 20000 28793 
5.6 20000 28793 
5.72 20000 28793 
5.62 20000 28793 
5.63 20000 28793 
5.65 20000 28793 
5.59 20000 28793 
5.67 20000 28793 
5.69 20000 28793 
5.62 20000 28793 
5.48 20000 28793 
5.55 20000 28793 
5.69 20000 28793 
5.76 20000 28793 
5.82 20000 28793 
5.44 20000 28793 
5.36 20000 28793 
5.62 20000 28793 
5.65 20000 28793 
5.83 20000 28793 
5.74 20000 28793 
5.95 20000 28793 
6.09 20000 28793 
5.78 20000 28793 
5.58 20000 28793 
5.54 20000 28793 
5.64 20000 28793 
5.7 20000 28793 
5.72 20000 28793 
5.38 20000 28793 
5.58 20000 28793 
5.75 20000 28793 
5.6 20000 28793 
5.73 20000 28793 
5.88 20000 28793 
5.72 20000 28793 
5.61 20000 28793 
5.55 20000 28793 
5.43 20000 28793 
5.61 20000 28793 
5.67 20000 28793 
5.71 20000 28793 
5.81 20000 28793 
5.59 20000 28793 
5.36 20000 28793 
5.45 20000 28793 
5.57 20000 28793 
5.54 20000 28951 
5.62 20000 29114 
5.33 20000 29134 
5.39 20000 29149 
5.88 20000 29165 
5.77 20000 29181 
5.75 20000 29197 
5.8 20000 29212 
5.8 20000 29228 
5.5 20000 29244 
5.22 20000 29259 
5.41 20000 29275 
5.81 20000 29291 
5.92 20000 29307 
5.54 20000 29322 
5.43 20000 29338 
5.66 20000 29354 
5.83 20000 29370 
5.83 20000 29385 
5.91 20000 29401 
6.3 20000 29417 
5.93 20000 29432 
5.82 20000 29448 
5.89 20000 29464 
6.11 20000 29480 
6.07 20000 29495 
5.76 20000 29511 
5.86 20000 29527 
6.22 20000 29542 
5.93 20000 29558 
5.63 20000 29574 
5.69 20000 29590 
6.17 20000 29605 
6.09 20000 29621 
5.71 20000 29637 
5.85 20000 29653 
6.2 20000 29668 
6.18 20000 29684 
5.91 20000 29700 
5.85 20000 29715 
5.81 20000 29731 
6.13 20000 29747 
6.1 20000 29763 
5.91 20000 29778 
5.88 20000 29794 
5.89 20000 29810 
5.74 20000 29825 
5.84 20000 29841 
5.89 20000 29857 
6.08 20000 29873 
5.82 20000 29888 
5.72 20000 29904 
5.83 20000 29920 
5.69 20000 29936 
5.5 20000 29951 
5.7 20000 29967 
6.02 20000 29983 
6.03 20000 29998 
5.47 20000 30014 
5.67 20000 30030 
6.16 20000 30046 
6.44 20000 30061 
6.16 20000 30077 
6.13 20000 30093 
6.58 20000 30108 
6.83 20000 30124 
6.52 20000 30140 
6.35 20000 30156 
6.62 20000 30171 
6.83 20000 30187 
6.69 20000 30203 
7.07 20000 30218 
7.2 20000 30234 
7.4 20000 30250 
7.8 20000 30266 
7.96 20000 30281 
8.96 20000 30297 
11.15 20000 30313 
13.86 20000 30329 
17.6 20000 30344 
22.2 20000 30360 
27.24 20000 30376 
32.42 20000 30391 
37.79 20000 30407 
43.93 20000 30423 
51.61 20000 30439 
59.25 20000 30454 
67.23 20000 30470 
75.68 20000 30486 
84.9 20000 30501 
94.35 20000 30517 
104.86 20000 30533 
116.23 20000 30549 
127.91 20000 30564 
139.66 20000 30580 
152.27 20000 30596 
165.22 20000 30612 
178.5 20000 30627 
191.41 20000 30643 
204.7 20000 30659 
218.68 20000 30674 
233.4 20000 30690 
248.62 20000 30706 
264.18 20000 30722 
279.63 20000 30737 
295.38 20000 30753 
310.98 20000 30769 
326.56 20000 30784 
341.27 20000 30800 
354.11 20000 30816 
362.87 20000 30832 
369.29 20000 30847 
373.81 20000 30863 
381.9 20000 30879 
395.81 20000 30895 
412.34 20000 30910 
429.51 20000 30926 
446.88 20000 30942 
463.31 20000 30957 
477.89 20000 30973 
490.61 20000 30989 
505.21 20000 31005 
520.37 20000 31020 
534.26 20000 31036 
547.06 20000 31052 
561.39 20000 31067 
577.93 20000 31083 
592.47 20000 31099 
604.69 20000 31115 
614.13 20000 31130 
615.24 20000 31146 
622.98 20000 31162 
641.3 20000 31177 
658.5 20000 31193 
674.67 20000 31209 
689.28 20000 31225 
703.77 20000 31240 
718.14 20000 31256 
732.91 20000 31272 
746.49 20000 31288 
759.98 20000 31303 
772.88 20000 31319 
786.15 20000 31335 
799.58 20000 31350 
813.55 20000 31366 
827.24 20000 31382 
841.1 20000 31398 
853.79 20000 31413 
866.6 20000 31429 
879.46 20000 31445 
892.47 20000 31460 
904.53 20000 31476 
916.91 20000 31492 
928.84 20000 31508 
940.97 20000 31523 
952.74 20000 31539 
964.5 20000 31555 
976.34 20000 31571 
988.18 20000 31586 
999.66 20000 31602 
1011.58 20000 31618 
1022.75 20000 31633 
1033.76 20000 31649 
1044.63 20000 31665 
1055.41 20000 31681 
1066.26 20000 31696 
1076.99 20000 31712 
1087.37 20000 31728 
1097.4 20000 31743 
1107.23 20000 31759 
1117.2 20000 31775 
1127.66 20000 31791 
1137.79 20000 31806 
1148.03 20000 31822 
1157.99 20000 31838 
1168.11 20000 31854 
1177.74 20000 31869 
1187.88 20000 31885 
1198.19 20000 31901 
1208.72 20000 31916 
1218.4 20000 31932 
1228.07 20000 31948 
1237.72 20000 31964 
1247.19 20000 31979 
1256.21 20000 31995 
1265.89 20000 32011 
1275.37 20000 32026 
1284.45 20000 32042 
1293.28 20000 32058 
1302.83 20000 32074 
1311.67 20000 32089 
1320.42 20000 32105 
1329.16 20000 32121 
1338.91 20000 32137 
1348.32 20000 32152 
1356.88 20000 32168 
1365.22 20000 32184 
1374.72 20000 32199 
1384.3 20000 32215 
1394.04 20000 32231 
1402.7 20000 32247 
1411.48 20000 32262 
1420.52 20000 32278 
1429.7 20000 32294 
1438.33 20000 32309 
1447.14 20000 32325 
1456.01 20000 32341 
1465.38 20000 32357 
1474.07 20000 32372 
1483.03 20000 32388 
1491.84 20000 32404 
1501.28 20000 32420 
1509.98 20000 32435 
1518.94 20000 32451 
1528.12 20000 32467 
1537.15 20000 32482 
1545.51 20000 32498 
1554.47 20000 32514 
1563.74 20000 32530 
1573 20000 32545 
1581.74 20000 32561 
1590.49 20000 32577 
1599.19 20000 32592 
1607.91 20000 32608 
1616.35 20000 32624 
1624.69 20000 32640 
1633.12 20000 32655 
1641.94 20000 32671 
1650.75 20000 32687 
1659.27 20000 32702 
1667.95 20000 32718 
1676.66 20000 32734 
1685.46 20000 32750 
1694.18 20000 32765 
1704.11 20000 32781 
1714.27 20000 32797 
1724.14 20000 32813 
1733.83 20000 32828 
1743.08 20000 32844 
1751.29 20000 32860 
1759.43 20000 32875 
1766.8 20000 32891 
1774.2 20000 32907 
1781.3 20000 32923 
1789.86 20000 32938 
1797.83 20000 32954 
1805.83 20000 32970 
1814.09 20000 32985 
1822.82 20000 33001 
1830.93 20000 33017 
1838.77 20000 33033 
1847.1 20000 33048 
1856 20000 33064 
1864.09 20000 33080 
1872.98 20000 33096 
1881.69 20000 33111 
1890.07 20000 33127 
1898.53 20000 33143 
1907.81 20000 33158 
1917.01 20000 33174 
1926.38 20000 33190 
1935.11 20000 33206 
1944.55 20000 33221 
1954.04 20000 33237 
1963.52 20000 33253 
1972.42 20000 33268 
1981.56 20000 33284 
1989.87 20000 33300 
1998.36 20000 33316 
2006.42 20000 33331 
2014.87 20000 33347 
2022.92 20000 33363 
2031.03 20000 33379 
2038.55 20000 33394 
2046.14 20000 33410 
2054.41 20000 33426 
2063.09 20000 33441 
2071.72 20000 33457 
2080.62 20000 33473 
2088.87 20000 33489 
2097.1 20000 33504 
2105.19 20000 33520 
2113.22 20000 33536 
2121.96 20000 33551 
2131.01 20000 33567 
2139.94 20000 33583 
2148.9 20000 33599 
2158.03 20000 33614 
2167.17 20000 33630 
2176.27 20000 33646 
2185.2 20000 33661 
2194.77 20000 33677 
2203.65 20000 33693 
2212.36 20000 33709 
2220.51 20000 33724 
2229.53 20000 33740 
2238.44 20000 33756 
2247.31 20000 33772 
2255.95 20000 33787 
2265.48 20000 33803 
2275.37 20000 33819 
2284.95 20000 33834 
2294.23 20000 33850 
2304.27 20000 33866 
2313.89 20000 33882 
2323.52 20000 33897 
2332.64 20000 33913 
2342.64 20000 33929 
2352.55 20000 33944 
2362.32 20000 33960 
2371.09 20000 33976 
2380.59 20000 33992 
2389.95 20000 34007 
2399.66 20000 34023 
2409.03 20000 34039 
2418.94 20000 34055 
2428.72 20000 34070 
2438.49 20000 34086 
2447.89 20000 34102 
2457.46 20000 34117 
2466.73 20000 34133 
2476.58 20000 34149 
2485.81 20000 34165 
2494.96 20000 34180 
2503.91 20000 34196 
2512.99 20000 34212 
2521.92 20000 34227 
2531.26 20000 34243 
2540.21 20000 34259 
2549.47 20000 34275 
2558.38 20000 34290 
2567.86 20000 34306 
2577.8 20000 34322 
2587.93 20000 34337 
2597.31 20000 34353 
2606.66 20000 34369 
2616.1 20000 34385 
2625.86 20000 34400 
2636.13 20000 34416 
2646.28 20000 34432 
2656.27 20000 34448 
2665.86 20000 34463 
2675.47 20000 34479 
2685.29 20000 34495 
2694.77 20000 34510 
2704.1 20000 34526 
2713.94 20000 34542 
2723.66 20000 34558 
2733.35 20000 34573 
2743.19 20000 34589 
2753.53 20000 34605 
2763.24 20000 34620 
2773.44 20000 34636 
2783.66 20000 34652 
2794.65 20000 34668 
2805.59 20000 34683 
2817.25 20000 34699 
2828.2 20000 34715 
2839.1 20000 34730 
2849.86 20000 34746 
2860.93 20000 34762 
2871.46 20000 34778 
2882.6 20000 34793 
2893.47 20000 34809 
2904.29 20000 34825 
2914.48 20000 34841 
2925.03 20000 34856 
2935.71 20000 34872 
2946.83 20000 34888 
2957.04 20000 34903 
2967.85 20000 34919 
2978.4 20000 34935 
2989.18 20000 34951 
2999.57 20000 34966 
3010.2 20000 34982 
3020.39 20000 34998 
3030.74 20000 35013 
3041.05 20000 35029 
3051.87 20000 35045 
3062.29 20000 35061 
3073.46 20000 35076 
3084.04 20000 35092 
3094.86 20000 35108 
3105.57 20000 35123 
3116.47 20000 35139 
3127.13 20000 35155 
3138.19 20000 35171 
3149.15 20000 35186 
3160.6 20000 35202 
3172.36 20000 35218 
3184.51 20000 35234 
3196.15 20000 35249 
3207.6 20000 35265 
3219.13 20000 35281 
3230.36 20000 35296 
3241.35 20000 35312 
3252.49 20000 35328 
3263.61 20000 35344 
3275.26 20000 35359 
3287.21 20000 35375 
3298.85 20000 35391 
3310.43 20000 35406 
3322.34 20000 35422 
3334.16 20000 35438 
3346 20000 35454 
3358.62 20000 35469 
3371.47 20000 35485 
3384.91 20000 35501 
3397.57 20000 35517 
3410.62 20000 35532 
3423.52 20000 35548 
3436.45 20000 35564 
3448.37 20000 35579 
3460.38 20000 35595 
3472.61 20000 35611 
3486.31 20000 35627 
3499 20000 35642 
3512.04 20000 35658 
3524.74 20000 35674 
3537.99 20000 35689 
3550.83 20000 35705 
3563.71 20000 35721 
3576.24 20000 35737 
3590.16 20000 35752 
3602.9 20000 35768 
3616.22 20000 35784 
3629.25 20000 35799 
3643.03 20000 35815 
3656.28 20000 35831 
3669.55 20000 35847 
3682.73 20000 35862 
3696.47 20000 35878 
3709.39 20000 35894 
3722.73 20000 35910 
3735.71 20000 35925 
3750.04 20000 35941 
3764.05 20000 35957 
3778.17 20000 35972 
3791.98 20000 35988 
3806.73 20000 36004 
3821.07 20000 36020 
3836.1 20000 36035 
3850.91 20000 36051 
3865.77 20000 36067 
3879.11 20000 36082 
3891.63 20000 36098 
3903.44 20000 36114 
3916.81 20000 36130 
3931.22 20000 36145 
3945.25 20000 36161 
3958.92 20000 36177 
3973.09 20000 36192 
3987.54 20000 36208 
4001.39 20000 36224 
4014.61 20000 36240 
4029.45 20000 36255 
4045.43 20000 36271 
4061.02 20000 36287 
4075.79 20000 36302 
4090.58 20000 36318 
4106.04 20000 36334 
4120 20000 36350 
4133.29 20000 36365 
4147.85 20000 36381 
4163.31 20000 36397 
4177.36 20000 36413 
4191.29 20000 36428 
4205.44 20000 36444 
4220.69 20000 36460 
4235.53 20000 36475 
4250.44 20000 36491 
4264.6 20000 36507 
4279.25 20000 36523 
4293.89 20000 36538 
4308.99 20000 36554 
4323.71 20000 36570 
4338.71 20000 36585 
4353.02 20000 36601 
4367.86 20000 36617 
4381.87 20000 36633 
4396.47 20000 36648 
4411.31 20000 36664 
4427.04 20000 36680 
4441.99 20000 36696 
4457.63 20000 36711 
4473.04 20000 36727 
4488.5 20000 36743 
4503.17 20000 36758 
4518.74 20000 36774 
4534.02 20000 36790 
4550.08 20000 36806 
4565.93 20000 36821 
4582.63 20000 36837 
4598.84 20000 36853 
4615.5 20000 36868 
4632.4 20000 36884 
4650.58 20000 36900 
4668.5 20000 36916 
4685.98 20000 36931 
4701.49 20000 36947 
4717.24 20000 36963 
4732.68 20000 36979 
4748.11 20000 36994 
4763.96 20000 37010 
4781.33 20000 37026 
4798.55 20000 37041 
4814.87 20000 37057 
4831.09 20000 37073 
4847.96 20000 37089 
4864.95 20000 37104 
4881.74 20000 37120 
4898.46 20000 37136 
4915.58 20000 37151 
4932.88 20000 37167 
4949.7 20000 37183 
4966.47 20000 37199 
4983.72 20000 37214 
5001.75 20000 37230 
5019.42 20000 37246 
5037.31 20000 37261 
5054.86 20000 37277 
5072.89 20000 37293 
5090.21 20000 37309 
5107.9 20000 37324 
5125.34 20000 37340 
5143.49 20000 37356 
5160.75 20000 37371 
5177.95 20000 37387 
5194.7 20000 37403 
5212 20000 37419 
5228.67 20000 37434 
5245.94 20000 37450 
5262.79 20000 37466 
5280.57 20000 37482 
5297.76 20000 37497 
5315.05 20000 37513 
5331.61 20000 37529 
5349.53 20000 37544 
5366.3 20000 37560 
5383.54 20000 37576 
5400.27 20000 37592 
5417.9 20000 37607 
5434.52 20000 37623 
5452.21 20000 37639 
5469.48 20000 37654 
5487.52 20000 37670 
5504.53 20000 37686 
5521.75 20000 37702 
5539.05 20000 37717 
5557.72 20000 37733 
5575.67 20000 37749 
5593.61 20000 37765 
5611.53 20000 37780 
5630.73 20000 37796 
5649.35 20000 37812 
5667.69 20000 37827 
5685.71 20000 37843 
5704.69 20000 37859 
5723 20000 37875 
5741.19 20000 37890 
5759.01 20000 37906 
5777.94 20000 37922 
5796.34 20000 37937 
5813.81 20000 37953 
5831.09 20000 37969 
5848.79 20000 37985 
5866.73 20000 38000 
5885.05 20000 38016 
5903 20000 38032 
5921.19 20000 38048 
5940.69 20000 38063 
5959.41 20000 38079 
5977.31 20000 38095 
5995.13 20000 38110 
6013.93 20000 38126 
6031.72 20000 38142 
6049.52 20000 38158 
6066.62 20000 38173 
6084.91 20000 38189 
6102.81 20000 38205 
6120.25 20000 38220 
6137.88 20000 38236 
6155.75 20000 38252 
6172.86 20000 38268 
6189.94 20000 38283 
6206.87 20000 38299 
6225.23 20000 38315 
6243.88 20000 38331 
6262.82 20000 38346 
6280.93 20000 38362 
6300.07 20000 38378 
6318.04 20000 38393 
6336.66 20000 38409 
6355.2 20000 38425 
6374.8 20000 38441 
6393.31 20000 38456 
6412.54 20000 38472 
6431.19 20000 38488 
6450.21 20000 38503 
6467.93 20000 38519 
6486.77 20000 38535 
6505.41 20000 38551 
6525.07 20000 38566 
6544.7 20000 38582 
6565.17 20000 38598 
6585.03 20000 38614 
6605.03 20000 38629 
6623.65 20000 38645 
6642.53 20000 38661 
6660.51 20000 38676 
6680.07 20000 38692 
6699.14 20000 38708 
6717.71 20000 38724 
6735.86 20000 38739 
6755.93 20000 38755 
6776.03 20000 38771 
6796.31 20000 38786 
6816.52 20000 38802 
6837.41 20000 38818 
6858.34 20000 38834 
6879.08 20000 38849 
6899.23 20000 38865 
6920.32 20000 38881 
6941.05 20000 38897 
6961.09 20000 38912 
6982.15 20000 38928 
7003.49 20000 38944 
7025.03 20000 38959 
7045.84 20000 38975 
7066.79 20000 38991 
7087.85 20000 39007 
7109.2 20000 39022 
7129.48 20000 39038 
7149.72 20000 39054 
7169.55 20000 39069 
7188.66 20000 39085 
7206.64 20000 39101 
7225.25 20000 39117 
7244.19 20000 39132 
7264.72 20000 39148 
7284.49 20000 39164 
7304.44 20000 39179 
7324.58 20000 39195 
7346.49 20000 39211 
7367.4 20000 39227 
7388.58 20000 39242 
7409.7 20000 39258 
7432.45 20000 39274 
7454.58 20000 39290 
7477.06 20000 39305 
7500.34 20000 39321 
7525.4 20000 39337 
7548.7 20000 39352 
7571.52 20000 39368 
7593.58 20000 39384 
7617.83 20000 39400 
7640.9 20000 39415 
7663.7 20000 39431 
7684.79 20000 39447 
7707.34 20000 39462 
7729.14 20000 39478 
7750.04 20000 39494 
7771.2 20000 39510 
7795.24 20000 39525 
7817.72 20000 39541 
7839.15 20000 39557 
7859.49 20000 39573 
7881.45 20000 39588 
7902.99 20000 39604 
7911.92 20000 39620 
7915.22 20000 39635 
7939.49 20000 39651 
7964.54 20000 39667 
7987.55 20000 39683 
8009.82 20000 39698 
8032.99 20000 39714 
8055.74 20000 39730 
8077.95 20000 39746 
8100.64 20000 39761 
8124.08 20000 39777 
8147.71 20000 39793 
8170.23 20000 39808 
8192.72 20000 39824 
8215.22 20000 39840 
8238.95 20000 39856 
8262.41 20000 39871 
8281.42 20000 39887 
8301.88 20000 39903 
8325.56 20000 39918 
8349.73 20000 39934 
8373.4 20000 39950 
8397.18 20000 39966 
8421.61 20000 39981 
8445.24 20000 39997 
8469.32 20000 40013 
8493.76 20000 40029 
8519.35 20000 40044 
8543.61 20000 40060 
8568.51 20000 40076 
8593.34 20000 40091 
8619.08 20000 40107 
8643.27 20000 40123 
8668 20000 40139 
8691.94 20000 40154 
8716.82 20000 40170 
8740.45 20000 40186 
8765.01 20000 40202 
8789.64 20000 40217 
8815.87 20000 40233 
8840.1 20000 40249 
8865.28 20000 40264 
8890.56 20000 40280 
8917.18 20000 40296 
8943.16 20000 40312 
8969.43 20000 40327 
8995.09 20000 40343 
9021.95 20000 40359 
9047.95 20000 40374 
9074.61 20000 40390 
9102.09 20000 40406 
9131.2 20000 40422 
9157.3 20000 40437 
9182.8 20000 40453 
9207.93 20000 40469 
9234.35 20000 40485 
9259.44 20000 40500 
9283.91 20000 40516 
9308.66 20000 40532 
9335.04 20000 40547 
9360.56 20000 40563 
9385.58 20000 40579 
9411.61 20000 40595 
9439.13 20000 40610 
9466.27 20000 40626 
9492.74 20000 40642 
9518.76 20000 40658 
9545.52 20000 40673 
9572.73 20000 40689 
9598.81 20000 40705 
9624.4 20000 40720 
9651.37 20000 40736 
9679.15 20000 40752 
9705.03 20000 40768 
9730.07 20000 40783 
9755.79 20000 40799 
9781.98 20000 40815 
9805.75 20000 40830 
9829.55 20000 40846 
9854.02 20000 40862 
9879.5 20000 40878 
9903.61 20000 40893 
9929.88 20000 40909 
9957.6 20000 40925 
9986.28 20000 40940 
10012.95 20000 40956 
10041.15 20000 40972 
10069.37 20000 40988 
10097.66 20000 41003 
10123.96 20000 41019 
10150.46 20000 41035 
10176.91 20000 41051 
10205.35 20000 41066 
10232.77 20000 41082 
10261.12 20000 41098 
10288.86 20000 41113 
10316.87 20000 41129 
10341.62 20000 41145 
10366.02 20000 41161 
10390.16 20000 41176 
10416.13 20000 41192 
10441.29 20000 41208 
10467.43 20000 41224 
10493.27 20000 41239 
10520.71 20000 41255 
10546.02 20000 41271 
10571.51 20000 41286 
10596.77 20000 41302 
10623.99 20000 41318 
10650.37 20000 41334 
10677.81 20000 41349 
10704.21 20000 41365 
10730.38 20000 41381 
10755.53 20000 41397 
10780.96 20000 41412 
10806.38 20000 41428 
10832.89 20000 41444 
10858.31 20000 41459 
10883.66 20000 41475 
10910 20000 41491 
10937.38 20000 41507 
10964.36 20000 41522 
10990.41 20000 41538 
11014.49 20000 41554 
11038.19 20000 41569 
11062.58 20000 41585 
11087.47 20000 41601 
11113.5 20000 41617 
11142.17 20000 41632 
11171.8 20000 41648 
11200.73 20000 41664 
11230.63 20000 41680 
11260.63 20000 41695 
11289.03 20000 41711 
11315.68 20000 41727 
11343 20000 41742 
11370.26 20000 41758 
11398.43 20000 41774 
11423.04 20000 41790 
11445.95 20000 41805 
11469.23 20000 41821 
11494.2 20000 41837 
11517.93 20000 41853 
11544.04 20000 41868 
11571.62 20000 41884 
11599.28 20000 41900 
11623.14 20000 41915 
11647.34 20000 41931 
11673.61 20000 41947 
11703.39 20000 41963 
11730.98 20000 41978 
11757.36 20000 41994 
11784.02 20000 42010 
11812.82 20000 42025 
11839.67 20000 42041 
11867.68 20000 42057 
11896.61 20000 42073 
11927.18 20000 42088 
11952.46 20000 42104 
11982.5 20000 42120 
12014.05 20000 42136 
12045.32 20000 42151 
12072.25 20000 42167 
12099.27 20000 42183 
12129.22 20000 42198 
12160.99 20000 42214 
12189.68 20000 42230 
12217.65 20000 42246 
12247.26 20000 42261 
12278.12 20000 42277 
12304.49 20000 42293 
12329.4 20000 42308 
12355.12 20000 42324 
12382.31 20000 42340 
12407.74 20000 42356 
12431.59 20000 42371 
12456.41 20000 42387 
12485.26 20000 42403 
12513.86 20000 42419 
12540.8 20000 42434 
12569.97 20000 42450 
12602.35 20000 42466 
12633.31 20000 42481 
12662.71 20000 42497 
12694.35 20000 42513 
12727.21 20000 42529 
12758.33 20000 42544 
12787.69 20000 42560 
12820.15 20000 42576 
12854.64 20000 42591 
12888.77 20000 42607 
12920.2 20000 42623 
12953.22 20000 42639 
12988.09 20000 42654 
13023.14 20000 42670 
13055.55 20000 42686 
13088.03 20000 42702 
13121.41 20000 42717 
13155.26 20000 42733 
13186.03 20000 42749 
13217.15 20000 42764 
13247.76 20000 42780 
13278.73 20000 42796 
13310.68 20000 42812 
13346.53 20000 42827 
13381.5 20000 42843 
13415.68 20000 42859 
13447.12 20000 42874 
13480.58 20000 42890 
13514.97 20000 42906 
13549.24 20000 42922 
13581.73 20000 42937 
13616.3 20000 42953 
13650.86 20000 42969 
13685.62 20000 42985 
13718.28 20000 43000 
13753.41 20000 43016 
13787.98 20000 43032 
13822.46 20000 43047 
13855.71 20000 43063 
13891.04 20000 43079 
13926.44 20000 43095 
13961.54 20000 43110 
13994.91 20000 43126 
14030.74 20000 43142 
14066.8 20000 43157 
14102.12 20000 43173 
14135.63 20000 43189 
14171.25 20000 43205 
14208.37 20000 43220 
14244.19 20000 43236 
14275.23 20000 43252 
14307.78 20000 43268 
14342.27 20000 43283 
14377.45 20000 43299 
14411.92 20000 43315 
14447.4 20000 43330 
14483.94 20000 43346 
14519.22 20000 43362 
14551.9 20000 43378 
14583.95 20000 43393 
14617.95 20000 43409 
14651.87 20000 43425 
14684.43 20000 43440 
14717.05 20000 43456 
14754.06 20000 43472 
14792.26 20000 43488 
14828.42 20000 43503 
14862.73 20000 43519 
14898.44 20000 43535 
14934.08 20000 43550 
14971.27 20000 43566 
15008.91 20000 43582 
15048 20000 43598 
15085.86 20000 43613 
15122.78 20000 43629 
15158.84 20000 43645 
15196.82 20000 43660 
15234.84 20000 43676 
15273.9 20000 43692 
15310.33 20000 43708 
15346.66 20000 43723 
15382.43 20000 43739 
15419.97 20000 43755 
15457.8 20000 43771 
15496.31 20000 43786 
15534.18 20000 43802 
15573.96 20000 43818 
15611.95 20000 43833 
15652.44 20000 43849 
15692.13 20000 43865 
15732.11 20000 43881 
15767.51 20000 43896 
15801.62 20000 43912 
15834.82 20000 43928 
15868.64 20000 43944 
15901.02 20000 43959 
15934.39 20000 43975 
15967.39 20000 43991 
16003.79 20000 44006 
16039.84 20000 44022 
16077.76 20000 44038 
16116.72 20000 44054 
16155.95 20000 44069 
16193.18 20000 44085 
16230.22 20000 44101 
16268.1 20000 44116 
16308.57 20000 44132 
16347.34 20000 44148 
16385.93 20000 44164 
16424.29 20000 44179 
16461.3 20000 44195 
16496.64 20000 44211 
16533.13 20000 44227 
16570.57 20000 44242 
16607.6 20000 44258 
16643.31 20000 44274 
16679.1 20000 44289 
16716.88 20000 44305 
16753.33 20000 44321 
16787.33 20000 44337 
16819.25 20000 44352 
16852.25 20000 44368 
16886.38 20000 44384 
16921.86 20000 44400 
16957.28 20000 44415 
16994.48 20000 44431 
17031.39 20000 44447 
17069.58 20000 44462 
17106.68 20000 44478 
17145.73 20000 44494 
17183.82 20000 44510 
17221.19 20000 44525 
17255.79 20000 44541 
17291.64 20000 44557 
17327.62 20000 44572 
17364.59 20000 44588 
17400.43 20000 44604 
17437.67 20000 44620 
17473.86 20000 44635 
17510.95 20000 44651 
17546.36 20000 44667 
17583.79 20000 44683 
17619.81 20000 44698 
17652.36 20000 44714 
17679.18 20000 44730 
17707.47 20000 44745 
17739.04 20000 44761 
17775.47 20000 44777 
17811.97 20000 44793 
17850.43 20000 44808 
17887.99 20000 44824 
17926.44 20000 44840 
17962.73 20000 44856 
17998.91 20000 44871 
18035.46 20000 44887 
18073.44 20000 44903 
18109.69 20000 44918 
18147.28 20000 44934 
18185.12 20000 44950 
18223.09 20000 44966 
18258.98 20000 44981 
18294.84 20000 44997 
18330.58 20000 45013 
18367.31 20000 45028 
18402.91 20000 45044 
18438.41 20000 45060 
18475.88 20000 45076 
18514.55 20000 45091 
18552.24 20000 45107 
18589.68 20000 45123 
18628.83 20000 45139 
18669.69 20000 45154 
18708.3 20000 45170 
18742.37 20000 45186 
18781.04 20000 45201 
18824.16 20000 45217 
18866.38 20000 45233 
18905.58 20000 45249 
18945.1 20000 45264 
18985.74 20000 45280 
19026.5 20000 45296 
19063.67 20000 45312 
19101.83 20000 45327 
19141.69 20000 45343 
19182.39 20000 45359 
19219.25 20000 45374 
19257.08 20000 45390 
19296.52 20000 45406 
19336.61 20000 45422 
19372.15 20000 45437 
19409.07 20000 45453 
19447.45 20000 45469 
19487.13 20000 45484 
19523.35 20000 45500 
19560.91 20000 45516 
19600.44 20000 45532 
19642.47 20000 45547 
19681.1 20000 45563 
19720.06 20000 45579 
19759.84 20000 45595 
19801.09 20000 45610 
19838.67 20000 45626 
19877.39 20000 45642 
19917.66 20000 45657 
19959.49 20000 45673 
19996.91 20000 45689 
20034.83 20000 45705 
20075.48 20000 45720 
20118.16 20000 45721 
20130.22 20000 45721 
20069.33 20000 45721 
19991.29 20000 45721 
19924.61 20000 45721 
19866.01 20000 45721 
19812.98 20000 45721 
19763.18 20000 45721 
19714.69 20000 45721 
19669.93 20000 45721 
19629.38 20000 45721 
19590.37 20000 45721 
19553.33 20000 45721 
19517.94 20000 45721 
19483.61 20000 45721 
19450.58 20000 45721 
19419.03 20000 45721 
19388.24 20000 45721 
19358.5 20000 45721 
19329.71 20000 45721 
19302.08 20000 45721 
19275.01 20000 45721 
19248.93 20000 45721 
19223.22 20000 45721 
19197.95 20000 45721 
19173.24 20000 45721 
19149.43 20000 45721 
19125.96 20000 45721 
19103.05 20000 45721 
19080.56 20000 45721 
19058.68 20000 45721 
19036.82 20000 45721 
19015.64 20000 45721 
18995.28 20000 45721 
18974.68 20000 45721 
18954.44 20000 45721 
18934.76 20000 45721 
18915.11 20000 45721 
18895.89 20000 45721 
18877.01 20000 45721 
18858.76 20000 45721 
18840.52 20000 45721 
18822.47 20000 45721 
18804.87 20000 45721 
18788.02 20000 45721 
18771.67 20000 45721 
18755.14 20000 45721 
18738.69 20000 45721 
18722.39 20000 45721 
18705.98 20000 45721 
18689.84 20000 45721 
18673.6 20000 45721 
18657.41 20000 45721 
18641.69 20000 45721 
18626.32 20000 45721 
18611.19 20000 45721 
18596.4 20000 45721 
18581.62 20000 45721 
18566.73 20000 45721 
18551.86 20000 45721 
18537.6 20000 45721 
18523.45 20000 45721 
18509.16 20000 45721 
18495.5 20000 45721 
18481.38 20000 45721 
18467.83 20000 45721 
18454.4 20000 45721 
18440.78 20000 45721 
18427.59 20000 45721 
18414.52 20000 45721 
18401.53 20000 45721 
18388.5 20000 45721 
18375.76 20000 45721 
18362.83 20000 45721 
18350.02 20000 45721 
18337.71 20000 45721 
18325.49 20000 45721 
18312.96 20000 45721 
18300.93 20000 45721 
18289.5 20000 45721 
18277.5 20000 45721 
18265.8 20000 45721 
18254.14 20000 45721 
18242.66 20000 45721 
18230.84 20000 45721 
18219.46 20000 45721 
18208.44 20000 45721 
18197.59 20000 45721 
18186.58 20000 45721 
18175.73 20000 45721 
18165.3 20000 45721 
18154.89 20000 45721 
18144.16 20000 45721 
18133.74 20000 45721 
18123.74 20000 45721 
18113.38 20000 45721 
18103.33 20000 45721 
18093.18 20000 45721 
18082.95 20000 45721 
18073.08 20000 45721 
18063.37 20000 45721 
18053.81 20000 45721 
18044.21 20000 45721 
18034.65 20000 45721 
18024.87 20000 45721 
18014.98 20000 45721 
18005.21 20000 45721 
17995.52 20000 45721 
17986.35 20000 45721 
17977.12 20000 45721 
17967.81 20000 45721 
17958.2 20000 45721 
17949.3 20000 45721 
17940.28 20000 45721 
17931.08 20000 45721 
17921.86 20000 45721 
17912.73 20000 45721 
17903.44 20000 45721 
17894.35 20000 45721 
17885.69 20000 45721 
17877.24 20000 45721 
17868.87 20000 45721 
17860.3 20000 45721 
17851.46 20000 45721 
17842.75 20000 45721 
17834.09 20000 45721 
17825.73 20000 45721 
17817.6 20000 45721 
17809.38 20000 45721 
17801.1 20000 45721 
17792.89 20000 45721 
17784.38 20000 45721 
17776.02 20000 45721 
17767.9 20000 45721 
17759.83 20000 45721 
17751.51 20000 45721 
17743.39 20000 45721 
17735.6 20000 45721 
17727.72 20000 45721 
17719.6 20000 45721 
17711.98 20000 45721 
17704.41 20000 45721 
17696.61 20000 45721 
17689.03 20000 45721 
17681.16 20000 45721 
17673.49 20000 45721 
17666.09 20000 45721 
17658.62 20000 45721 
17650.9 20000 45721 
17643.18 20000 45721 
17635.58 20000 45721 
17627.92 20000 45721 
17620.92 20000 45721 
17613.64 20000 45721 
17606.64 20000 45721 
17599.53 20000 45721 
17592.4 20000 45721 
17585.15 20000 45721 
17578.05 20000 45721 
17571.14 20000 45721 
17564.23 20000 45721 
17557.15 20000 45721 
17549.99 20000 45721 
17542.88 20000 45721 
17535.64 20000 45721 
17528.89 20000 45721 
17522.16 20000 45721 
17515.29 20000 45721 
17508.11 20000 45721 
17501.16 20000 45721 
17494.29 20000 45721 
17487.6 20000 45721 
17480.56 20000 45721 
17474 20000 45721 
17467.75 20000 45721 
17461.48 20000 45721 
17455.32 20000 45721 
17449.03 20000 45721 
17442.56 20000 45721 
17436.02 20000 45721 
17429.69 20000 45721 
17423.11 20000 45721 
17416.46 20000 45721 
17410.12 20000 45721 
17403.91 20000 45721 
17397.57 20000 45721 
17391.48 20000 45721 
17385.68 20000 45721 
17379.9 20000 45721 
17374.08 20000 45721 
17368.12 20000 45721 
17362.38 20000 45721 
17356.25 20000 45721 
17350.29 20000 45721 
17344 20000 45721 
17337.89 20000 45721 
17331.74 20000 45721 
17325.49 20000 45721 
17319.4 20000 45721 
17313.45 20000 45721 
17307.41 20000 45721 
17301.38 20000 45721 
17295.47 20000 45721 
17289.58 20000 45721 
17283.56 20000 45721 
17278.02 20000 45721 
17272.34 20000 45721 
17266.69 20000 45721 
17260.88 20000 45721 
17254.85 20000 45721 
17248.75 20000 45721 
17242.53 20000 45721 
17236.49 20000 45721 
17230.79 20000 45721 
17224.95 20000 45721 
17218.99 20000 45721 
17213.05 20000 45721 
17207.38 20000 45721 
17201.8 20000 45721 
17195.97 20000 45721 
17190.14 20000 45721 
17184.32 20000 45721 
17178.22 20000 45721 
17172.42 20000 45721 
17166.9 20000 45721 
17161.04 20000 45721 
17155.22 20000 45721 
17149.61 20000 45721 
17144.11 20000 45721 
17138.43 20000 45721 
17132.85 20000 45721 
17127.73 20000 45721 
17122.08 20000 45721 
17116.32 20000 45721 
17111.21 20000 45721 
17105.79 20000 45721 
17099.86 20000 45721 
17094.01 20000 45721 
17088.58 20000 45721 
17083.2 20000 45721 
17078.16 20000 45721 
17072.62 20000 45721 
17067 20000 45721 
17061.65 20000 45721 
17057.07 20000 45721 
17052.31 20000 45721 
17047.34 20000 45721 
17042.54 20000 45721 
17037.27 20000 45721 
17032.59 20000 45721 
17028.04 20000 45721 
17023.41 20000 45721 
17018.63 20000 45721 
17013.95 20000 45721 
17008.85 20000 45721 
17003.58 20000 45721 
16999.29 20000 45721 
16994.83 20000 45721 
16990.11 20000 45721 
16984.97 20000 45721 
16979.81 20000 45721 
16974.86 20000 45721 
16970.37 20000 45721 
16965.5 20000 45721 
16960.58 20000 45721 
16955.94 20000 45721 
16951.06 20000 45721 
16946.14 20000 45721 
16941.3 20000 45721 
16936.33 20000 45721 
16931.39 20000 45721 
16926.42 20000 45721 
16921.79 20000 45721 
16916.86 20000 45721 
16912.37 20000 45721 
16907.9 20000 45721 
16903.01 20000 45721 
16898.11 20000 45721 
16893.31 20000 45721 
16888.82 20000 45721 
16884.47 20000 45721 
16879.89 20000 45721 
16875.47 20000 45721 
16871.05 20000 45721 
16866.41 20000 45721 
16862.01 20000 45721 
16857.42 20000 45721 
16852.51 20000 45721 
16848.13 20000 45721 
16843.79 20000 45721 
16839.35 20000 45721 
16835.06 20000 45721 
16830.56 20000 45721 
16826.01 20000 45721 
16821.49 20000 45721 
16816.86 20000 45721 
16812.36 20000 45721 
16807.93 20000 45721 
16803.42 20000 45721 
16799.11 20000 45721 
16794.43 20000 45721 
16789.59 20000 45721 
16784.96 20000 45721 
16780.79 20000 45721 
16776.35 20000 45721 
16771.93 20000 45721 
16767.53 20000 45721 
16763.27 20000 45721 
16758.87 20000 45721 
16754.31 20000 45721 
16750.23 20000 45721 
16745.89 20000 45721 
16741.65 20000 45721 
16737.49 20000 45721 
16733.04 20000 45721 
16728.97 20000 45721 
16724.92 20000 45721 
16720.59 20000 45721 
16716 20000 45721 
16711.55 20000 45721 
16707.15 20000 45721 
16702.62 20000 45721 
16698.09 20000 45721 
16693.64 20000 45721 
16689.32 20000 45721 
16684.83 20000 45721 
16680.75 20000 45721 
16676.69 20000 45721 
16672.46 20000 45721 
16668.27 20000 45721 
16664.33 20000 45721 
16660.73 20000 45721 
16656.94 20000 45721 
16652.7 20000 45721 
16648.53 20000 45721 
16644.39 20000 45721 
16640.13 20000 45721 
16636.21 20000 45721 
16631.88 20000 45721 
16627.39 20000 45721 
16623.54 20000 45721 
16619.38 20000 45721 
16615.27 20000 45721 
16611.44 20000 45721 
16607.65 20000 45721 
16603.74 20000 45721 
16599.37 20000 45721 
16595.18 20000 45721 
16591.31 20000 45721 
16587.56 20000 45721 
16583.38 20000 45721 
16579.3 20000 45721 
16575.41 20000 45721 
16571.06 20000 45721 
16566.84 20000 45721 
16562.67 20000 45721 
16558.61 20000 45721 
16554.77 20000 45721 
16550.57 20000 45721 
16546.64 20000 45721 
16542.8 20000 45721 
16539.1 20000 45721 
16535.3 20000 45721 
16531.74 20000 45721 
16528.03 20000 45721 
16524.44 20000 45721 
16520.69 20000 45721 
16517.12 20000 45721 
16513.7 20000 45721 
16509.75 20000 45721 
16505.83 20000 45721 
16502.18 20000 45721 
16498.75 20000 45721 
16494.88 20000 45721 
16490.78 20000 45721 
16487 20000 45721 
16483.42 20000 45721 
16479.79 20000 45721 
16476.21 20000 45721 
16472.67 20000 45721 
16469.16 20000 45721 
16465.59 20000 45721 
16461.82 20000 45721 
16458.18 20000 45721 
16454.36 20000 45721 
16450.73 20000 45721 
16447.33 20000 45721 
16443.58 20000 45721 
16439.98 20000 45721 
16436.27 20000 45721 
16432.71 20000 45721 
16428.79 20000 45721 
16425.06 20000 45721 
16421.39 20000 45721 
16417.71 20000 45721 
16413.9 20000 45721 
16409.81 20000 45721 
16406.25 20000 45721 
16402.8 20000 45721 
16399.33 20000 45721 
16395.97 20000 45721 
16393.08 20000 45721 
16390.03 20000 45721 
16386.68 20000 45721 
16383.32 20000 45721 
16379.63 20000 45721 
16376.06 20000 45721 
16372.45 20000 45721 
16368.86 20000 45721 
16365.32 20000 45721 
16361.68 20000 45721 
16358.03 20000 45721 
16354.41 20000 45721 
16350.54 20000 45721 
16346.97 20000 45721 
16343.91 20000 45721 
16340.57 20000 45721 
16337.23 20000 45721 
16333.92 20000 45721 
16330.72 20000 45721 
16327.14 20000 45721 
16323.96 20000 45721 
16320.97 20000 45721 
16317.93 20000 45721 
16314.8 20000 45721 
16311.9 20000 45721 
16309.15 20000 45721 
16306.14 20000 45721 
16302.92 20000 45721 
16299.97 20000 45721 
16297.3 20000 45721 
16294.2 20000 45721 
16291.28 20000 45721 
16288.66 20000 45721 
16285.83 20000 45721 
16282.73 20000 45721 
16280.05 20000 45721 
16276.94 20000 45721 
16274.21 20000 45721 
16271.62 20000 45721 
16268.73 20000 45721 
16265.93 20000 45721 
16263.02 20000 45721 
16259.98 20000 45721 
16256.83 20000 45721 
16253.78 20000 45721 
16250.73 20000 45721 
16247.87 20000 45721 
16245.11 20000 45721 
16242.88 20000 45721 
16240.55 20000 45721 
16237.59 20000 45721 
16233.73 20000 45721 
16231.17 20000 45721 
16228.7 20000 45721 
16226.57 20000 45721 
16224.19 20000 45721 
16221.19 20000 45721 
16218 20000 45721 
16216.18 20000 45721 
16213.36 20000 45721 
16210.99 20000 45721 
16208.46 20000 45721 
16205.41 20000 45721 
16203.62 20000 45721 
16199.8 20000 45721 
16196.89 20000 45721 
16193.53 20000 45721 
16190.84 20000 45721 
16189.73 20000 45721 
16188.64 20000 45721 
16186.07 20000 45721 
16182.9 20000 45721 
16179.93 20000 45721 
16177.46 20000 45721 
16174.69 20000 45721 
16172.31 20000 45721 
16169.55 20000 45721 
16166.44 20000 45721 
16162.93 20000 45721 
16159.49 20000 45721 
16156.33 20000 45721 
16153.26 20000 45721 
16150.19 20000 45721 
16146.85 20000 45721 
16143.68 20000 45721 
16140.62 20000 45721 
16137.39 20000 45721 
16134.04 20000 45721 
16130.76 20000 45721 
16127.53 20000 45721 
16124.36 20000 45721 
16121.35 20000 45721 
16118.28 20000 45721 
16115.31 20000 45721 
16111.78 20000 45721 
16108.43 20000 45721 
16105.14 20000 45721 
16101.82 20000 45721 
16098.81 20000 45721 
16095.7 20000 45721 
16092.36 20000 45721 
16089.21 20000 45721 
16086.06 20000 45721 
16082.79 20000 45721 
16079.39 20000 45721 
16076.12 20000 45721 
16073.33 20000 45721 
16069.87 20000 45721 
16066.87 20000 45721 
16063.69 20000 45721 
16060.43 20000 45721 
16057.38 20000 45721 
16054.29 20000 45721 
16051.1 20000 45721 
16047.97 20000 45721 
16045.19 20000 45721 
16042.01 20000 45721 
16038.86 20000 45721 
16035.89 20000 45721 
16032.83 20000 45721 
16029.67 20000 45721 
16026.69 20000 45721 
16024.04 20000 45721 
16021.09 20000 45721 
16018.37 20000 45721 
16015.39 20000 45721 
16012.35 20000 45721 
16009.54 20000 45721 
16006.64 20000 45721 
16003.66 20000 45721 
16000.56 20000 45721 
15997.97 20000 45721 
15995.26 20000 45721 
15992.5 20000 45721 
15989.43 20000 45721 
15986.58 20000 45721 
15983.86 20000 45721 
15981.1 20000 45721 
15978.62 20000 45721 
15976.09 20000 45721 
15973.44 20000 45721 
15971.08 20000 45721 
15968.02 20000 45721 
15965.74 20000 45721 
15963.13 20000 45721 
15960.25 20000 45721 
15957.07 20000 45721 
15954.03 20000 45721 
15951.29 20000 45721 
15948.75 20000 45721 
15945.79 20000 45721 
15943.09 20000 45721 
15940.47 20000 45721 
15937.98 20000 45721 
15935.09 20000 45721 
15932.14 20000 45721 
15929.49 20000 45721 
15926.93 20000 45721 
15924.02 20000 45721 
15921.29 20000 45721 
15918.87 20000 45721 
15916.29 20000 45721 
15913.77 20000 45721 
15911.1 20000 45721 
15908.33 20000 45721 
15906.19 20000 45721 
15903.37 20000 45721 
15900.59 20000 45721 
15898.71 20000 45721 
15896.87 20000 45721 
15894.42 20000 45721 
15891.93 20000 45721 
15889.45 20000 45721 
15887.05 20000 45721 
15884.38 20000 45721 
15881.85 20000 45721 
15879.34 20000 45721 
15876.82 20000 45721 
15874.35 20000 45721 
15871.29 20000 45721 
15868.22 20000 45721 
15865.97 20000 45721 
15863.57 20000 45721 
15861.26 20000 45721 
15858.24 20000 45721 
15856.2 20000 45721 
15853.12 20000 45721 
15850.6 20000 45721 
15848.1 20000 45721 
15845.78 20000 45721 
15843.16 20000 45721 
15840.54 20000 45721 
15837.76 20000 45721 
15835.34 20000 45721 
15832.68 20000 45721 
15830.12 20000 45721 
15827.27 20000 45721 
15825.21 20000 45721 
15822.61 20000 45721 
15820.56 20000 45721 
15818.15 20000 45721 
15815.18 20000 45721 
15812.35 20000 45721 
15810.24 20000 45721 
15808.09 20000 45721 
15806 20000 45721 
15803.7 20000 45721 
15801.71 20000 45721 
15799.29 20000 45721 
15796.47 20000 45721 
15793.48 20000 45721 
15791.31 20000 45721 
15788.86 20000 45721 
15786.35 20000 45721 
15784.08 20000 45721 
15781.71 20000 45721 
15779.2 20000 45721 
15776.57 20000 45721 
15774.06 20000 45721 
15771.21 20000 45721 
15768.6 20000 45721 
15765.89 20000 45721 
