9.37 20000 35163 
9.23 20000 35163 
9.26 20000 35163 
9.18 20000 35163 
9.32 20000 35163 
9.04 20000 35163 
8.81 20000 35163 
8.74 20000 35163 
9.09 20000 35163 
8.82 20000 35163 
8.98 20000 35321 
8.95 20000 35484 
9.02 20000 35504 
9.03 20000 35519 
9.18 20000 35535 
9.78 20000 35551 
10.21 20000 35567 
10.71 20000 35582 
11.41 20000 35598 
12.12 20000 35614 
13.66 20000 35630 
16.42 20000 35645 
19.53 20000 35661 
24.45 20000 35677 
31.24 20000 35693 
39.51 20000 35708 
47.65 20000 35724 
56.91 20000 35740 
67.42 20000 35755 
79.17 20000 35771 
91.29 20000 35787 
103.98 20000 35803 
117.62 20000 35818 
131.88 20000 35834 
145.7 20000 35850 
159.46 20000 35866 
173.45 20000 35881 
188.06 20000 35897 
202.48 20000 35913 
216.85 20000 35928 
231.71 20000 35944 
247.39 20000 35960 
262.59 20000 35976 
277.66 20000 35991 
292.64 20000 36007 
307.55 20000 36023 
321.65 20000 36039 
335.85 20000 36054 
350.95 20000 36070 
366.8 20000 36086 
382.45 20000 36101 
397.7 20000 36117 
412.62 20000 36133 
428.22 20000 36149 
443.79 20000 36164 
458.72 20000 36180 
473.96 20000 36196 
489.2 20000 36212 
504.14 20000 36227 
518.49 20000 36243 
532.84 20000 36259 
547.08 20000 36274 
560.81 20000 36290 
573.76 20000 36306 
588.29 20000 36322 
603.14 20000 36337 
618.27 20000 36353 
633.23 20000 36369 
647.75 20000 36385 
662.14 20000 36400 
674.48 20000 36416 
682.97 20000 36432 
693.93 20000 36447 
707.86 20000 36463 
723.65 20000 36479 
739.05 20000 36495 
754.18 20000 36510 
768.64 20000 36526 
784.09 20000 36542 
799.46 20000 36558 
815.26 20000 36573 
830.4 20000 36589 
845.51 20000 36605 
860.9 20000 36621 
876.38 20000 36636 
890.6 20000 36652 
905.28 20000 36668 
919.74 20000 36683 
934.22 20000 36699 
947.49 20000 36715 
961.12 20000 36731 
974.91 20000 36746 
988.03 20000 36762 
1001.63 20000 36778 
1015.81 20000 36794 
1030.58 20000 36809 
1044.7 20000 36825 
1058.44 20000 36841 
1071.99 20000 36856 
1085.95 20000 36872 
1100.59 20000 36888 
1114.45 20000 36904 
1128.14 20000 36919 
1141.9 20000 36935 
1155.38 20000 36951 
1168.9 20000 36967 
1181.8 20000 36982 
1194.62 20000 36998 
1208.3 20000 37014 
1222.07 20000 37029 
1235.14 20000 37045 
1247.75 20000 37061 
1260.86 20000 37077 
1272.53 20000 37092 
1284.02 20000 37108 
1295.62 20000 37124 
1308.26 20000 37140 
1321.34 20000 37155 
1334.37 20000 37171 
1347.84 20000 37187 
1360.78 20000 37202 
1373.33 20000 37218 
1385.04 20000 37234 
1396.68 20000 37250 
1408.28 20000 37265 
1420.25 20000 37281 
1432.51 20000 37297 
1444.93 20000 37313 
1456.55 20000 37328 
1467.72 20000 37344 
1478.65 20000 37360 
1490.31 20000 37375 
1501.94 20000 37391 
1513.85 20000 37407 
1525.4 20000 37423 
1537.22 20000 37438 
1548.57 20000 37454 
1559.92 20000 37470 
1571.28 20000 37486 
1582.9 20000 37501 
1593.2 20000 37517 
1603.26 20000 37533 
1612.44 20000 37548 
1621.33 20000 37564 
1629.71 20000 37580 
1636.37 20000 37596 
1641.65 20000 37611 
1647.88 20000 37627 
1653.19 20000 37643 
1658.03 20000 37659 
1662.57 20000 37674 
1671.34 20000 37690 
1686.66 20000 37706 
1702.94 20000 37721 
1718.04 20000 37737 
1733.17 20000 37753 
1747.06 20000 37769 
1760.95 20000 37784 
1774.87 20000 37800 
1788.79 20000 37816 
1802.27 20000 37832 
1815.53 20000 37847 
1828.42 20000 37863 
1841.09 20000 37879 
1853.34 20000 37894 
1865.81 20000 37910 
1878.64 20000 37926 
1891.79 20000 37942 
1905.07 20000 37957 
1918.07 20000 37973 
1931.61 20000 37989 
1945.42 20000 38005 
1959.41 20000 38020 
1973.18 20000 38036 
1985.92 20000 38052 
1998.68 20000 38067 
2012.52 20000 38083 
2026.13 20000 38099 
2040.8 20000 38115 
2054.5 20000 38130 
2068.01 20000 38146 
2080.84 20000 38162 
2094.04 20000 38178 
2106.94 20000 38193 
2119.93 20000 38209 
2132.42 20000 38225 
2145.14 20000 38240 
2157.51 20000 38256 
2170.27 20000 38272 
2182.21 20000 38288 
2194.69 20000 38303 
2206.69 20000 38319 
2219.02 20000 38335 
2230.87 20000 38351 
2243.58 20000 38366 
2255.29 20000 38382 
2266.99 20000 38398 
2278.69 20000 38413 
2290.76 20000 38429 
2302.15 20000 38445 
2313.57 20000 38461 
2324.59 20000 38476 
2336.65 20000 38492 
2348.15 20000 38508 
2358.14 20000 38524 
2366.91 20000 38539 
2378.9 20000 38555 
2390.59 20000 38571 
2398.56 20000 38586 
2405.18 20000 38602 
2418.5 20000 38618 
2430.8 20000 38634 
2442.47 20000 38649 
2454.14 20000 38665 
2466.21 20000 38681 
2477.34 20000 38697 
2488.3 20000 38712 
2499.33 20000 38728 
2511.5 20000 38744 
2522.89 20000 38759 
2533.24 20000 38775 
2543.91 20000 38791 
2555.37 20000 38807 
2566.18 20000 38822 
2576.44 20000 38838 
2585.96 20000 38854 
2595.75 20000 38870 
2605.51 20000 38885 
2614.9 20000 38901 
2625.03 20000 38917 
2635.59 20000 38932 
2646.94 20000 38948 
2658.37 20000 38964 
2669.6 20000 38980 
2680.46 20000 38995 
2691.52 20000 39011 
2701.68 20000 39027 
2711.88 20000 39043 
2722.35 20000 39058 
2733.32 20000 39074 
2742.96 20000 39090 
2752.91 20000 39105 
2762.79 20000 39121 
2773.4 20000 39137 
2783.53 20000 39153 
2793.82 20000 39168 
2803.67 20000 39184 
2814.41 20000 39200 
2824.54 20000 39216 
2834.36 20000 39231 
2843.63 20000 39247 
2853.94 20000 39263 
2863.73 20000 39278 
2873.46 20000 39294 
2883.08 20000 39310 
2892.93 20000 39326 
2902.48 20000 39341 
2912.45 20000 39357 
2921.82 20000 39373 
2931.57 20000 39389 
2940.83 20000 39404 
2950.81 20000 39420 
2960.04 20000 39436 
2970.25 20000 39452 
2979.52 20000 39467 
2989.1 20000 39483 
2998.52 20000 39499 
3008.31 20000 39514 
3017.81 20000 39530 
3027.76 20000 39546 
3037.09 20000 39562 
3047.04 20000 39577 
3056.26 20000 39593 
3065.67 20000 39609 
3074.78 20000 39625 
3084.32 20000 39640 
3093.97 20000 39656 
3103.22 20000 39672 
3111.83 20000 39687 
3121.1 20000 39703 
3130.26 20000 39719 
3139.44 20000 39735 
3148.57 20000 39750 
3157.57 20000 39766 
3166.67 20000 39782 
3175.4 20000 39798 
3184.02 20000 39813 
3193.43 20000 39829 
3203.04 20000 39845 
3211.86 20000 39860 
3220.85 20000 39876 
3230.17 20000 39892 
3239.68 20000 39908 
3248.13 20000 39923 
3255.35 20000 39939 
3263.65 20000 39955 
3273.29 20000 39971 
3282.23 20000 39986 
3291.55 20000 40002 
3300.61 20000 40018 
3310.06 20000 40033 
3318.98 20000 40049 
3328.06 20000 40065 
3337.13 20000 40081 
3346.48 20000 40096 
3354.85 20000 40112 
3363.65 20000 40128 
3372.32 20000 40144 
3381.84 20000 40159 
3390.68 20000 40175 
3399.53 20000 40191 
3408.28 20000 40206 
3417.9 20000 40222 
3425.75 20000 40238 
3433.98 20000 40254 
3441.57 20000 40269 
3450.65 20000 40285 
3458.86 20000 40301 
3466.7 20000 40317 
3474.68 20000 40332 
3483.96 20000 40348 
3492.2 20000 40364 
3499.94 20000 40379 
3507.6 20000 40395 
3516.75 20000 40411 
3525.05 20000 40427 
3532.91 20000 40442 
3540.13 20000 40458 
3548.97 20000 40474 
3557.43 20000 40490 
3565.15 20000 40505 
3572.06 20000 40521 
3580.38 20000 40537 
3589.57 20000 40552 
3597.59 20000 40568 
3605.06 20000 40584 
3613.47 20000 40600 
3621.72 20000 40615 
3629.46 20000 40631 
3636.23 20000 40647 
3643.94 20000 40663 
3652.6 20000 40678 
3660.43 20000 40694 
3667.2 20000 40710 
3674.49 20000 40725 
3682.62 20000 40741 
3690.27 20000 40757 
3697.42 20000 40773 
3704.34 20000 40788 
3712.58 20000 40804 
3720.6 20000 40820 
3727.87 20000 40836 
3735.22 20000 40851 
3743.67 20000 40867 
3751.9 20000 40883 
3759.12 20000 40898 
3766.25 20000 40914 
3774.19 20000 40930 
3781.75 20000 40946 
3788.87 20000 40961 
3795.49 20000 40977 
3803.14 20000 40993 
3810.33 20000 41009 
3818.03 20000 41024 
3824.51 20000 41040 
3831.52 20000 41056 
3838.78 20000 41071 
3846.11 20000 41087 
3852.59 20000 41103 
3859.85 20000 41119 
3866.7 20000 41134 
3874.18 20000 41150 
3880.76 20000 41166 
3888.14 20000 41182 
3894.78 20000 41197 
3901.71 20000 41213 
3907.8 20000 41229 
3914.56 20000 41244 
3920.85 20000 41260 
3927.32 20000 41276 
3933.63 20000 41292 
3940.95 20000 41307 
3947.11 20000 41323 
3953.13 20000 41339 
3958.92 20000 41355 
3965.88 20000 41370 
3972.02 20000 41386 
3978.53 20000 41402 
3985.02 20000 41417 
3993.01 20000 41433 
3999.96 20000 41449 
4006.35 20000 41465 
4013.11 20000 41480 
4020.36 20000 41496 
4026.51 20000 41512 
4032.27 20000 41528 
4038.56 20000 41543 
4045.46 20000 41559 
4051.64 20000 41575 
4053.88 20000 41590 
4057.73 20000 41606 
4066.21 20000 41622 
4073.52 20000 41638 
4079.49 20000 41653 
4085.61 20000 41669 
4092.05 20000 41685 
4098.37 20000 41701 
4103.64 20000 41716 
4109.72 20000 41732 
4116.41 20000 41748 
4122.55 20000 41763 
4127.82 20000 41779 
4133.38 20000 41795 
4139.35 20000 41811 
4145.81 20000 41826 
4151.18 20000 41842 
4156.62 20000 41858 
4162.25 20000 41874 
4167.71 20000 41889 
4171.05 20000 41905 
4175.23 20000 41921 
4180.49 20000 41936 
4186.25 20000 41952 
4191.53 20000 41968 
4197.19 20000 41984 
4202.49 20000 41999 
4209.47 20000 42015 
4215.07 20000 42031 
4220.24 20000 42046 
4225.74 20000 42062 
4231.5 20000 42078 
4236.36 20000 42094 
4241.58 20000 42109 
4246.44 20000 42125 
4252.64 20000 42141 
4257.58 20000 42157 
4263.57 20000 42172 
4269.44 20000 42188 
4276.58 20000 42204 
4282.38 20000 42219 
4288.61 20000 42235 
4294.95 20000 42251 
4301.45 20000 42267 
4306.88 20000 42282 
4312.22 20000 42298 
4317.41 20000 42314 
4323.65 20000 42330 
4328.38 20000 42345 
4333.14 20000 42361 
4338.19 20000 42377 
4344.34 20000 42392 
4349.95 20000 42408 
4354.91 20000 42424 
4359.69 20000 42440 
4364.56 20000 42455 
4369.39 20000 42471 
4373.86 20000 42487 
4378.15 20000 42503 
4383.33 20000 42518 
4388 20000 42534 
4392.38 20000 42550 
4397.4 20000 42565 
4403.15 20000 42581 
4408.99 20000 42597 
4414 20000 42613 
4419.53 20000 42628 
4425.33 20000 42644 
4431.34 20000 42660 
4436.42 20000 42675 
4442.51 20000 42691 
4448.13 20000 42707 
4454.53 20000 42723 
4459.88 20000 42738 
4465.06 20000 42754 
4471.11 20000 42770 
4477.79 20000 42786 
4483.22 20000 42801 
4489.36 20000 42817 
4496.01 20000 42833 
4503.52 20000 42848 
4509.77 20000 42864 
4516.12 20000 42880 
4523 20000 42896 
4531.19 20000 42911 
4537.83 20000 42927 
4544.75 20000 42943 
4552.82 20000 42959 
4561.28 20000 42974 
4568.23 20000 42990 
4575.36 20000 43006 
4582.79 20000 43022 
4591.4 20000 43037 
4598.2 20000 43053 
4604.52 20000 43069 
4611.64 20000 43084 
4620.07 20000 43100 
4626.63 20000 43116 
4633.4 20000 43132 
4640.59 20000 43147 
4649.15 20000 43163 
4655.86 20000 43179 
4662.35 20000 43195 
4669.46 20000 43210 
4678.03 20000 43226 
4685.62 20000 43242 
4692.79 20000 43257 
4700.32 20000 43273 
4709.16 20000 43289 
4716.71 20000 43305 
4724.2 20000 43320 
4732 20000 43336 
4741.45 20000 43352 
4749.47 20000 43367 
4755.93 20000 43383 
4763.13 20000 43399 
4771.96 20000 43415 
4780.16 20000 43430 
4786.91 20000 43446 
4794.18 20000 43462 
4803.11 20000 43478 
4811.4 20000 43493 
4818.5 20000 43509 
4825.71 20000 43525 
4833.98 20000 43540 
4842.48 20000 43556 
4849.54 20000 43572 
4857.02 20000 43588 
4865.32 20000 43603 
4874.41 20000 43619 
4882.19 20000 43635 
4890.41 20000 43650 
4898.56 20000 43666 
4907.51 20000 43682 
4915.06 20000 43698 
4922.36 20000 43713 
4929.92 20000 43729 
4939.51 20000 43745 
4947.98 20000 43761 
4955.86 20000 43776 
4963.86 20000 43792 
4972.96 20000 43808 
4980.96 20000 43824 
4988.99 20000 43839 
4996.54 20000 43855 
5005.79 20000 43871 
5014.09 20000 43886 
5021.89 20000 43902 
5029.45 20000 43918 
5038.78 20000 43934 
5047.23 20000 43949 
5055.68 20000 43965 
5063.14 20000 43981 
5072.01 20000 43997 
5080.96 20000 44012 
5090.1 20000 44028 
5098.55 20000 44044 
5107.96 20000 44059 
5117.55 20000 44075 
5127.67 20000 44091 
5136.96 20000 44107 
5147.51 20000 44122 
5157.79 20000 44138 
5168.21 20000 44154 
5177.38 20000 44170 
5187.53 20000 44185 
5197.71 20000 44201 
5208.47 20000 44217 
5218.42 20000 44232 
5229.54 20000 44248 
5241.11 20000 44264 
5252.64 20000 44280 
5263.47 20000 44295 
5274.45 20000 44311 
5285.67 20000 44327 
5296.94 20000 44343 
5308.07 20000 44358 
5318.92 20000 44374 
5329.86 20000 44390 
5340.54 20000 44405 
5351.62 20000 44421 
5363.22 20000 44437 
5374.71 20000 44453 
5386.08 20000 44468 
5398.41 20000 44484 
5410.89 20000 44500 
5423.47 20000 44516 
5435.16 20000 44531 
5447.71 20000 44547 
5460.12 20000 44563 
5472.96 20000 44579 
5484.92 20000 44594 
5498.47 20000 44610 
5512.28 20000 44626 
5526.44 20000 44641 
5538.96 20000 44657 
5551.98 20000 44673 
5565.84 20000 44689 
5578.84 20000 44704 
5588.19 20000 44720 
5602.25 20000 44736 
5616.52 20000 44751 
5631.23 20000 44767 
5644.4 20000 44783 
5658.39 20000 44799 
5671.8 20000 44814 
5686.95 20000 44830 
5700.21 20000 44846 
5713.39 20000 44862 
5726.68 20000 44877 
5741.02 20000 44893 
5754.48 20000 44909 
5767.63 20000 44925 
5781.45 20000 44940 
5797.1 20000 44956 
5810.52 20000 44972 
5823.72 20000 44987 
5837.52 20000 45003 
5851.8 20000 45019 
5865.08 20000 45035 
5878.18 20000 45050 
5892.3 20000 45066 
5907.6 20000 45082 
5921.65 20000 45098 
5936.39 20000 45113 
5950.72 20000 45129 
5966.16 20000 45145 
5981.1 20000 45160 
5995.83 20000 45176 
6010.56 20000 45192 
6026.02 20000 45208 
6041.07 20000 45223 
6055.79 20000 45239 
6070.46 20000 45255 
6085.98 20000 45271 
6101.51 20000 45286 
6116.74 20000 45302 
6132.42 20000 45318 
6148.5 20000 45333 
6164.41 20000 45349 
6179.66 20000 45365 
6196.19 20000 45381 
6212.53 20000 45396 
6229.03 20000 45412 
6245.2 20000 45428 
6262.37 20000 45444 
6279.65 20000 45459 
6297.45 20000 45475 
6313.98 20000 45491 
6331.75 20000 45506 
6350.11 20000 45522 
6368.16 20000 45538 
6384.74 20000 45554 
6401.29 20000 45569 
6417.58 20000 45585 
6434.31 20000 45601 
6450.3 20000 45617 
6466.78 20000 45632 
6483.16 20000 45648 
6500.04 20000 45664 
6515.41 20000 45679 
6531.85 20000 45695 
6548.19 20000 45711 
6565.53 20000 45727 
6581.29 20000 45742 
6597.71 20000 45758 
6614.21 20000 45774 
6631.3 20000 45790 
6647.41 20000 45805 
6664.83 20000 45821 
6681.54 20000 45837 
6699.4 20000 45852 
6715.77 20000 45868 
6732.14 20000 45884 
6747.92 20000 45900 
6764.02 20000 45915 
6779.15 20000 45931 
6795.17 20000 45947 
6812.65 20000 45963 
6831.78 20000 45978 
6849.3 20000 45994 
6866.19 20000 46010 
6883.75 20000 46026 
6902.4 20000 46041 
6919.87 20000 46057 
6937.41 20000 46073 
6955.68 20000 46088 
6975.05 20000 46104 
6993.35 20000 46120 
7010.84 20000 46136 
7029.15 20000 46151 
7048.16 20000 46167 
7066.71 20000 46183 
7084.06 20000 46198 
7102.79 20000 46214 
7122.31 20000 46230 
7141.53 20000 46246 
7159.37 20000 46261 
7176.57 20000 46277 
7194.9 20000 46293 
7214.07 20000 46309 
7230.75 20000 46324 
7247.31 20000 46340 
7266.08 20000 46356 
7285.81 20000 46372 
7302.93 20000 46387 
7318.98 20000 46403 
7337.42 20000 46419 
7357.67 20000 46434 
7375.75 20000 46450 
7394.59 20000 46466 
7414.25 20000 46482 
7434.58 20000 46497 
7453.2 20000 46513 
7472.14 20000 46529 
7492.46 20000 46545 
7513.84 20000 46560 
7532.39 20000 46576 
7551.78 20000 46592 
7571.64 20000 46607 
7593.05 20000 46623 
7612.7 20000 46639 
7631.89 20000 46655 
7649.99 20000 46670 
7670.35 20000 46686 
7689.45 20000 46702 
7708.76 20000 46718 
7727.73 20000 46733 
7748.57 20000 46749 
7767.99 20000 46765 
7787.8 20000 46780 
7807.73 20000 46796 
7829.01 20000 46812 
7849.07 20000 46828 
7868.27 20000 46843 
7887.45 20000 46859 
7909.42 20000 46875 
7930.76 20000 46891 
7950.89 20000 46906 
7970.57 20000 46922 
7991.81 20000 46938 
8012.43 20000 46953 
8032.25 20000 46969 
8051.6 20000 46985 
8072.11 20000 47001 
8092.02 20000 47016 
8111.47 20000 47032 
8129.81 20000 47048 
8148.7 20000 47064 
8168.93 20000 47079 
8188.49 20000 47095 
8206.61 20000 47111 
8226.44 20000 47126 
8247.81 20000 47142 
8268.08 20000 47158 
8287.6 20000 47174 
8307.81 20000 47189 
8329.39 20000 47205 
8350.23 20000 47221 
8370.29 20000 47237 
8390.52 20000 47252 
8412.48 20000 47268 
8433.44 20000 47284 
8452.98 20000 47299 
8472.22 20000 47315 
8493.82 20000 47331 
8515.11 20000 47347 
8535.31 20000 47362 
8555.04 20000 47378 
8576.46 20000 47394 
8597.68 20000 47410 
8618.76 20000 47425 
8639.19 20000 47441 
8661.4 20000 47457 
8682.73 20000 47473 
8704.92 20000 47488 
8726.55 20000 47504 
8748.45 20000 47520 
8769.54 20000 47535 
8790.55 20000 47551 
8812.81 20000 47567 
8837.45 20000 47583 
8860.09 20000 47598 
8882.83 20000 47614 
8904.23 20000 47630 
8927.44 20000 47646 
8949.34 20000 47661 
8972.61 20000 47677 
8995.99 20000 47693 
9020.14 20000 47708 
9043.25 20000 47724 
9068.54 20000 47740 
9092.52 20000 47756 
9116.5 20000 47771 
9139.16 20000 47787 
9163.93 20000 47803 
9184.03 20000 47819 
9208.3 20000 47834 
9231.11 20000 47850 
9253.72 20000 47866 
9276.49 20000 47881 
9300.62 20000 47897 
9323.37 20000 47913 
9346.2 20000 47929 
9369.33 20000 47944 
9393.26 20000 47960 
9416.97 20000 47976 
9440.71 20000 47992 
9464.8 20000 48007 
9489.45 20000 48023 
9514.24 20000 48039 
9538.01 20000 48054 
9561.46 20000 48070 
9586 20000 48086 
9609.78 20000 48102 
9632.65 20000 48117 
9656.46 20000 48133 
9681.15 20000 48149 
9707.47 20000 48165 
9732.14 20000 48180 
9756.55 20000 48196 
9781.34 20000 48212 
9806.28 20000 48227 
9829.61 20000 48243 
9852.53 20000 48259 
9875.59 20000 48275 
9900.66 20000 48290 
9925.34 20000 48306 
9951.34 20000 48322 
9979.32 20000 48338 
10009.68 20000 48353 
10035.8 20000 48369 
10062.16 20000 48385 
10089.33 20000 48400 
10117.82 20000 48416 
10143.75 20000 48432 
10170.49 20000 48448 
10197.04 20000 48463 
10224.84 20000 48479 
10250.31 20000 48495 
10276.4 20000 48511 
10302.57 20000 48526 
10330.86 20000 48542 
10357.44 20000 48558 
10383.01 20000 48573 
10409.16 20000 48589 
10437.5 20000 48605 
10464.61 20000 48621 
10492.08 20000 48636 
10518.7 20000 48652 
10547.4 20000 48668 
10575.41 20000 48684 
10602.69 20000 48699 
10631.34 20000 48715 
10661.31 20000 48731 
10690.25 20000 48746 
10719.6 20000 48762 
10748.97 20000 48778 
10779.02 20000 48794 
10807.54 20000 48809 
10837.15 20000 48825 
10866.44 20000 48841 
10895.08 20000 48857 
10922.64 20000 48872 
10951.7 20000 48888 
10981.01 20000 48904 
11008.66 20000 48919 
11035.67 20000 48935 
11063.64 20000 48951 
11093.39 20000 48967 
11124.22 20000 48982 
11154.55 20000 48998 
11182.77 20000 49014 
11210.74 20000 49030 
11238.6 20000 49045 
11268.54 20000 49061 
11298.16 20000 49077 
11328.58 20000 49093 
11358.25 20000 49108 
11386.54 20000 49124 
11413.87 20000 49140 
11442.2 20000 49155 
11472.48 20000 49171 
11504.52 20000 49187 
11534.16 20000 49203 
11565.52 20000 49218 
11597.57 20000 49234 
11631.06 20000 49250 
11661.44 20000 49266 
11692.06 20000 49281 
11723.02 20000 49297 
11756.06 20000 49313 
11788.01 20000 49328 
11820.85 20000 49344 
11852.23 20000 49360 
11884.52 20000 49376 
11914.83 20000 49391 
11946.6 20000 49407 
11978.13 20000 49423 
12010.91 20000 49439 
12042.95 20000 49454 
12076.94 20000 49470 
12111.22 20000 49486 
12146.58 20000 49501 
12179.31 20000 49517 
12211.73 20000 49533 
12243.81 20000 49549 
12278.2 20000 49564 
12310.57 20000 49580 
12342.51 20000 49596 
12375.25 20000 49612 
12410.19 20000 49627 
12444.77 20000 49643 
12477.31 20000 49659 
12510.22 20000 49674 
12546.97 20000 49690 
12583.76 20000 49706 
12621.81 20000 49722 
12661.61 20000 49737 
12701.87 20000 49753 
12740.93 20000 49769 
12776.69 20000 49785 
12811.89 20000 49800 
12849.29 20000 49816 
12887.04 20000 49832 
12922.06 20000 49848 
12956.42 20000 49863 
12989.47 20000 49879 
13012.86 20000 49895 
12973.87 20000 49910 
12938.6 20000 49926 
12985.82 20000 49942 
13039.88 20000 49958 
13086.3 20000 49973 
13129.3 20000 49989 
13170.57 20000 50005 
13212.83 20000 50021 
13251.7 20000 50036 
13289.63 20000 50052 
13328.49 20000 50068 
13367.71 20000 50083 
13405.37 20000 50099 
13443.97 20000 50115 
13481.07 20000 50131 
13519.95 20000 50146 
13559.52 20000 50162 
13599.84 20000 50178 
13638.75 20000 50194 
13679.87 20000 50209 
13718.33 20000 50225 
13756.37 20000 50241 
13793.92 20000 50256 
13834.73 20000 50272 
13875.17 20000 50288 
13915.01 20000 50304 
13953.13 20000 50319 
13991.53 20000 50335 
14027.43 20000 50351 
14063.2 20000 50367 
14099.93 20000 50382 
14140.11 20000 50398 
14180.2 20000 50414 
14221.33 20000 50429 
14260.19 20000 50445 
14298.57 20000 50461 
14336.9 20000 50477 
14377.38 20000 50492 
14418.2 20000 50508 
14458.43 20000 50524 
14496.17 20000 50540 
14532.65 20000 50555 
14571.02 20000 50571 
14610.33 20000 50587 
14650.87 20000 50602 
14691.62 20000 50618 
14731.39 20000 50634 
14772.13 20000 50650 
14813.97 20000 50665 
14855.63 20000 50681 
14895.4 20000 50697 
14933.9 20000 50713 
14973.96 20000 50728 
15014.8 20000 50744 
15054.83 20000 50760 
15095.16 20000 50775 
15136.09 20000 50791 
15175.69 20000 50807 
15216.47 20000 50823 
15258.4 20000 50838 
15300.64 20000 50854 
15342.4 20000 50870 
15384.59 20000 50886 
15427.29 20000 50901 
15469.67 20000 50917 
15510.58 20000 50933 
15552.82 20000 50948 
15594.74 20000 50964 
15636.89 20000 50980 
15676.83 20000 50996 
15718.16 20000 51011 
15758.54 20000 51027 
15800.36 20000 51043 
15839.34 20000 51059 
15879.24 20000 51074 
15918.98 20000 51090 
15960.08 20000 51106 
15999.85 20000 51122 
16040.49 20000 51137 
16080.88 20000 51153 
16123.87 20000 51169 
16166.06 20000 51184 
16210.17 20000 51200 
16254.5 20000 51216 
16298.74 20000 51232 
16340.39 20000 51247 
16381.81 20000 51263 
16422.41 20000 51279 
16465.53 20000 51295 
16506.05 20000 51310 
16546.83 20000 51326 
16587.75 20000 51342 
16630.92 20000 51358 
16671.75 20000 51373 
16712.71 20000 51389 
16753.66 20000 51405 
16795.59 20000 51420 
16836.42 20000 51436 
16876.38 20000 51452 
16917.6 20000 51468 
16961.42 20000 51483 
17004.89 20000 51499 
17047.37 20000 51515 
17089.69 20000 51531 
17135.41 20000 51546 
17184.42 20000 51562 
17233.98 20000 51578 
17282.07 20000 51593 
17324.52 20000 51609 
17362.4 20000 51625 
17397.51 20000 51641 
17436.08 20000 51656 
17479.95 20000 51672 
17525.89 20000 51688 
17570.45 20000 51704 
17616.47 20000 51719 
17665.16 20000 51735 
17714.15 20000 51751 
17757.65 20000 51766 
17798.78 20000 51782 
17841.06 20000 51798 
17886.57 20000 51814 
17931.92 20000 51829 
17978.78 20000 51845 
18024.21 20000 51861 
18070.15 20000 51877 
18112.39 20000 51892 
18154.84 20000 51908 
18196.18 20000 51924 
18240.6 20000 51939 
18283.74 20000 51955 
18328.25 20000 51971 
18373.56 20000 51987 
18420.77 20000 52002 
18464.85 20000 52018 
18510.13 20000 52034 
18554.47 20000 52050 
18601.03 20000 52065 
18647.95 20000 52081 
18696.96 20000 52097 
18744.71 20000 52113 
18793.35 20000 52128 
18840.27 20000 52144 
18889.25 20000 52160 
18937.13 20000 52175 
18984.03 20000 52191 
19025.56 20000 52207 
19067.74 20000 52223 
19111.72 20000 52238 
19159.11 20000 52254 
19207.1 20000 52270 
19255.08 20000 52286 
19300.8 20000 52301 
19347.57 20000 52317 
19395.03 20000 52333 
19442.8 20000 52348 
19489.96 20000 52364 
19537.66 20000 52380 
19586.29 20000 52396 
19633.96 20000 52411 
19683.28 20000 52427 
19732.23 20000 52443 
19781.85 20000 52459 
19832.27 20000 52474 
19883.31 20000 52490 
19933.8 20000 52506 
19984.55 20000 52521 
20034.32 20000 52537 
20083.38 20000 52553 
20131.47 20000 52553 
20156.49 20000 52553 
20106.04 20000 52553 
20032.33 20000 52553 
19968.34 20000 52553 
19911.35 20000 52553 
19859.84 20000 52553 
19812.84 20000 52553 
19765.21 20000 52553 
19717 20000 52553 
19675.11 20000 52553 
19636.48 20000 52553 
19600.34 20000 52553 
19566.12 20000 52553 
19533.19 20000 52553 
19501.65 20000 52553 
19470.88 20000 52553 
19441.38 20000 52553 
19413.09 20000 52553 
19385.88 20000 52553 
19359.11 20000 52553 
19333.16 20000 52553 
19307.65 20000 52553 
19282.91 20000 52553 
19258.88 20000 52553 
19235.56 20000 52553 
19212.61 20000 52553 
19190.36 20000 52553 
19168.2 20000 52553 
19146.84 20000 52553 
19125.97 20000 52553 
19105.64 20000 52553 
19085.68 20000 52553 
19065.94 20000 52553 
19047.06 20000 52553 
19028.24 20000 52553 
19009.83 20000 52553 
18991.64 20000 52553 
18973.25 20000 52553 
18955.1 20000 52553 
18920.37 20000 52553 
18903.13 20000 52553 
18886 20000 52553 
18869.12 20000 52553 
18852.96 20000 52553 
18837.02 20000 52553 
18821.42 20000 52553 
18805.58 20000 52553 
18790.1 20000 52553 
18775 20000 52553 
18760.25 20000 52553 
18745.51 20000 52553 
18731.08 20000 52553 
18716.92 20000 52553 
18702.79 20000 52553 
18688.68 20000 52553 
18674.77 20000 52553 
18660.91 20000 52553 
18647.01 20000 52553 
18633.57 20000 52553 
18620.06 20000 52553 
18608.16 20000 52553 
18597.34 20000 52553 
18581.14 20000 52553 
18566.99 20000 52553 
18557.43 20000 52553 
18545.35 20000 52553 
18530.43 20000 52553 
18517.97 20000 52553 
18503.24 20000 52553 
18487.95 20000 52553 
18472.28 20000 52553 
18460.49 20000 52553 
18453.65 20000 52553 
18447.16 20000 52553 
18437 20000 52553 
18425.11 20000 52553 
18414.81 20000 52553 
18402.7 20000 52553 
18391.11 20000 52553 
18380.35 20000 52553 
18369.02 20000 52553 
18355.57 20000 52553 
18344.32 20000 52553 
18325.19 20000 52553 
18296.13 20000 52553 
18314.88 20000 52553 
18322.16 20000 52553 
18309.57 20000 52553 
18290.48 20000 52553 
18274.18 20000 52553 
18266.23 20000 52553 
18264.45 20000 52553 
18248.76 20000 52553 
18236.59 20000 52553 
18222.97 20000 52553 
18199.58 20000 52553 
18182.53 20000 52553 
18184.97 20000 52553 
18176.35 20000 52553 
18157.4 20000 52553 
18149.06 20000 52553 
18140.43 20000 52553 
18124.46 20000 52553 
18125.7 20000 52553 
18130.42 20000 52553 
18110.67 20000 52553 
18091.19 20000 52553 
18078.81 20000 52553 
18063.92 20000 52553 
18063.74 20000 52553 
18080.15 20000 52553 
18087.21 20000 52553 
18074.1 20000 52553 
18063.15 20000 52553 
18050.79 20000 52553 
18051.05 20000 52553 
18042.35 20000 52553 
18030.67 20000 52553 
18019.18 20000 52553 
18003.11 20000 52553 
17992.12 20000 52553 
17980.67 20000 52553 
17976.78 20000 52553 
17979.47 20000 52553 
17964.14 20000 52553 
17944.55 20000 52553 
17935.54 20000 52553 
17939.81 20000 52553 
17953.45 20000 52553 
17949.9 20000 52553 
17934.59 20000 52553 
17911.8 20000 52553 
17897.58 20000 52553 
17892 20000 52553 
17896.25 20000 52553 
17896.7 20000 52553 
17866.46 20000 52553 
17852.11 20000 52553 
17845.26 20000 52553 
17836.45 20000 52553 
17834.23 20000 52553 
17818.97 20000 52553 
17833.18 20000 52553 
17841.45 20000 52553 
17832.32 20000 52553 
17823.22 20000 52553 
17814.26 20000 52553 
17805.4 20000 52553 
17796.9 20000 52553 
17788.57 20000 52553 
17780.86 20000 52553 
17772.84 20000 52553 
17765.47 20000 52553 
17757.94 20000 52553 
17751.02 20000 52553 
17744.38 20000 52553 
17737.7 20000 52553 
17730.73 20000 52553 
17723.8 20000 52553 
17716.98 20000 52553 
17710.28 20000 52553 
17703.38 20000 52553 
17696.76 20000 52553 
17690.84 20000 52553 
17684.94 20000 52553 
17678.94 20000 52553 
17673.12 20000 52553 
17666.89 20000 52553 
17660.74 20000 52553 
17654.24 20000 52553 
17647.82 20000 52553 
17641.51 20000 52553 
17635.33 20000 52553 
17628.98 20000 52553 
17622.83 20000 52553 
17616.48 20000 52553 
17610.12 20000 52553 
17603.64 20000 52553 
17597 20000 52553 
17590.59 20000 52553 
17584.34 20000 52553 
17578.14 20000 52553 
17572.29 20000 52553 
17566.45 20000 52553 
17560.18 20000 52553 
17554.43 20000 52553 
17548.25 20000 52553 
17541.9 20000 52553 
17536.29 20000 52553 
17530.85 20000 52553 
17525.08 20000 52553 
17519.48 20000 52553 
17513.85 20000 52553 
17508.11 20000 52553 
17502.58 20000 52553 
17497 20000 52553 
17491.29 20000 52553 
17485.71 20000 52553 
17479.9 20000 52553 
17474.53 20000 52553 
17469.11 20000 52553 
17463.58 20000 52553 
17457.91 20000 52553 
17452.46 20000 52553 
17446.84 20000 52553 
17441.29 20000 52553 
17436.03 20000 52553 
17430.33 20000 52553 
17425.03 20000 52553 
17419.51 20000 52553 
17413.94 20000 52553 
17408.56 20000 52553 
17403.15 20000 52553 
17397.66 20000 52553 
17392.13 20000 52553 
17386.7 20000 52553 
17381.47 20000 52553 
17376.35 20000 52553 
17370.88 20000 52553 
17365.54 20000 52553 
17359.95 20000 52553 
17354.33 20000 52553 
17348.99 20000 52553 
17343.83 20000 52553 
17338.56 20000 52553 
17333.13 20000 52553 
17328.07 20000 52553 
17323.2 20000 52553 
17318.04 20000 52553 
17314.78 20000 52553 
17310.47 20000 52553 
17305.23 20000 52553 
17301.41 20000 52553 
17297.88 20000 52553 
17296.95 20000 52553 
17293.94 20000 52553 
17287.39 20000 52553 
17270.39 20000 52553 
17257.5 20000 52553 
17253.11 20000 52553 
17248.67 20000 52553 
17254.99 20000 52553 
17266.61 20000 52553 
17267.77 20000 52553 
17253.04 20000 52553 
17255.75 20000 52553 
17247.73 20000 52553 
17217.32 20000 52553 
17204.12 20000 52553 
17226.58 20000 52553 
17211.86 20000 52553 
17186.94 20000 52553 
17197.12 20000 52553 
17195.06 20000 52553 
17183.12 20000 52553 
17186.06 20000 52553 
17192.81 20000 52553 
17203.39 20000 52553 
17206.21 20000 52553 
17199.47 20000 52553 
17214.52 20000 52553 
17201.27 20000 52553 
17202.18 20000 52553 
17218.91 20000 52553 
17242.51 20000 52553 
17268.26 20000 52553 
17248.89 20000 52553 
17225.83 20000 52553 
17214.11 20000 52553 
17199.03 20000 52553 
17218.14 20000 52553 
17217.83 20000 52553 
17230.02 20000 52553 
17252.78 20000 52553 
17238.32 20000 52553 
17206.78 20000 52553 
17154.81 20000 52553 
17085.56 20000 52553 
17071.25 20000 52553 
17092.52 20000 52553 
17107.67 20000 52553 
17106.28 20000 52553 
17102.98 20000 52553 
17095.87 20000 52553 
17091.37 20000 52553 
17087.04 20000 52553 
17083.85 20000 52553 
17079.68 20000 52553 
17073.16 20000 52553 
17067.65 20000 52553 
17062.83 20000 52553 
17058.18 20000 52553 
17054.03 20000 52553 
17049.56 20000 52553 
17045.06 20000 52553 
17040.66 20000 52553 
17036.14 20000 52553 
17031.05 20000 52553 
17026.36 20000 52553 
17013.6 20000 52553 
16975.09 20000 52553 
16929.91 20000 52553 
16895.02 20000 52553 
16869.23 20000 52553 
16845.91 20000 52553 
16822.21 20000 52553 
16800.15 20000 52553 
16780.22 20000 52553 
16761.86 20000 52553 
16745.27 20000 52553 
16730.42 20000 52553 
16719.13 20000 52553 
16711.28 20000 52553 
16703.6 20000 52553 
16695.67 20000 52553 
16688.14 20000 52553 
16680.95 20000 52553 
16673.76 20000 52553 
16666.95 20000 52553 
16660.31 20000 52553 
16653.71 20000 52553 
16647.2 20000 52553 
16640.82 20000 52553 
16634.22 20000 52553 
16627.69 20000 52553 
16620.77 20000 52553 
16614.06 20000 52553 
16607.95 20000 52553 
16601.53 20000 52553 
16595.09 20000 52553 
16588.88 20000 52553 
16583.25 20000 52553 
16577.12 20000 52553 
16571.14 20000 52553 
16564.61 20000 52553 
16558.58 20000 52553 
16552.62 20000 52553 
16546.34 20000 52553 
16540.04 20000 52553 
16533.88 20000 52553 
16527.96 20000 52553 
16521.97 20000 52553 
16516.13 20000 52553 
16510.17 20000 52553 
16504.15 20000 52553 
16498.64 20000 52553 
16492.89 20000 52553 
16487.04 20000 52553 
16481.62 20000 52553 
16476.18 20000 52553 
16470.6 20000 52553 
16465.1 20000 52553 
16459.7 20000 52553 
16454.29 20000 52553 
16449.04 20000 52553 
16443.66 20000 52553 
16438.42 20000 52553 
16433.21 20000 52553 
16427.85 20000 52553 
16422.48 20000 52553 
16417.47 20000 52553 
16412.39 20000 52553 
16407.2 20000 52553 
16402.21 20000 52553 
16397.13 20000 52553 
16392.35 20000 52553 
16388.68 20000 52553 
16383.75 20000 52553 
16380.77 20000 52553 
16375.29 20000 52553 
16371.33 20000 52553 
16365.96 20000 52553 
16361.51 20000 52553 
16357.44 20000 52553 
16353.07 20000 52553 
16343.91 20000 52553 
16339.25 20000 52553 
16335.14 20000 52553 
16330.78 20000 52553 
16326.4 20000 52553 
16321.89 20000 52553 
16317.09 20000 52553 
16312.74 20000 52553 
16308.67 20000 52553 
16305.92 20000 52553 
16300.66 20000 52553 
16295.92 20000 52553 
16292.14 20000 52553 
16288.84 20000 52553 
16285.33 20000 52553 
16281.12 20000 52553 
16276.65 20000 52553 
16272.44 20000 52553 
16266.24 20000 52553 
16261.84 20000 52553 
16256.93 20000 52553 
16252.25 20000 52553 
16248.73 20000 52553 
16244.89 20000 52553 
16241.59 20000 52553 
16237.97 20000 52553 
16234.65 20000 52553 
16230.41 20000 52553 
16227.91 20000 52553 
16224 20000 52553 
16221.89 20000 52553 
16217.42 20000 52553 
16214.55 20000 52553 
16210.1 20000 52553 
16209.03 20000 52553 
16203.68 20000 52553 
16199.69 20000 52553 
16197.14 20000 52553 
16195.8 20000 52553 
16191.36 20000 52553 
16186.33 20000 52553 
16185.5 20000 52553 
16178.97 20000 52553 
16176.89 20000 52553 
16174.6 20000 52553 
16170.62 20000 52553 
16166.67 20000 52553 
16164.23 20000 52553 
16160.84 20000 52553 
16157.24 20000 52553 
16153.86 20000 52553 
16150.26 20000 52553 
16146.4 20000 52553 
16143.9 20000 52553 
16139.31 20000 52553 
16135.89 20000 52553 
16132.05 20000 52553 
16129.42 20000 52553 
16126.74 20000 52553 
16122.68 20000 52553 
16118.37 20000 52553 
16115.24 20000 52553 
16111.58 20000 52553 
16108.3 20000 52553 
16105.08 20000 52553 
16101.47 20000 52553 
16097.98 20000 52553 
16094.83 20000 52553 
16091.68 20000 52553 
16088.32 20000 52553 
16084.96 20000 52553 
16081.46 20000 52553 
16077.98 20000 52553 
16074.9 20000 52553 
16071.29 20000 52553 
16067.84 20000 52553 
16064.75 20000 52553 
16061.49 20000 52553 
16058.08 20000 52553 
16054.94 20000 52553 
16051.54 20000 52553 
16048.79 20000 52553 
16045.65 20000 52553 
16042.37 20000 52553 
16039.15 20000 52553 
16036.25 20000 52553 
16032.67 20000 52553 
16029.47 20000 52553 
16026.32 20000 52553 
16023.27 20000 52553 
